-1.425367e+00,-1.280525e+00,2.664614e+00,-6.526630e-01,-1.786110e+00,1.960270e+00,-6.279835e-01,1.541860e+00,-2.302906e+00,5.818841e-01
-1.669320e-02,-3.784136e+00,-1.161806e+00,4.712056e-01,-1.483643e-04,-1.281578e-03,3.412381e-03,-1.666396e-03,2.642500e+00,1.786247e+00
-4.828799e-01,-2.766750e-01,5.860480e+00,1.050917e+00,-1.186017e+00,3.970003e+00,-5.905344e-01,4.070188e+00,8.468792e-01,2.820161e+00
-3.992123e-01,2.188212e+00,1.491118e+00,2.195857e+00,3.792194e-01,1.798121e+00,4.176800e-01,1.776012e+00,2.899633e+00,-1.862032e+00
-2.687189e-02,-3.198787e+00,3.368197e+00,-3.164322e+00,6.058549e-04,2.489559e-03,2.525419e-04,-5.122987e-03,-7.191716e-01,1.378412e+00
7.892383e+00,3.920357e+00,6.440034e+00,-1.876255e-01,2.023731e+00,-6.929473e+00,-9.597366e-01,-7.930214e+00,-3.773928e+00,1.406191e+00
1.182393e-02,4.963590e+00,-4.510432e-01,2.565765e+00,-4.124730e-04,4.851074e-03,-1.114981e-03,3.266930e-03,-5.956219e-01,-1.506766e-01
1.248606e-02,2.718146e+00,2.273211e+00,1.950634e+00,5.755906e-04,-1.450451e-03,1.841242e-03,-1.319257e-03,4.056801e-02,-4.811310e+00
1.580565e+00,9.548010e-01,1.323946e+00,-1.601453e+00,-3.843041e-01,2.456283e+00,-1.760074e-01,4.528199e-01,-3.938196e-01,-3.880257e+00
-2.065676e+00,-1.879488e+00,1.935544e+00,-1.657241e+00,-5.096089e-01,-7.382146e-01,3.829522e-01,8.353768e-02,-3.265199e-01,3.801072e+00
