-1.425909e+00,-3.708990e+00,-3.695799e-01,-2.057126e+00,-1.790196e+00,1.962045e+00,-6.287391e-01,1.541614e+00,-5.250075e+00,1.511545e+00
1.451635e-02,1.527399e+00,3.205027e+00,-1.882141e+00,5.069163e-04,-1.084814e-03,1.258077e-03,-5.424454e-04,-1.459383e-01,7.601521e+00
-4.561541e-01,7.794128e-01,-9.704768e-01,4.860813e+00,-1.184264e+00,3.971066e+00,-5.919148e-01,4.060037e+00,-3.691914e+00,5.066481e+00
-4.397877e-01,-2.842480e+00,-3.964750e+00,-4.293388e+00,3.801803e-01,1.798186e+00,4.145606e-01,1.785642e+00,2.616667e+00,2.206578e+00
8.271227e-03,4.477221e+00,-1.734000e+00,-1.818609e+00,2.411408e-04,-6.500287e-04,1.771720e-03,-3.788720e-03,-1.886972e-01,-1.966032e+00
7.912285e+00,9.754327e-01,-1.378173e+00,-4.266677e+00,2.025863e+00,-6.927248e+00,-9.587667e-01,-7.919620e+00,-2.880544e+00,-7.962690e-01
-3.753534e-03,2.152771e+00,1.019807e+00,4.966683e+00,-3.760050e-04,-1.242422e-03,-1.817238e-03,-2.727842e-04,-2.587400e+00,-2.444416e+00
4.956638e-03,1.143705e+00,1.978475e+00,-2.258223e+00,1.433258e-03,-5.478699e-04,1.361807e-03,-4.687003e-03,-1.785705e+00,1.499724e+00
1.545128e+00,-3.807495e-01,6.238896e-01,-9.887025e-01,-3.848454e-01,2.460647e+00,-1.725244e-01,4.614157e-01,-3.184417e+00,4.968741e-01
-2.067215e+00,2.941151e+00,-8.240559e-01,1.731050e+00,-5.096550e-01,-7.392925e-01,3.819830e-01,8.691432e-02,-1.254040e-01,-1.959917e-01
