-1.446142e+00,2.005618e+00,1.712749e+00,3.814294e-01,-1.787466e+00,1.961331e+00,-6.276166e-01,1.544888e+00,-3.083743e+00,5.236157e-01
-8.085662e-03,8.058775e-01,-8.648736e-01,6.904691e+00,1.451518e-03,-1.000949e-03,2.640159e-03,1.337426e-03,5.147313e+00,-4.526109e+00
-4.374087e-01,-3.277658e+00,-2.175010e-01,-1.686217e+00,-1.185123e+00,3.972197e+00,-5.896826e-01,4.066566e+00,-1.609534e+00,4.333110e+00
-4.092987e-01,3.049726e-01,3.142527e+00,3.049494e+00,3.768919e-01,1.795413e+00,4.162160e-01,1.789152e+00,-4.941480e+00,-1.387204e+00
1.274930e-02,4.937203e+00,-3.495516e+00,3.454719e-01,2.963385e-04,3.686241e-03,1.300661e-03,-7.027439e-03,-2.386654e+00,-1.677776e+00
7.886532e+00,-3.066430e+00,2.203180e+00,1.008076e+00,2.023875e+00,-6.932493e+00,-9.620293e-01,-7.927053e+00,-1.120662e+00,3.217753e+00
-1.416760e-02,1.525369e+00,-2.632188e+00,2.836426e-01,-2.968922e-04,2.756939e-03,2.660382e-04,-4.266693e-03,-1.428737e+00,-5.309543e+00
-1.300749e-02,-3.807507e+00,2.781512e+00,2.732077e+00,-1.542043e-04,-1.125673e-03,2.031339e-03,-6.590046e-03,4.310734e-01,3.507139e+00
1.574298e+00,-2.313367e+00,6.214168e-03,-1.755390e+00,-3.854679e-01,2.462129e+00,-1.765572e-01,4.550496e-01,5.202927e+00,1.604557e+00
-2.055040e+00,-1.183923e+00,-6.514424e+00,-9.347552e-01,-5.081000e-01,-7.380488e-01,3.778120e-01,8.175111e-02,4.006618e-02,5.464480e+00
