-1.444003e+00,-5.102471e-01,-3.362219e+00,2.169322e+00,-1.787671e+00,1.960476e+00,-6.298538e-01,1.544437e+00,8.472115e-02,-7.833814e-03
-5.948803e-04,-2.207273e-01,2.179565e+00,-7.370566e-01,-1.384282e-03,-1.493592e-03,1.750988e-03,-2.253849e-03,-2.213982e+00,-2.367169e-02
-4.655448e-01,3.131910e+00,4.624903e-01,1.669939e+00,-1.183175e+00,3.973981e+00,-5.912563e-01,4.064377e+00,-3.443199e+00,1.841129e-01
-4.362248e-01,-6.394435e-01,-1.560824e+00,1.256723e+00,3.805633e-01,1.793257e+00,4.173561e-01,1.786481e+00,1.675945e+00,-4.263427e+00
4.959505e-02,3.925760e-01,1.236472e+00,-5.173662e+00,-1.167054e-03,1.536344e-03,-9.916002e-04,1.851293e-03,1.844948e+00,2.501406e+00
7.918355e+00,-3.400618e+00,7.490607e-01,-3.525500e+00,2.024744e+00,-6.928049e+00,-9.592515e-01,-7.936920e+00,-5.087841e-01,2.652127e+00
-2.160394e-02,1.746844e+00,-7.190352e-01,3.009343e+00,4.339489e-04,1.988530e-03,9.888936e-04,1.128652e-03,-4.641222e+00,3.676167e+00
9.900141e-03,-3.141401e+00,-2.721268e+00,-3.163305e-01,6.934986e-04,-2.443494e-03,1.256116e-03,-5.728133e-03,-1.044711e+00,1.404197e-01
1.507452e+00,4.174379e-01,3.610507e+00,1.685436e+00,-3.851675e-01,2.457349e+00,-1.763241e-01,4.577358e-01,-8.645541e-01,1.335327e+00
-2.074254e+00,7.955889e-01,1.053261e+00,5.106553e+00,-5.066581e-01,-7.398902e-01,3.779256e-01,7.947386e-02,9.259272e-01,1.672672e+00
