-1.398985e+00,1.362147e+00,9.675067e-01,-9.955009e-01,-1.787164e+00,1.960689e+00,-6.303792e-01,1.538425e+00,1.776745e+00,1.903787e+00
1.114452e-02,1.209430e+00,2.692718e+00,-1.682049e+00,-1.666163e-03,1.326145e-03,1.781460e-03,1.012575e-02,-5.053980e+00,4.595111e+00
-4.921455e-01,2.874966e+00,2.975650e+00,-6.185653e-01,-1.188208e+00,3.968554e+00,-5.932905e-01,4.063785e+00,2.434916e-01,-7.337231e-01
-4.355570e-01,2.446560e+00,-3.309962e+00,5.486866e-01,3.783005e-01,1.802049e+00,4.165147e-01,1.780560e+00,8.481066e-01,-4.772893e+00
2.462283e-03,2.940260e+00,1.654022e+00,1.970503e+00,1.267607e-03,-8.684811e-04,-1.100198e-03,-1.467170e-03,1.283903e-01,2.108977e+00
7.894919e+00,-4.260064e+00,-1.199616e+00,1.948314e+00,2.021024e+00,-6.930293e+00,-9.648661e-01,-7.923680e+00,4.901024e-01,5.808677e+00
9.730531e-03,7.589655e-01,2.883044e+00,3.140498e+00,-1.535367e-04,-4.596780e-04,1.652739e-04,2.311459e-04,-2.523771e+00,3.432942e+00
8.869381e-03,-2.406382e+00,2.546533e-01,1.467552e+00,1.638024e-03,4.184539e-04,2.115868e-03,-1.207694e-02,2.016434e-01,-4.560760e+00
1.559209e+00,-1.340121e-01,-7.219099e-01,4.945684e+00,-3.844332e-01,2.459177e+00,-1.751313e-01,4.496380e-01,-9.570612e-01,-1.057392e+00
-2.042077e+00,-4.237286e+00,-1.444321e+00,1.767009e+00,-5.076653e-01,-7.378285e-01,3.807350e-01,8.815656e-02,1.352585e+00,1.953391e+00
