-1.439490e+00,1.943806e+00,-2.429656e+00,6.890721e-01,-1.788036e+00,1.959734e+00,-6.289574e-01,1.541235e+00,-2.029961e+00,8.770601e-01
4.807045e-02,5.163785e-01,7.987656e-01,2.716267e+00,-1.077513e-03,3.080745e-03,3.028596e-03,-3.136031e-03,5.294964e-01,5.156446e-01
-4.466556e-01,1.083241e+00,-1.643564e+00,3.125331e+00,-1.186165e+00,3.971838e+00,-5.928222e-01,4.055696e+00,-2.528318e+00,-2.596245e-01
-4.515197e-01,1.027146e+00,-1.214777e+00,3.000298e+00,3.799623e-01,1.797012e+00,4.182329e-01,1.781399e+00,-4.558403e+00,4.266079e+00
5.158591e-03,-2.908412e+00,2.729571e+00,-8.213894e-01,3.690957e-04,1.884943e-03,-4.346351e-04,5.444552e-03,4.023966e+00,5.109701e-02
7.860391e+00,-3.991282e+00,-1.628688e+00,-3.110304e+00,2.022009e+00,-6.926983e+00,-9.634764e-01,-7.924345e+00,2.697082e+00,1.134317e+00
3.633382e-03,5.627004e+00,-4.053724e+00,-1.239708e+00,-1.780552e-03,-3.018753e-03,-8.295242e-04,-1.555344e-03,-2.691167e-01,2.867464e+00
1.690162e-04,1.041020e+00,3.635217e+00,7.530663e-01,2.451541e-03,1.017503e-03,1.010961e-03,-1.061422e-02,-2.000347e+00,3.920853e+00
1.564244e+00,5.585622e+00,-1.943640e+00,-1.329204e+00,-3.841684e-01,2.457976e+00,-1.734530e-01,4.517928e-01,1.785651e-01,-1.914785e+00
-2.045070e+00,-4.673279e+00,-1.245841e+00,-3.386253e-02,-5.083802e-01,-7.372410e-01,3.771383e-01,8.977685e-02,4.461569e+00,3.006903e+00
