-1.418587e+00,1.316185e+00,5.160635e+00,2.811186e+00,-1.788849e+00,1.961900e+00,-6.284091e-01,1.545808e+00,3.514815e+00,1.178708e+00
-1.826258e-03,2.149002e+00,1.572154e+00,-1.542989e+00,-1.174604e-03,2.647397e-03,-1.103386e-03,-3.240105e-04,-2.228264e+00,3.449737e+00
-4.879747e-01,5.698290e+00,4.367118e+00,5.130017e-01,-1.186391e+00,3.972438e+00,-5.913403e-01,4.056366e+00,-3.197277e-01,3.442658e+00
-3.641824e-01,-2.175012e-01,-4.953021e+00,-5.652312e+00,3.773968e-01,1.799681e+00,4.210193e-01,1.790256e+00,3.153319e+00,-2.364850e+00
1.604662e-02,-1.429791e-01,4.494646e+00,2.626045e+00,-1.953080e-04,2.012754e-03,1.320882e-03,3.042977e-03,2.882351e+00,-5.001480e-02
7.898572e+00,-9.250980e-01,5.374303e-01,3.310811e-01,2.023663e+00,-6.928364e+00,-9.657492e-01,-7.923392e+00,2.423889e-01,4.332148e+00
-2.439951e-02,-2.615384e+00,2.550911e+00,6.682424e-01,-9.712694e-04,-4.945018e-03,-1.841231e-04,-1.804381e-03,1.666952e+00,-6.731313e+00
-4.494741e-03,5.863496e+00,-1.905474e+00,-8.212718e-01,9.455223e-04,1.706309e-03,2.562743e-03,-3.963707e-03,7.947248e-01,-2.455596e-01
1.585638e+00,-2.990664e+00,1.661500e+00,4.854219e-01,-3.847322e-01,2.462827e+00,-1.753746e-01,4.516854e-01,2.335332e+00,1.154323e-02
-2.069194e+00,-1.639039e+00,-2.097650e+00,-4.429108e+00,-5.088279e-01,-7.365529e-01,3.796046e-01,8.563282e-02,3.572516e-01,7.027420e+00
