-1.455602e+00,2.415418e+00,-1.632888e+00,1.924692e-01,-1.788006e+00,1.966323e+00,-6.273843e-01,1.548166e+00,-1.538967e+00,-2.056395e+00
3.258687e-03,3.886845e+00,-1.903845e+00,-2.734991e+00,8.800614e-04,1.545232e-03,1.525108e-04,-1.962048e-03,-1.175836e+00,1.100114e+00
-4.742328e-01,-4.909047e+00,-2.690287e+00,-4.103843e-01,-1.185413e+00,3.976921e+00,-5.943246e-01,4.054287e+00,3.938458e-03,-4.489076e-01
-4.209899e-01,-3.078007e+00,2.746188e+00,9.968370e-02,3.763642e-01,1.802910e+00,4.154972e-01,1.780523e+00,6.135251e+00,-2.793535e+00
2.990990e-02,7.389353e-02,-3.011607e-02,2.366497e+00,1.993144e-03,-2.811471e-04,-3.029012e-04,8.133419e-04,2.317607e+00,2.986032e+00
7.878224e+00,2.774148e+00,-1.075972e+00,-2.142338e+00,2.023185e+00,-6.928956e+00,-9.548450e-01,-7.929502e+00,-3.488614e+00,-3.723119e+00
-3.073849e-02,8.554445e-01,-3.704695e-01,-1.745132e+00,8.625378e-04,3.459776e-03,-1.035188e-03,2.993203e-03,-1.102655e+00,-1.878746e+00
4.779047e-02,6.052033e-01,1.530540e+00,-2.821846e+00,6.231605e-04,-3.734337e-03,1.637528e-03,-3.148064e-03,-4.093651e+00,8.580952e-01
1.547588e+00,1.279301e+00,-2.333496e+00,1.476377e-02,-3.849764e-01,2.460838e+00,-1.755804e-01,4.485225e-01,-2.494170e+00,-2.291829e+00
-2.029525e+00,-7.280207e+00,1.677735e+00,3.608139e-01,-5.074292e-01,-7.390728e-01,3.768493e-01,8.936674e-02,3.424131e+00,-3.490256e+00
