-1.438345e+00,-2.363496e-01,-3.293196e+00,-3.498334e+00,-1.789245e+00,1.962759e+00,-6.309762e-01,1.543975e+00,-1.048535e+00,-1.180038e+00
8.462774e-04,-2.583486e+00,-5.158393e+00,1.779467e+00,9.885507e-04,-4.162064e-03,-6.707405e-04,-1.443325e-03,1.288717e+00,-1.261136e+00
-4.338251e-01,1.211412e+00,7.013101e-03,-3.007155e+00,-1.184834e+00,3.973459e+00,-5.930470e-01,4.058063e+00,-9.284627e-01,8.256716e-02
-4.142542e-01,3.645871e-01,9.547310e-01,1.053899e+00,3.802470e-01,1.797900e+00,4.166872e-01,1.774578e+00,-2.882964e+00,2.127214e+00
3.525741e-02,1.610518e+00,-9.623792e-02,7.004447e-01,4.304285e-04,6.182282e-04,5.788523e-04,-2.977496e-03,-4.681360e-01,1.925096e-01
7.874009e+00,1.417387e+00,-3.009783e+00,-1.213918e+00,2.022892e+00,-6.930476e+00,-9.612495e-01,-7.925779e+00,2.004354e+00,-3.440173e+00
8.553574e-03,-2.897093e-01,1.756974e-01,-4.099267e+00,2.840723e-04,2.706843e-04,1.029626e-04,-2.087220e-03,-1.682396e+00,5.196658e+00
2.615932e-02,5.127737e-01,1.743827e+00,2.515313e+00,1.142368e-03,2.356900e-03,4.586360e-03,-8.423042e-03,6.361660e-01,-5.477845e-01
1.567506e+00,2.408507e+00,-3.383872e+00,-2.192215e+00,-3.840879e-01,2.461545e+00,-1.708373e-01,4.504296e-01,1.762222e+00,2.006164e+00
-2.041366e+00,1.224504e+00,2.311253e+00,-2.268803e+00,-5.090471e-01,-7.402681e-01,3.800031e-01,8.711482e-02,-2.700388e+00,-4.827226e+00
