-1.431908e+00,1.751250e+00,1.887098e-01,-9.092263e-01,-1.788577e+00,1.962914e+00,-6.291768e-01,1.542467e+00,7.222882e-01,9.409602e-01
-2.459935e-02,2.096752e-01,-1.046861e-01,3.178588e+00,-2.482002e-04,6.190404e-04,3.233206e-03,3.555051e-03,-1.043189e+00,-3.175899e+00
-4.711344e-01,-1.074055e+00,-5.694983e+00,-9.148420e-01,-1.185774e+00,3.969334e+00,-5.940384e-01,4.059449e+00,-2.872965e+00,1.749048e+00
-4.302484e-01,-1.763130e+00,-6.198864e+00,-1.868681e-01,3.790784e-01,1.796249e+00,4.171858e-01,1.777406e+00,4.081749e-01,1.295302e+00
1.955276e-02,3.171729e+00,-1.235064e+00,-6.011619e+00,-1.802791e-03,-8.437451e-04,2.108558e-03,-5.993369e-03,2.737549e+00,-1.433806e+00
7.916267e+00,2.599756e+00,4.445770e+00,6.086202e-01,2.023578e+00,-6.926578e+00,-9.627006e-01,-7.921721e+00,2.341481e+00,-1.847913e+00
-1.890538e-02,-3.465373e+00,-4.389597e+00,1.422711e+00,2.466825e-05,-3.848715e-03,-1.482919e-03,2.632751e-03,4.481899e+00,2.553419e-01
-3.228257e-03,-1.680594e+00,6.549252e-01,1.933715e-01,2.268237e-03,-1.996130e-03,3.917826e-04,-3.577199e-03,6.293797e+00,-3.411342e+00
1.557349e+00,-1.029607e+00,-4.141771e+00,1.045220e-01,-3.826418e-01,2.459020e+00,-1.726921e-01,4.481284e-01,5.957818e-01,-4.963997e+00
-2.082903e+00,-1.824600e+00,-2.908345e+00,-6.732358e-01,-5.077790e-01,-7.385514e-01,3.822348e-01,8.063975e-02,-2.990452e+00,1.007046e+00
