-1.416599e+00,-1.795000e+00,-1.480411e+00,1.491069e+00,-1.787398e+00,1.959986e+00,-6.272397e-01,1.546043e+00,1.998155e+00,1.678401e+00
-1.453187e-02,-1.778414e+00,-1.483289e-01,-3.912016e+00,1.155951e-03,4.703071e-04,2.827424e-03,4.527557e-03,-1.942893e+00,-6.928649e+00
-4.623461e-01,2.614102e+00,-1.290061e+00,-2.680259e+00,-1.185010e+00,3.973113e+00,-5.908839e-01,4.059208e+00,-3.786914e-01,-4.494852e+00
-4.227648e-01,-5.668346e+00,-1.340448e+00,-2.084098e+00,3.770243e-01,1.797659e+00,4.167050e-01,1.781829e+00,-1.239392e-02,6.061733e+00
-3.694851e-02,9.318216e-01,4.689841e-01,-7.030663e-01,1.030527e-03,-1.708795e-03,3.697275e-03,-1.917250e-03,1.252775e+00,-8.637776e-01
7.880682e+00,-3.673358e-01,-6.136499e-01,-1.331205e+00,2.029523e+00,-6.931011e+00,-9.637695e-01,-7.916351e+00,-1.757334e+00,3.629189e+00
2.335629e-02,-4.695068e-01,3.249036e+00,-2.458700e+00,8.030490e-04,2.637172e-03,-6.491574e-04,2.319897e-03,2.344433e+00,-1.667077e+00
-7.491690e-03,2.436832e+00,-2.259877e+00,-1.759500e+00,1.618002e-03,-6.536499e-04,3.851989e-03,-3.759528e-03,-2.195502e+00,5.317672e-01
1.571016e+00,-5.684014e-01,1.076558e+00,2.455427e+00,-3.847950e-01,2.455856e+00,-1.768872e-01,4.498610e-01,1.229984e+00,1.532551e+00
-2.021610e+00,-1.060813e+00,8.010620e-01,-1.400587e+00,-5.093557e-01,-7.379005e-01,3.823927e-01,8.229519e-02,4.050844e+00,-1.024486e+00
