-1.410600e+00,2.925815e+00,-1.038645e+00,4.643688e+00,-1.789409e+00,1.960652e+00,-6.284864e-01,1.542189e+00,-9.146862e-01,-1.056258e+00
-6.201770e-03,-1.393062e+00,4.771911e+00,-2.615580e+00,4.076131e-04,-3.760612e-03,2.993771e-04,2.677425e-03,-2.875601e-01,3.308277e+00
-4.664845e-01,-3.950965e-01,1.206030e+00,2.248475e+00,-1.184916e+00,3.973185e+00,-5.937126e-01,4.058925e+00,-1.847927e+00,-4.001241e+00
-4.006625e-01,1.478455e+00,-2.036509e+00,2.734975e+00,3.788746e-01,1.798349e+00,4.208610e-01,1.776862e+00,1.663932e-01,-5.926398e+00
-8.676425e-03,-5.560714e+00,2.355119e+00,-1.077610e+00,8.613244e-04,3.417433e-03,2.086409e-03,-4.486183e-03,-1.271949e+00,-5.554416e+00
7.869670e+00,-1.724875e-01,2.184236e-01,-9.810900e-01,2.022534e+00,-6.933064e+00,-9.608669e-01,-7.915406e+00,2.180010e+00,4.827357e-01
-1.162700e-02,-9.412392e-01,2.357297e+00,-9.803058e-01,-9.049033e-04,3.357988e-04,2.719922e-03,1.187488e-02,-8.076834e-01,1.682265e+00
2.543783e-03,-5.443783e-01,1.637190e+00,4.490454e-02,5.992692e-05,1.044741e-03,1.517438e-03,-5.260904e-04,-1.473463e+00,1.590588e+00
1.572164e+00,3.526964e+00,1.676227e-01,4.227989e+00,-3.860107e-01,2.457222e+00,-1.745290e-01,4.449361e-01,-1.669153e+00,2.346116e+00
-2.070945e+00,5.160193e-01,6.082831e-01,7.041809e-01,-5.081451e-01,-7.364725e-01,3.784020e-01,7.870725e-02,-5.051170e+00,-6.969122e-01
