-1.404044e+00,1.164054e+00,3.423400e+00,2.300587e+00,-1.789041e+00,1.961401e+00,-6.292685e-01,1.545292e+00,3.265519e+00,-6.085256e-01
2.462569e-02,2.446055e+00,1.443501e+00,1.240249e+00,6.426881e-04,-1.988894e-03,4.564129e-03,3.904999e-03,9.366600e-01,-9.055699e-01
-4.697062e-01,-2.489421e+00,1.884159e+00,-1.492642e+00,-1.184658e+00,3.972850e+00,-5.925884e-01,4.066960e+00,1.014748e+00,-4.942911e+00
-3.920743e-01,1.784218e+00,-1.205118e-01,-2.667167e+00,3.780725e-01,1.799338e+00,4.174064e-01,1.784672e+00,-3.297820e+00,-2.929137e+00
-9.543631e-05,-2.027490e+00,-1.960252e+00,-2.044181e+00,-1.347309e-03,-5.284214e-04,1.652286e-03,-8.310299e-04,5.314536e-01,-2.842167e+00
7.903347e+00,-1.765988e+00,3.758742e+00,1.667546e+00,2.022412e+00,-6.928236e+00,-9.615217e-01,-7.918148e+00,1.480280e+00,-2.831334e-01
-1.290133e-02,2.477362e-01,-3.381577e+00,4.322010e+00,-1.282329e-03,1.761689e-03,-2.367245e-03,1.838482e-03,-2.076515e+00,-1.532234e+00
-1.538405e-02,-6.199536e-01,-3.910372e-01,1.753324e+00,2.332888e-03,8.151084e-04,-1.699031e-03,-5.270839e-03,-1.129099e+00,-7.719570e-01
1.591155e+00,2.955117e+00,2.411148e+00,-4.281571e-01,-3.881841e-01,2.453482e+00,-1.748091e-01,4.538450e-01,-3.619543e+00,2.575349e+00
-2.026463e+00,-7.726924e-01,1.488482e+00,5.243760e-01,-5.085912e-01,-7.397292e-01,3.790477e-01,8.866190e-02,2.674514e+00,2.049337e-01
