-1.415692e+00,-4.794283e+00,1.960510e+00,2.959066e+00,-1.789702e+00,1.963762e+00,-6.300878e-01,1.541304e+00,3.769122e-02,-1.824593e+00
-3.421240e-02,-1.947757e+00,2.871202e+00,3.100520e-01,-1.503219e-03,1.430064e-03,2.483967e-03,3.807668e-03,1.560723e+00,9.919395e-01
-4.587170e-01,1.998191e-01,-3.291841e+00,-4.859779e-01,-1.184440e+00,3.974249e+00,-5.932209e-01,4.054521e+00,-1.422867e+00,2.546525e+00
-4.696680e-01,-1.172231e+00,1.611956e-01,1.780787e+00,3.775730e-01,1.794590e+00,4.137330e-01,1.787686e+00,-6.661558e-01,6.593523e-01
1.774886e-02,-2.733233e+00,-3.342563e+00,8.502285e-01,8.548429e-04,-1.269634e-03,2.979248e-03,-3.225953e-03,3.553799e-01,-3.361831e+00
7.933329e+00,3.181530e-01,1.013937e+00,3.211551e+00,2.023279e+00,-6.927164e+00,-9.606372e-01,-7.925398e+00,-4.466349e-01,3.660418e-01
-1.199866e-02,3.906570e+00,-1.270774e+00,1.322469e-01,1.144839e-03,4.139556e-05,-1.171846e-03,4.655840e-03,6.655010e-01,-2.099445e+00
2.550599e-02,-5.825126e+00,3.366818e+00,-1.227447e-01,1.895482e-03,-1.373538e-03,1.193496e-03,-2.020163e-04,2.860319e+00,-4.594318e-01
1.582421e+00,1.444494e+00,7.990270e-01,-8.650993e-01,-3.846136e-01,2.456948e+00,-1.710887e-01,4.558685e-01,2.932270e+00,8.931139e-01
-2.050092e+00,-2.730999e+00,4.145949e+00,2.069259e+00,-5.082033e-01,-7.335895e-01,3.794150e-01,8.016053e-02,-3.629121e+00,-6.585482e-01
