-1.405437e+00,-3.292755e+00,1.232805e+00,-3.878517e-01,-1.786808e+00,1.961575e+00,-6.294874e-01,1.540241e+00,2.308616e-01,-5.707300e+00
-2.107972e-02,2.991845e+00,-5.375650e-01,-5.424466e+00,-5.066860e-04,-3.030370e-03,1.595866e-03,4.341673e-04,3.070442e+00,1.515969e+00
-4.251952e-01,-1.567025e+00,-5.047038e+00,3.722921e-01,-1.186717e+00,3.969833e+00,-5.929110e-01,4.061851e+00,-7.681556e-01,-5.710995e-02
-4.074624e-01,-1.384667e+00,2.265434e+00,-8.612559e-01,3.795693e-01,1.800318e+00,4.199278e-01,1.779410e+00,-1.560796e+00,3.766939e-01
-1.063849e-03,-1.377870e+00,-6.767406e-01,1.236578e+00,-1.595885e-04,4.935852e-03,-2.712291e-03,-5.282635e-03,-5.494280e-01,1.664697e+00
7.906956e+00,1.579173e+00,-2.871518e+00,-3.307437e+00,2.025642e+00,-6.930310e+00,-9.618169e-01,-7.924818e+00,-7.555831e-01,-2.252308e+00
2.263679e-02,-7.838209e-01,3.353453e-03,3.756992e-01,-1.322366e-04,-2.288190e-03,-2.123911e-03,5.807755e-03,-5.862562e+00,1.953266e+00
8.368610e-03,1.344704e+00,4.482517e-01,6.136946e-01,1.770025e-03,-3.884347e-04,-3.373994e-04,2.725887e-04,1.003916e+00,-3.263739e+00
1.575006e+00,3.214020e+00,4.981088e-01,-4.869813e+00,-3.844820e-01,2.458633e+00,-1.729438e-01,4.532104e-01,6.667040e-01,-1.589186e+00
-2.100610e+00,3.492783e+00,9.185605e-01,-2.469015e+00,-5.091070e-01,-7.455706e-01,3.792542e-01,7.560186e-02,-2.749360e-01,-2.673679e+00
