-1.432218e+00,-3.171880e+00,1.367926e-02,-4.007163e+00,-1.788202e+00,1.957888e+00,-6.285896e-01,1.546946e+00,1.225379e+00,1.627832e+00
-1.346646e-02,1.687843e+00,4.912155e-01,3.908614e+00,3.418840e-04,-2.182896e-03,-2.974950e-03,2.408780e-03,1.755554e+00,1.555519e-01
-4.670681e-01,-7.369012e-01,-4.283535e-01,2.852104e-01,-1.184141e+00,3.975357e+00,-5.901293e-01,4.062275e+00,8.795306e-01,1.392688e+00
-4.225888e-01,3.830348e+00,6.835132e-01,2.460375e+00,3.793803e-01,1.799163e+00,4.191702e-01,1.782979e+00,-1.299313e+00,-2.500333e+00
3.315926e-02,-4.128391e+00,-1.084561e+00,-1.580118e+00,1.721556e-03,-4.083897e-03,-3.671204e-03,-2.230958e-03,-1.497401e+00,-9.671841e-02
7.829946e+00,-2.706943e+00,-5.355552e+00,7.070598e-01,2.023915e+00,-6.930752e+00,-9.645531e-01,-7.921329e+00,-4.700999e+00,-6.672276e-01
1.757464e-03,3.657175e+00,4.034207e+00,-3.351435e-02,1.097571e-04,-1.825033e-03,-1.675488e-03,-9.728506e-05,1.996262e+00,1.447922e+00
-1.974729e-02,2.149292e+00,-1.299865e+00,-1.009931e+00,2.071546e-04,-7.563551e-04,-2.797521e-03,-4.908584e-03,6.758929e-01,-6.447730e-01
1.565291e+00,2.496799e+00,7.207245e+00,-1.486366e+00,-3.835113e-01,2.459466e+00,-1.715356e-01,4.513459e-01,-1.854234e+00,1.880608e+00
-2.087854e+00,-2.374085e+00,-1.555178e+00,-1.489365e+00,-5.089925e-01,-7.429338e-01,3.797865e-01,8.664481e-02,-9.971604e-01,4.518934e+00
