-1.400865e+00,-1.150822e+00,-2.604587e+00,5.361451e-01,-1.786606e+00,1.960943e+00,-6.290569e-01,1.547239e+00,-1.880796e+00,-2.761376e+00
-1.936644e-02,-5.903614e-01,4.428322e+00,-8.721647e-01,-1.590922e-03,-2.423324e-03,9.829589e-04,1.937721e-03,2.441533e+00,-6.637825e-01
-4.567479e-01,1.363309e+00,9.550428e-01,3.016192e+00,-1.182374e+00,3.976379e+00,-5.947321e-01,4.063735e+00,3.258096e+00,-1.094593e+00
-3.770777e-01,-1.987098e+00,2.079321e+00,-7.294762e-01,3.789611e-01,1.794140e+00,4.193537e-01,1.775123e+00,-1.335360e-01,3.879635e+00
2.644125e-02,2.299325e+00,-2.231051e+00,-4.058162e+00,7.613665e-04,2.590598e-03,3.689011e-04,-1.734029e-05,-5.458985e+00,-3.923455e+00
7.954176e+00,-5.394842e+00,2.463009e+00,2.521792e+00,2.023023e+00,-6.931613e+00,-9.594843e-01,-7.922835e+00,1.266149e+00,-2.405723e+00
4.986012e-03,-2.938322e+00,2.583569e+00,-9.073778e-01,2.004388e-03,-1.387377e-03,4.364003e-04,-5.847456e-03,2.148880e+00,-2.576900e+00
-2.507587e-02,4.334863e+00,-3.426729e+00,-1.891361e+00,1.209638e-03,7.862842e-05,1.544517e-03,-4.522081e-03,2.417731e+00,-2.252972e+00
1.553460e+00,-1.319961e+00,-1.354248e+00,2.009158e+00,-3.840586e-01,2.460037e+00,-1.723445e-01,4.529190e-01,1.563607e+00,1.054040e+00
-2.059274e+00,1.237744e+00,-1.171256e+00,-1.926020e+00,-5.097337e-01,-7.417776e-01,3.774588e-01,8.894563e-02,-1.714314e+00,-4.345216e-01
