-1.436529e+00,1.127108e-01,-5.005232e-01,-2.440428e-01,-1.789378e+00,1.959839e+00,-6.281949e-01,1.543438e+00,-3.546487e+00,7.503516e-01
-3.788912e-02,-2.280527e+00,1.876036e+00,-3.514632e+00,-2.043962e-03,-1.772862e-04,-9.613108e-04,-4.092589e-03,4.100032e+00,7.299543e-01
-4.519092e-01,2.418537e+00,4.838680e+00,-1.317430e+00,-1.184374e+00,3.977215e+00,-5.949419e-01,4.059045e+00,-3.277039e+00,3.913104e+00
-3.810382e-01,-3.303734e+00,-2.007885e+00,3.073524e-01,3.787100e-01,1.795213e+00,4.204537e-01,1.783139e+00,4.700631e+00,2.920566e-02
1.239271e-02,-6.476374e-01,-4.685477e+00,9.653668e-01,1.845490e-03,-4.867431e-04,4.646589e-04,-9.611008e-03,-2.809839e+00,-4.750857e+00
7.841745e+00,-1.858886e+00,1.597521e-01,1.454205e+00,2.023796e+00,-6.922851e+00,-9.613447e-01,-7.926186e+00,1.769289e-01,-1.339783e+00
-7.416739e-03,-1.862286e+00,5.274858e+00,3.503902e+00,-5.232293e-05,1.368903e-03,-4.251746e-04,7.452362e-03,1.090739e+00,1.289496e+00
2.772745e-02,-3.561423e+00,-4.901096e-01,2.959227e+00,2.741940e-03,-8.648958e-04,1.380262e-03,2.368565e-03,2.154522e+00,-1.406429e+00
1.618532e+00,-1.404503e+00,-2.895117e-01,-3.156321e+00,-3.842557e-01,2.455407e+00,-1.736915e-01,4.628608e-01,-2.057138e+00,-3.026314e+00
-2.046286e+00,-3.883356e+00,-3.009476e+00,-5.345962e+00,-5.089326e-01,-7.388909e-01,3.801354e-01,9.443618e-02,3.026528e+00,3.387020e+00
