-1.440871e+00,7.621688e-01,-3.478391e-01,1.015880e+00,-1.787798e+00,1.958938e+00,-6.314569e-01,1.540071e+00,-2.067053e-01,2.773037e+00
-8.730398e-03,-4.922902e-02,5.900279e-01,9.495022e-01,-9.560363e-04,1.151326e-03,1.547298e-03,6.864609e-03,3.766509e-01,1.345185e+00
-4.293553e-01,-7.664887e-01,-2.106219e+00,-1.075371e+00,-1.187861e+00,3.974633e+00,-5.933965e-01,4.063174e+00,-1.777056e-01,-3.329479e+00
-3.740101e-01,1.475030e+00,-3.659427e+00,-1.904714e+00,3.787740e-01,1.800904e+00,4.197968e-01,1.777832e+00,-2.092901e+00,-3.219566e-01
2.031124e-02,1.788752e+00,3.738467e+00,-2.771183e+00,1.950577e-03,3.295340e-04,1.136844e-03,-2.518682e-03,1.584889e+00,3.383993e+00
7.812987e+00,1.211160e+00,-1.557289e+00,1.558009e-01,2.025261e+00,-6.927757e+00,-9.585047e-01,-7.918232e+00,3.899057e+00,1.814898e-01
-2.013133e-02,1.985345e+00,-1.509268e+00,-2.675796e+00,6.716379e-04,-2.854477e-03,1.208092e-03,6.312009e-03,-3.683348e+00,4.615226e-02
1.051922e-02,6.832889e-01,-1.401360e+00,4.905488e+00,2.609251e-03,-3.582932e-03,3.340821e-03,-9.529697e-04,3.520145e+00,1.788623e-01
1.526323e+00,-7.829704e-01,-2.591752e+00,2.133262e+00,-3.862686e-01,2.457666e+00,-1.750829e-01,4.568341e-01,6.325615e+00,2.578794e-01
-2.056877e+00,2.504816e+00,-4.496212e-01,-7.097845e+00,-5.073894e-01,-7.359525e-01,3.803142e-01,8.604376e-02,-6.482026e-01,2.719089e+00
