Id,Group
1,1
2,1
3,1
4,1
5,2
6,2
7,2
8,2
9,3
10,3
11,3
12,4
13,4
14,4
15,4
16,5
17,5
18,5
19,5
20,6
21,6
22,6
23,6
24,6
25,7
26,7
27,7
28,7
29,7
30,8
31,8
32,8
33,8
34,8
35,8
36,9
37,9
38,9
39,9
40,9
41,9
42,9
43,10
44,10
45,10
46,10
47,10
48,10
49,10
50,10
51,10
52,10
53,10
54,10
55,10
56,10
57,10
58,10
59,10
60,10
61,10
62,1
63,1
64,1
65,1
66,2
67,2
68,2
69,2
70,3
71,3
72,3
73,4
74,4
75,4
76,4
77,5
78,5
79,5
80,5
81,6
82,6
83,6
84,6
85,6
86,7
87,7
88,7
89,7
90,7
91,8
92,8
93,8
94,8
95,8
96,8
97,9
98,9
99,9
100,9
101,9
102,9
103,9
104,10
105,10
106,10
107,10
108,10
109,10
110,10
111,10
112,10
113,10
114,10
115,10
116,10
117,10
118,10
119,10
120,10
121,10
122,10
123,1
124,1
125,1
126,1
127,2
128,2
129,2
130,2
131,3
132,3
133,3
134,4
135,4
136,4
137,4
138,5
139,5
140,5
141,5
142,6
143,6
144,6
145,6
146,6
147,7
148,7
149,7
150,7
151,7
152,8
153,8
154,8
155,8
156,8
157,8
158,9
159,9
160,9
161,9
162,9
163,9
164,9
165,10
166,10
167,10
168,10
169,10
170,10
171,10
172,10
173,10
174,10
175,10
176,10
177,10
178,10
179,10
180,10
181,10
182,10
183,10
184,1
185,1
186,1
187,1
188,2
189,2
190,2
191,2
192,3
193,3
194,3
195,4
196,4
197,4
198,4
199,5
200,5
201,5
202,5
203,6
204,6
205,6
206,6
207,6
208,7
209,7
210,7
211,7
212,7
213,8
214,8
215,8
216,8
217,8
218,8
219,9
220,9
221,9
222,9
223,9
224,9
225,9
226,10
227,10
228,10
229,10
230,10
231,10
232,10
233,10
234,10
235,10
236,10
237,10
238,10
239,10
240,10
241,10
242,10
243,10
244,11
245,1
246,1
247,1
248,1
249,2
250,2
251,2
252,3
253,3
254,3
255,3
256,4
257,4
258,4
259,4
260,5
261,5
262,5
263,5
264,6
265,6
266,6
267,6
268,6
269,7
270,7
271,7
272,7
273,7
274,8
275,8
276,8
277,8
278,8
279,8
280,9
281,9
282,9
283,9
284,9
285,9
286,9
287,10
288,10
289,10
290,10
291,10
292,10
293,10
294,10
295,10
296,10
297,10
298,10
299,10
300,10
301,10
302,10
303,10
304,10
305,1
306,1
307,1
308,1
309,2
310,2
311,2
312,3
313,3
314,3
315,3
316,4
317,4
318,4
319,4
320,5
321,5
322,5
323,5
324,6
325,6
326,6
327,6
328,6
329,7
330,7
331,7
332,7
333,7
334,8
335,8
336,8
337,8
338,8
339,8
340,9
341,9
342,9
343,9
344,9
345,9
346,9
347,10
348,10
349,10
350,10
351,10
352,10
353,10
354,10
355,10
356,10
357,10
358,10
359,10
360,10
361,10
362,10
363,10
364,10
365,1
366,1
367,1
368,1
369,2
370,2
371,2
372,3
373,3
374,3
375,3
376,4
377,4
378,4
379,4
380,5
381,5
382,5
383,5
384,6
385,6
386,6
387,6
388,6
389,7
390,7
391,7
392,7
393,7
394,8
395,8
396,8
397,8
398,8
399,8
400,9
401,9
402,9
403,9
404,9
405,9
406,9
407,10
408,10
409,10
410,10
411,10
412,10
413,10
414,10
415,10
416,10
417,10
418,10
419,10
420,10
421,10
422,10
423,10
424,10
425,1
426,1
427,1
428,1
429,2
430,2
431,2
432,3
433,3
434,3
435,3
436,4
437,4
438,4
439,4
440,5
441,5
442,5
443,5
444,6
445,6
446,6
447,6
448,6
449,7
450,7
451,7
452,7
453,7
454,8
455,8
456,8
457,8
458,8
459,8
460,9
461,9
462,9
463,9
464,9
465,9
466,9
467,10
468,10
469,10
470,10
471,10
472,10
473,10
474,10
475,10
476,10
477,10
478,10
479,10
480,10
481,10
482,10
483,10
484,10
485,1
486,1
487,1
488,1
489,2
490,2
491,2
492,3
493,3
494,3
495,3
496,4
497,4
498,4
499,4
500,5
501,5
502,5
503,5
504,6
505,6
506,6
507,6
508,6
509,7
510,7
511,7
512,7
513,7
514,8
515,8
516,8
517,8
518,8
519,8
520,9
521,9
522,9
523,9
524,9
525,9
526,9
527,10
528,10
529,10
530,10
531,10
532,10
533,10
534,10
535,10
536,10
537,10
538,10
539,10
540,10
541,10
542,10
543,10
544,11
545,1
546,1
547,1
548,1
549,2
550,2
551,2
552,3
553,3
554,3
555,3
556,4
557,4
558,4
559,4
560,5
561,5
562,5
563,5
564,6
565,6
566,6
567,6
568,6
569,7
570,7
571,7
572,7
573,7
574,8
575,8
576,8
577,8
578,8
579,8
580,9
581,9
582,9
583,9
584,9
585,9
586,9
587,10
588,10
589,10
590,10
591,10
592,10
593,10
594,10
595,10
596,10
597,10
598,10
599,10
600,10
601,10
602,10
603,10
604,11
605,1
606,1
607,1
608,1
609,2
610,2
611,2
612,3
613,3
614,3
615,3
616,4
617,4
618,4
619,4
620,5
621,5
622,5
623,5
624,6
625,6
626,6
627,6
628,6
629,7
630,7
631,7
632,7
633,7
634,8
635,8
636,8
637,8
638,8
639,8
640,9
641,9
642,9
643,9
644,9
645,9
646,9
647,10
648,10
649,10
650,10
651,10
652,10
653,10
654,10
655,10
656,10
657,10
658,10
659,10
660,10
661,10
662,10
663,10
664,1
665,1
666,1
667,1
668,2
669,2
670,2
671,3
672,3
673,3
674,3
675,4
676,4
677,4
678,4
679,5
680,5
681,5
682,5
683,6
684,6
685,6
686,6
687,6
688,7
689,7
690,7
691,7
692,7
693,8
694,8
695,8
696,8
697,8
698,8
699,9
700,9
701,9
702,9
703,9
704,9
705,9
706,10
707,10
708,10
709,10
710,10
711,10
712,10
713,10
714,10
715,10
716,10
717,10
718,10
719,10
720,10
721,10
722,10
723,1
724,1
725,1
726,1
727,2
728,2
729,2
730,3
731,3
732,3
733,3
734,4
735,4
736,4
737,4
738,5
739,5
740,5
741,5
742,6
743,6
744,6
745,6
746,6
747,7
748,7
749,7
750,7
751,7
752,8
753,8
754,8
755,8
756,8
757,8
758,9
759,9
760,9
761,9
762,9
763,9
764,9
765,10
766,10
767,10
768,10
769,10
770,10
771,10
772,10
773,10
774,10
775,10
776,10
777,10
778,10
779,10
780,10
781,11
782,1
783,1
784,1
785,1
786,2
787,2
788,2
789,3
790,3
791,3
792,3
793,4
794,4
795,4
796,4
797,5
798,5
799,5
800,5
801,6
802,6
803,6
804,6
805,6
806,7
807,7
808,7
809,7
810,7
811,8
812,8
813,8
814,8
815,8
816,8
817,9
818,9
819,9
820,9
821,9
822,9
823,9
824,10
825,10
826,10
827,10
828,10
829,10
830,10
831,10
832,10
833,10
834,10
835,10
836,10
837,10
838,10
839,10
840,11
841,1
842,1
843,1
844,1
845,2
846,2
847,2
848,3
849,3
850,3
851,3
852,4
853,4
854,4
855,4
856,5
857,5
858,5
859,5
860,6
861,6
862,6
863,6
864,6
865,7
866,7
867,7
868,7
869,7
870,8
871,8
872,8
873,8
874,8
875,8
876,9
877,9
878,9
879,9
880,9
881,9
882,9
883,10
884,10
885,10
886,10
887,10
888,10
889,10
890,10
891,10
892,10
893,10
894,10
895,10
896,10
897,10
898,10
899,11
900,1
901,1
902,1
903,1
904,2
905,2
906,2
907,3
908,3
909,3
910,3
911,4
912,4
913,4
914,4
915,5
916,5
917,5
918,5
919,6
920,6
921,6
922,6
923,6
924,7
925,7
926,7
927,7
928,7
929,8
930,8
931,8
932,8
933,8
934,8
935,9
936,9
937,9
938,9
939,9
940,9
941,9
942,10
943,10
944,10
945,10
946,10
947,10
948,10
949,10
950,10
951,10
952,10
953,10
954,10
955,10
956,10
957,10
958,11
959,1
960,1
961,1
962,1
963,2
964,2
965,2
966,3
967,3
968,3
969,3
970,4
971,4
972,4
973,4
974,5
975,5
976,5
977,5
978,6
979,6
980,6
981,6
982,6
983,7
984,7
985,7
986,7
987,7
988,8
989,8
990,8
991,8
992,8
993,9
994,9
995,9
996,9
997,9
998,9
999,9
1000,9
1001,10
1002,10
1003,10
1004,10
1005,10
1006,10
1007,10
1008,10
1009,10
1010,10
1011,10
1012,10
1013,10
1014,10
1015,10
1016,10
1017,1
1018,1
1019,1
1020,1
1021,2
1022,2
1023,2
1024,3
1025,3
1026,3
1027,3
1028,4
1029,4
1030,4
1031,4
1032,5
1033,5
1034,5
1035,5
1036,6
1037,6
1038,6
1039,6
1040,6
1041,7
1042,7
1043,7
1044,7
1045,7
1046,8
1047,8
1048,8
1049,8
1050,8
1051,9
1052,9
1053,9
1054,9
1055,9
1056,9
1057,9
1058,10
1059,10
1060,10
1061,10
1062,10
1063,10
1064,10
1065,10
1066,10
1067,10
1068,10
1069,10
1070,10
1071,10
1072,10
1073,10
1074,11
1075,1
1076,1
1077,1
1078,1
1079,2
1080,2
1081,2
1082,3
1083,3
1084,3
1085,3
1086,4
1087,4
1088,4
1089,4
1090,5
1091,5
1092,5
1093,5
1094,6
1095,6
1096,6
1097,6
1098,6
1099,7
1100,7
1101,7
1102,7
1103,7
1104,8
1105,8
1106,8
1107,8
1108,8
1109,9
1110,9
1111,9
1112,9
1113,9
1114,9
1115,9
1116,10
1117,10
1118,10
1119,10
1120,10
1121,10
1122,10
1123,10
1124,10
1125,10
1126,10
1127,10
1128,10
1129,10
1130,10
1131,10
1132,11
1133,1
1134,1
1135,1
1136,1
1137,2
1138,2
1139,2
1140,3
1141,3
1142,3
1143,3
1144,4
1145,4
1146,4
1147,4
1148,5
1149,5
1150,5
1151,5
1152,6
1153,6
1154,6
1155,6
1156,6
1157,7
1158,7
1159,7
1160,7
1161,7
1162,8
1163,8
1164,8
1165,8
1166,8
1167,9
1168,9
1169,9
1170,9
1171,9
1172,9
1173,9
1174,10
1175,10
1176,10
1177,10
1178,10
1179,10
1180,10
1181,10
1182,10
1183,10
1184,10
1185,10
1186,10
1187,10
1188,10
1189,10
1190,11
1191,1
1192,1
1193,1
1194,1
1195,2
1196,2
1197,2
1198,3
1199,3
1200,3
1201,3
1202,4
1203,4
1204,4
1205,4
1206,5
1207,5
1208,5
1209,5
1210,6
1211,6
1212,6
1213,6
1214,6
1215,7
1216,7
1217,7
1218,7
1219,7
1220,8
1221,8
1222,8
1223,8
1224,8
1225,9
1226,9
1227,9
1228,9
1229,9
1230,9
1231,9
1232,10
1233,10
1234,10
1235,10
1236,10
1237,10
1238,10
1239,10
1240,10
1241,10
1242,10
1243,10
1244,10
1245,10
1246,10
1247,10
1248,11
1249,1
1250,1
1251,1
1252,1
1253,2
1254,2
1255,2
1256,3
1257,3
1258,3
1259,3
1260,4
1261,4
1262,4
1263,4
1264,5
1265,5
1266,5
1267,5
1268,6
1269,6
1270,6
1271,6
1272,6
1273,7
1274,7
1275,7
1276,7
1277,7
1278,8
1279,8
1280,8
1281,8
1282,8
1283,9
1284,9
1285,9
1286,9
1287,9
1288,9
1289,9
1290,10
1291,10
1292,10
1293,10
1294,10
1295,10
1296,10
1297,10
1298,10
1299,10
1300,10
1301,10
1302,10
1303,10
1304,10
1305,10
1306,11
1307,1
1308,1
1309,1
1310,2
1311,2
1312,2
1313,2
1314,3
1315,3
1316,3
1317,3
1318,4
1319,4
1320,4
1321,4
1322,5
1323,5
1324,5
1325,5
1326,6
1327,6
1328,6
1329,6
1330,6
1331,7
1332,7
1333,7
1334,7
1335,7
1336,8
1337,8
1338,8
1339,8
1340,8
1341,9
1342,9
1343,9
1344,9
1345,9
1346,9
1347,9
1348,10
1349,10
1350,10
1351,10
1352,10
1353,10
1354,10
1355,10
1356,10
1357,10
1358,10
1359,10
1360,10
1361,10
1362,10
1363,11
1364,1
1365,1
1366,1
1367,2
1368,2
1369,2
1370,2
1371,3
1372,3
1373,3
1374,3
1375,4
1376,4
1377,4
1378,4
1379,5
1380,5
1381,5
1382,5
1383,6
1384,6
1385,6
1386,6
1387,6
1388,7
1389,7
1390,7
1391,7
1392,7
1393,8
1394,8
1395,8
1396,8
1397,8
1398,9
1399,9
1400,9
1401,9
1402,9
1403,9
1404,9
1405,10
1406,10
1407,10
1408,10
1409,10
1410,10
1411,10
1412,10
1413,10
1414,10
1415,10
1416,10
1417,10
1418,10
1419,10
1420,11
1421,1
1422,1
1423,1
1424,2
1425,2
1426,2
1427,2
1428,3
1429,3
1430,3
1431,3
1432,4
1433,4
1434,4
1435,4
1436,5
1437,5
1438,5
1439,5
1440,6
1441,6
1442,6
1443,6
1444,7
1445,7
1446,7
1447,7
1448,7
1449,8
1450,8
1451,8
1452,8
1453,8
1454,8
1455,9
1456,9
1457,9
1458,9
1459,9
1460,9
1461,9
1462,10
1463,10
1464,10
1465,10
1466,10
1467,10
1468,10
1469,10
1470,10
1471,10
1472,10
1473,10
1474,10
1475,10
1476,10
1477,11
1478,1
1479,1
1480,1
1481,2
1482,2
1483,2
1484,2
1485,3
1486,3
1487,3
1488,3
1489,4
1490,4
1491,4
1492,4
1493,5
1494,5
1495,5
1496,5
1497,6
1498,6
1499,6
1500,6
1501,7
1502,7
1503,7
1504,7
1505,7
1506,8
1507,8
1508,8
1509,8
1510,8
1511,8
1512,9
1513,9
1514,9
1515,9
1516,9
1517,9
1518,9
1519,10
1520,10
1521,10
1522,10
1523,10
1524,10
1525,10
1526,10
1527,10
1528,10
1529,10
1530,10
1531,10
1532,10
1533,10
1534,11
1535,1
1536,1
1537,1
1538,2
1539,2
1540,2
1541,2
1542,3
1543,3
1544,3
1545,3
1546,4
1547,4
1548,4
1549,4
1550,5
1551,5
1552,5
1553,5
1554,6
1555,6
1556,6
1557,6
1558,7
1559,7
1560,7
1561,7
1562,7
1563,8
1564,8
1565,8
1566,8
1567,8
1568,8
1569,9
1570,9
1571,9
1572,9
1573,9
1574,9
1575,9
1576,10
1577,10
1578,10
1579,10
1580,10
1581,10
1582,10
1583,10
1584,10
1585,10
1586,10
1587,10
1588,10
1589,10
1590,10
1591,11
1592,1
1593,1
1594,1
1595,2
1596,2
1597,2
1598,2
1599,3
1600,3
1601,3
1602,3
1603,4
1604,4
1605,4
1606,4
1607,5
1608,5
1609,5
1610,5
1611,6
1612,6
1613,6
1614,6
1615,7
1616,7
1617,7
1618,7
1619,7
1620,8
1621,8
1622,8
1623,8
1624,8
1625,8
1626,9
1627,9
1628,9
1629,9
1630,9
1631,9
1632,9
1633,10
1634,10
1635,10
1636,10
1637,10
1638,10
1639,10
1640,10
1641,10
1642,10
1643,10
1644,10
1645,10
1646,10
1647,11
1648,11
1649,1
1650,1
1651,1
1652,2
1653,2
1654,2
1655,2
1656,3
1657,3
1658,3
1659,3
1660,4
1661,4
1662,4
1663,4
1664,5
1665,5
1666,5
1667,5
1668,6
1669,6
1670,6
1671,6
1672,7
1673,7
1674,7
1675,7
1676,7
1677,8
1678,8
1679,8
1680,8
1681,8
1682,8
1683,9
1684,9
1685,9
1686,9
1687,9
1688,9
1689,9
1690,10
1691,10
1692,10
1693,10
1694,10
1695,10
1696,10
1697,10
1698,10
1699,10
1700,10
1701,10
1702,10
1703,10
1704,11
1705,11
1706,1
1707,1
1708,1
1709,2
1710,2
1711,2
1712,2
1713,3
1714,3
1715,3
1716,3
1717,4
1718,4
1719,4
1720,5
1721,5
1722,5
1723,5
1724,5
1725,6
1726,6
1727,6
1728,6
1729,7
1730,7
1731,7
1732,7
1733,7
1734,8
1735,8
1736,8
1737,8
1738,8
1739,8
1740,9
1741,9
1742,9
1743,9
1744,9
1745,9
1746,9
1747,10
1748,10
1749,10
1750,10
1751,10
1752,10
1753,10
1754,10
1755,10
1756,10
1757,10
1758,10
1759,10
1760,10
1761,11
1762,1
1763,1
1764,1
1765,2
1766,2
1767,2
1768,2
1769,3
1770,3
1771,3
1772,4
1773,4
1774,4
1775,4
1776,5
1777,5
1778,5
1779,5
1780,5
1781,6
1782,6
1783,6
1784,6
1785,7
1786,7
1787,7
1788,7
1789,7
1790,8
1791,8
1792,8
1793,8
1794,8
1795,8
1796,9
1797,9
1798,9
1799,9
1800,9
1801,9
1802,9
1803,10
1804,10
1805,10
1806,10
1807,10
1808,10
1809,10
1810,10
1811,10
1812,10
1813,10
1814,10
1815,10
1816,10
1817,11
1818,1
1819,1
1820,1
1821,2
1822,2
1823,2
1824,2
1825,3
1826,3
1827,3
1828,4
1829,4
1830,4
1831,4
1832,5
1833,5
1834,5
1835,5
1836,5
1837,6
1838,6
1839,6
1840,6
1841,7
1842,7
1843,7
1844,7
1845,7
1846,8
1847,8
1848,8
1849,8
1850,8
1851,8
1852,9
1853,9
1854,9
1855,9
1856,9
1857,9
1858,9
1859,10
1860,10
1861,10
1862,10
1863,10
1864,10
1865,10
1866,10
1867,10
1868,10
1869,10
1870,10
1871,10
1872,10
1873,11
1874,1
1875,1
1876,1
1877,2
1878,2
1879,2
1880,2
1881,3
1882,3
1883,3
1884,4
1885,4
1886,4
1887,4
1888,5
1889,5
1890,5
1891,5
1892,5
1893,6
1894,6
1895,6
1896,6
1897,7
1898,7
1899,7
1900,7
1901,7
1902,8
1903,8
1904,8
1905,8
1906,8
1907,8
1908,9
1909,9
1910,9
1911,9
1912,9
1913,9
1914,9
1915,10
1916,10
1917,10
1918,10
1919,10
1920,10
1921,10
1922,10
1923,10
1924,10
1925,10
1926,10
1927,10
1928,11
1929,11
1930,1
1931,1
1932,1
1933,2
1934,2
1935,2
1936,2
1937,3
1938,3
1939,3
1940,4
1941,4
1942,4
1943,4
1944,5
1945,5
1946,5
1947,5
1948,6
1949,6
1950,6
1951,6
1952,6
1953,7
1954,7
1955,7
1956,7
1957,7
1958,8
1959,8
1960,8
1961,8
1962,8
1963,8
1964,9
1965,9
1966,9
1967,9
1968,9
1969,9
1970,9
1971,10
1972,10
1973,10
1974,10
1975,10
1976,10
1977,10
1978,10
1979,10
1980,10
1981,10
1982,10
1983,10
1984,11
1985,11
1986,1
1987,1
1988,1
1989,2
1990,2
1991,2
1992,3
1993,3
1994,3
1995,3
1996,4
1997,4
1998,4
1999,4
2000,5
2001,5
2002,5
2003,5
2004,6
2005,6
2006,6
2007,6
2008,6
2009,7
2010,7
2011,7
2012,7
2013,7
2014,8
2015,8
2016,8
2017,8
2018,8
2019,8
2020,9
2021,9
2022,9
2023,9
2024,9
2025,9
2026,10
2027,10
2028,10
2029,10
2030,10
2031,10
2032,10
2033,10
2034,10
2035,10
2036,10
2037,10
2038,10
2039,10
2040,11
2041,11
2042,1
2043,1
2044,1
2045,2
2046,2
2047,2
2048,3
2049,3
2050,3
2051,3
2052,4
2053,4
2054,4
2055,4
2056,5
2057,5
2058,5
2059,5
2060,6
2061,6
2062,6
2063,6
2064,6
2065,7
2066,7
2067,7
2068,7
2069,7
2070,8
2071,8
2072,8
2073,8
2074,8
2075,9
2076,9
2077,9
2078,9
2079,9
2080,9
2081,9
2082,10
2083,10
2084,10
2085,10
2086,10
2087,10
2088,10
2089,10
2090,10
2091,10
2092,10
2093,10
2094,10
2095,10
2096,11
2097,1
2098,1
2099,1
2100,2
2101,2
2102,2
2103,3
2104,3
2105,3
2106,3
2107,4
2108,4
2109,4
2110,4
2111,5
2112,5
2113,5
2114,5
2115,6
2116,6
2117,6
2118,6
2119,6
2120,7
2121,7
2122,7
2123,7
2124,7
2125,8
2126,8
2127,8
2128,8
2129,8
2130,9
2131,9
2132,9
2133,9
2134,9
2135,9
2136,9
2137,10
2138,10
2139,10
2140,10
2141,10
2142,10
2143,10
2144,10
2145,10
2146,10
2147,10
2148,10
2149,10
2150,10
2151,11
2152,1
2153,1
2154,1
2155,2
2156,2
2157,2
2158,3
2159,3
2160,3
2161,3
2162,4
2163,4
2164,4
2165,4
2166,5
2167,5
2168,5
2169,5
2170,6
2171,6
2172,6
2173,6
2174,6
2175,7
2176,7
2177,7
2178,7
2179,7
2180,8
2181,8
2182,8
2183,8
2184,8
2185,9
2186,9
2187,9
2188,9
2189,9
2190,9
2191,9
2192,10
2193,10
2194,10
2195,10
2196,10
2197,10
2198,10
2199,10
2200,10
2201,10
2202,10
2203,10
2204,10
2205,11
2206,11
2207,1
2208,1
2209,1
2210,2
2211,2
2212,2
2213,3
2214,3
2215,3
2216,3
2217,4
2218,4
2219,4
2220,4
2221,5
2222,5
2223,5
2224,5
2225,6
2226,6
2227,6
2228,6
2229,6
2230,7
2231,7
2232,7
2233,7
2234,7
2235,8
2236,8
2237,8
2238,8
2239,8
2240,9
2241,9
2242,9
2243,9
2244,9
2245,9
2246,9
2247,10
2248,10
2249,10
2250,10
2251,10
2252,10
2253,10
2254,10
2255,10
2256,10
2257,10
2258,10
2259,10
2260,11
2261,11
2262,1
2263,1
2264,1
2265,2
2266,2
2267,2
2268,3
2269,3
2270,3
2271,3
2272,4
2273,4
2274,4
2275,4
2276,5
2277,5
2278,5
2279,5
2280,6
2281,6
2282,6
2283,6
2284,6
2285,7
2286,7
2287,7
2288,7
2289,7
2290,8
2291,8
2292,8
2293,8
2294,8
2295,9
2296,9
2297,9
2298,9
2299,9
2300,9
2301,9
2302,10
2303,10
2304,10
2305,10
2306,10
2307,10
2308,10
2309,10
2310,10
2311,10
2312,10
2313,10
2314,10
2315,11
2316,11
2317,1
2318,1
2319,1
2320,2
2321,2
2322,2
2323,3
2324,3
2325,3
2326,3
2327,4
2328,4
2329,4
2330,4
2331,5
2332,5
2333,5
2334,5
2335,6
2336,6
2337,6
2338,6
2339,6
2340,7
2341,7
2342,7
2343,7
2344,8
2345,8
2346,8
2347,8
2348,8
2349,8
2350,9
2351,9
2352,9
2353,9
2354,9
2355,9
2356,9
2357,10
2358,10
2359,10
2360,10
2361,10
2362,10
2363,10
2364,10
2365,10
2366,10
2367,10
2368,10
2369,10
2370,11
2371,11
2372,1
2373,1
2374,2
2375,2
2376,2
2377,2
2378,3
2379,3
2380,3
2381,3
2382,4
2383,4
2384,4
2385,4
2386,5
2387,5
2388,5
2389,5
2390,6
2391,6
2392,6
2393,6
2394,7
2395,7
2396,7
2397,7
2398,7
2399,8
2400,8
2401,8
2402,8
2403,8
2404,8
2405,9
2406,9
2407,9
2408,9
2409,9
2410,9
2411,9
2412,10
2413,10
2414,10
2415,10
2416,10
2417,10
2418,10
2419,10
2420,10
2421,10
2422,10
2423,10
2424,10
2425,11
2426,1
2427,1
2428,2
2429,2
2430,2
2431,2
2432,3
2433,3
2434,3
2435,3
2436,4
2437,4
2438,4
2439,4
2440,5
2441,5
2442,5
2443,5
2444,6
2445,6
2446,6
2447,6
2448,7
2449,7
2450,7
2451,7
2452,7
2453,8
2454,8
2455,8
2456,8
2457,8
2458,8
2459,9
2460,9
2461,9
2462,9
2463,9
2464,9
2465,9
2466,10
2467,10
2468,10
2469,10
2470,10
2471,10
2472,10
2473,10
2474,10
2475,10
2476,10
2477,10
2478,11
2479,11
2480,1
2481,1
2482,2
2483,2
2484,2
2485,2
2486,3
2487,3
2488,3
2489,3
2490,4
2491,4
2492,4
2493,4
2494,5
2495,5
2496,5
2497,5
2498,6
2499,6
2500,6
2501,6
2502,7
2503,7
2504,7
2505,7
2506,7
2507,8
2508,8
2509,8
2510,8
2511,8
2512,8
2513,9
2514,9
2515,9
2516,9
2517,9
2518,9
2519,9
2520,10
2521,10
2522,10
2523,10
2524,10
2525,10
2526,10
2527,10
2528,10
2529,10
2530,10
2531,10
2532,11
2533,11
2534,1
2535,1
2536,2
2537,2
2538,2
2539,2
2540,3
2541,3
2542,3
2543,3
2544,4
2545,4
2546,4
2547,5
2548,5
2549,5
2550,5
2551,5
2552,6
2553,6
2554,6
2555,6
2556,7
2557,7
2558,7
2559,7
2560,7
2561,8
2562,8
2563,8
2564,8
2565,8
2566,8
2567,9
2568,9
2569,9
2570,9
2571,9
2572,9
2573,9
2574,10
2575,10
2576,10
2577,10
2578,10
2579,10
2580,10
2581,10
2582,10
2583,10
2584,10
2585,10
2586,11
2587,11
2588,1
2589,1
2590,2
2591,2
2592,2
2593,2
2594,3
2595,3
2596,3
2597,4
2598,4
2599,4
2600,4
2601,5
2602,5
2603,5
2604,5
2605,5
2606,6
2607,6
2608,6
2609,6
2610,7
2611,7
2612,7
2613,7
2614,7
2615,8
2616,8
2617,8
2618,8
2619,8
2620,8
2621,9
2622,9
2623,9
2624,9
2625,9
2626,9
2627,10
2628,10
2629,10
2630,10
2631,10
2632,10
2633,10
2634,10
2635,10
2636,10
2637,10
2638,10
2639,10
2640,11
2641,11
2642,1
2643,1
2644,2
2645,2
2646,2
2647,2
2648,3
2649,3
2650,3
2651,4
2652,4
2653,4
2654,4
2655,5
2656,5
2657,5
2658,5
2659,5
2660,6
2661,6
2662,6
2663,6
2664,7
2665,7
2666,7
2667,7
2668,7
2669,8
2670,8
2671,8
2672,8
2673,8
2674,8
2675,9
2676,9
2677,9
2678,9
2679,9
2680,9
2681,10
2682,10
2683,10
2684,10
2685,10
2686,10
2687,10
2688,10
2689,10
2690,10
2691,10
2692,10
2693,10
2694,11
2695,11
2696,1
2697,1
2698,2
2699,2
2700,2
2701,2
2702,3
2703,3
2704,3
2705,4
2706,4
2707,4
2708,4
2709,5
2710,5
2711,5
2712,5
2713,6
2714,6
2715,6
2716,6
2717,6
2718,7
2719,7
2720,7
2721,7
2722,7
2723,8
2724,8
2725,8
2726,8
2727,8
2728,9
2729,9
2730,9
2731,9
2732,9
2733,9
2734,9
2735,10
2736,10
2737,10
2738,10
2739,10
2740,10
2741,10
2742,10
2743,10
2744,10
2745,10
2746,10
2747,11
2748,11
2749,1
2750,1
2751,2
2752,2
2753,2
2754,3
2755,3
2756,3
2757,3
2758,4
2759,4
2760,4
2761,4
2762,5
2763,5
2764,5
2765,5
2766,6
2767,6
2768,6
2769,6
2770,6
2771,7
2772,7
2773,7
2774,7
2775,7
2776,8
2777,8
2778,8
2779,8
2780,8
2781,9
2782,9
2783,9
2784,9
2785,9
2786,9
2787,9
2788,10
2789,10
2790,10
2791,10
2792,10
2793,10
2794,10
2795,10
2796,10
2797,10
2798,10
2799,10
2800,11
2801,11
2802,1
2803,1
2804,2
2805,2
2806,2
2807,3
2808,3
2809,3
2810,3
2811,4
2812,4
2813,4
2814,4
2815,5
2816,5
2817,5
2818,5
2819,6
2820,6
2821,6
2822,6
2823,6
2824,7
2825,7
2826,7
2827,7
2828,7
2829,8
2830,8
2831,8
2832,8
2833,8
2834,9
2835,9
2836,9
2837,9
2838,9
2839,9
2840,9
2841,10
2842,10
2843,10
2844,10
2845,10
2846,10
2847,10
2848,10
2849,10
2850,10
2851,10
2852,10
2853,11
2854,11
2855,1
2856,1
2857,2
2858,2
2859,2
2860,3
2861,3
2862,3
2863,3
2864,4
2865,4
2866,4
2867,4
2868,5
2869,5
2870,5
2871,5
2872,6
2873,6
2874,6
2875,6
2876,6
2877,7
2878,7
2879,7
2880,7
2881,7
2882,8
2883,8
2884,8
2885,8
2886,8
2887,9
2888,9
2889,9
2890,9
2891,9
2892,9
2893,9
2894,10
2895,10
2896,10
2897,10
2898,10
2899,10
2900,10
2901,10
2902,10
2903,10
2904,10
2905,10
2906,11
2907,11
2908,1
2909,1
2910,2
2911,2
2912,2
2913,3
2914,3
2915,3
2916,3
2917,4
2918,4
2919,4
2920,4
2921,5
2922,5
2923,5
2924,5
2925,6
2926,6
2927,6
2928,6
2929,6
2930,7
2931,7
2932,7
2933,7
2934,8
2935,8
2936,8
2937,8
2938,8
2939,8
2940,9
2941,9
2942,9
2943,9
2944,9
2945,9
2946,9
2947,10
2948,10
2949,10
2950,10
2951,10
2952,10
2953,10
2954,10
2955,10
2956,10
2957,10
2958,11
2959,11
2960,11
2961,1
2962,1
2963,2
2964,2
2965,2
2966,3
2967,3
2968,3
2969,3
2970,4
2971,4
2972,4
2973,4
2974,5
2975,5
2976,5
2977,5
2978,6
2979,6
2980,6
2981,6
2982,7
2983,7
2984,7
2985,7
2986,7
2987,8
2988,8
2989,8
2990,8
2991,8
2992,8
2993,9
2994,9
2995,9
2996,9
2997,9
2998,9
2999,9
3000,10
3001,10
3002,10
3003,10
3004,10
3005,10
3006,10
3007,10
3008,10
3009,10
3010,10
3011,11
3012,11
3013,11
3014,1
3015,2
3016,2
3017,2
3018,2
3019,3
3020,3
3021,3
3022,3
3023,4
3024,4
3025,4
3026,4
3027,5
3028,5
3029,5
3030,5
3031,6
3032,6
3033,6
3034,6
3035,7
3036,7
3037,7
3038,7
3039,7
3040,8
3041,8
3042,8
3043,8
3044,8
3045,8
3046,9
3047,9
3048,9
3049,9
3050,9
3051,9
3052,9
3053,10
3054,10
3055,10
3056,10
3057,10
3058,10
3059,10
3060,10
3061,10
3062,10
3063,10
3064,11
3065,11
3066,1
3067,2
3068,2
3069,2
3070,2
3071,3
3072,3
3073,3
3074,3
3075,4
3076,4
3077,4
3078,4
3079,5
3080,5
3081,5
3082,5
3083,6
3084,6
3085,6
3086,6
3087,7
3088,7
3089,7
3090,7
3091,7
3092,8
3093,8
3094,8
3095,8
3096,8
3097,8
3098,9
3099,9
3100,9
3101,9
3102,9
3103,9
3104,10
3105,10
3106,10
3107,10
3108,10
3109,10
3110,10
3111,10
3112,10
3113,10
3114,10
3115,10
3116,11
3117,11
3118,1
3119,2
3120,2
3121,2
3122,2
3123,3
3124,3
3125,3
3126,3
3127,4
3128,4
3129,4
3130,5
3131,5
3132,5
3133,5
3134,5
3135,6
3136,6
3137,6
3138,6
3139,7
3140,7
3141,7
3142,7
3143,7
3144,8
3145,8
3146,8
3147,8
3148,8
3149,8
3150,9
3151,9
3152,9
3153,9
3154,9
3155,9
3156,10
3157,10
3158,10
3159,10
3160,10
3161,10
3162,10
3163,10
3164,10
3165,10
3166,10
3167,10
3168,11
3169,11
3170,1
3171,2
3172,2
3173,2
3174,2
3175,3
3176,3
3177,3
3178,4
3179,4
3180,4
3181,4
3182,5
3183,5
3184,5
3185,5
3186,5
3187,6
3188,6
3189,6
3190,6
3191,7
3192,7
3193,7
3194,7
3195,7
3196,8
3197,8
3198,8
3199,8
3200,8
3201,9
3202,9
3203,9
3204,9
3205,9
3206,9
3207,9
3208,10
3209,10
3210,10
3211,10
3212,10
3213,10
3214,10
3215,10
3216,10
3217,10
3218,10
3219,11
3220,11
3221,11
3222,1
3223,2
3224,2
3225,2
3226,2
3227,3
3228,3
3229,3
3230,4
3231,4
3232,4
3233,4
3234,5
3235,5
3236,5
3237,5
3238,6
3239,6
3240,6
3241,6
3242,6
3243,7
3244,7
3245,7
3246,7
3247,7
3248,8
3249,8
3250,8
3251,8
3252,8
3253,9
3254,9
3255,9
3256,9
3257,9
3258,9
3259,9
3260,10
3261,10
3262,10
3263,10
3264,10
3265,10
3266,10
3267,10
3268,10
3269,10
3270,10
3271,11
3272,11
3273,11
3274,1
3275,2
3276,2
3277,2
3278,2
3279,3
3280,3
3281,3
3282,4
3283,4
3284,4
3285,4
3286,5
3287,5
3288,5
3289,5
3290,6
3291,6
3292,6
3293,6
3294,6
3295,7
3296,7
3297,7
3298,7
3299,7
3300,8
3301,8
3302,8
3303,8
3304,8
3305,9
3306,9
3307,9
3308,9
3309,9
3310,9
3311,9
3312,10
3313,10
3314,10
3315,10
3316,10
3317,10
3318,10
3319,10
3320,10
3321,10
3322,10
3323,11
3324,11
3325,11
3326,1
3327,2
3328,2
3329,2
3330,3
3331,3
3332,3
3333,3
3334,4
3335,4
3336,4
3337,4
3338,5
3339,5
3340,5
3341,5
3342,6
3343,6
3344,6
3345,6
3346,6
3347,7
3348,7
3349,7
3350,7
3351,7
3352,8
3353,8
3354,8
3355,8
3356,8
3357,9
3358,9
3359,9
3360,9
3361,9
3362,9
3363,9
3364,10
3365,10
3366,10
3367,10
3368,10
3369,10
3370,10
3371,10
3372,10
3373,10
3374,10
3375,11
3376,11
3377,1
3378,2
3379,2
3380,2
3381,3
3382,3
3383,3
3384,3
3385,4
3386,4
3387,4
3388,4
3389,5
3390,5
3391,5
3392,5
3393,6
3394,6
3395,6
3396,6
3397,6
3398,7
3399,7
3400,7
3401,7
3402,7
3403,8
3404,8
3405,8
3406,8
3407,8
3408,9
3409,9
3410,9
3411,9
3412,9
3413,9
3414,9
3415,10
3416,10
3417,10
3418,10
3419,10
3420,10
3421,10
3422,10
3423,10
3424,10
3425,11
3426,11
3427,11
3428,1
3429,2
3430,2
3431,2
3432,3
3433,3
3434,3
3435,3
3436,4
3437,4
3438,4
3439,4
3440,5
3441,5
3442,5
3443,5
3444,6
3445,6
3446,6
3447,6
3448,6
3449,7
3450,7
3451,7
3452,7
3453,8
3454,8
3455,8
3456,8
3457,8
3458,8
3459,9
3460,9
3461,9
3462,9
3463,9
3464,9
3465,9
3466,10
3467,10
3468,10
3469,10
3470,10
3471,10
3472,10
3473,10
3474,10
3475,10
3476,11
3477,11
3478,11
3479,1
3480,2
3481,2
3482,2
3483,3
3484,3
3485,3
3486,3
3487,4
3488,4
3489,4
3490,4
3491,5
3492,5
3493,5
3494,5
3495,6
3496,6
3497,6
3498,6
3499,7
3500,7
3501,7
3502,7
3503,7
3504,8
3505,8
3506,8
3507,8
3508,8
3509,8
3510,9
3511,9
3512,9
3513,9
3514,9
3515,9
3516,10
3517,10
3518,10
3519,10
3520,10
3521,10
3522,10
3523,10
3524,10
3525,10
3526,10
3527,11
3528,11
3529,11
3530,2
3531,2
3532,2
3533,2
3534,3
3535,3
3536,3
3537,3
3538,4
3539,4
3540,4
3541,4
3542,5
3543,5
3544,5
3545,5
3546,6
3547,6
3548,6
3549,6
3550,7
3551,7
3552,7
3553,7
3554,7
3555,8
3556,8
3557,8
3558,8
3559,8
3560,8
3561,9
3562,9
3563,9
3564,9
3565,9
3566,9
3567,10
3568,10
3569,10
3570,10
3571,10
3572,10
3573,10
3574,10
3575,10
3576,10
3577,10
3578,11
3579,11
3580,11
3581,2
3582,2
3583,2
3584,2
3585,3
3586,3
3587,3
3588,3
3589,4
3590,4
3591,4
3592,4
3593,5
3594,5
3595,5
3596,5
3597,6
3598,6
3599,6
3600,6
3601,7
3602,7
3603,7
3604,7
3605,7
3606,8
3607,8
3608,8
3609,8
3610,8
3611,8
3612,9
3613,9
3614,9
3615,9
3616,9
3617,9
3618,10
3619,10
3620,10
3621,10
3622,10
3623,10
3624,10
3625,10
3626,10
3627,10
3628,10
3629,11
3630,11
3631,11
3632,2
3633,2
3634,2
3635,2
3636,3
3637,3
3638,3
3639,4
3640,4
3641,4
3642,4
3643,5
3644,5
3645,5
3646,5
3647,5
3648,6
3649,6
3650,6
3651,6
3652,7
3653,7
3654,7
3655,7
3656,7
3657,8
3658,8
3659,8
3660,8
3661,8
3662,9
3663,9
3664,9
3665,9
3666,9
3667,9
3668,9
3669,10
3670,10
3671,10
3672,10
3673,10
3674,10
3675,10
3676,10
3677,10
3678,10
3679,11
3680,11
3681,11
3682,2
3683,2
3684,2
3685,2
3686,3
3687,3
3688,3
3689,4
3690,4
3691,4
3692,4
3693,5
3694,5
3695,5
3696,5
3697,6
3698,6
3699,6
3700,6
3701,6
3702,7
3703,7
3704,7
3705,7
3706,7
3707,8
3708,8
3709,8
3710,8
3711,8
3712,9
3713,9
3714,9
3715,9
3716,9
3717,9
3718,9
3719,10
3720,10
3721,10
3722,10
3723,10
3724,10
3725,10
3726,10
3727,10
3728,10
3729,11
3730,11
3731,11
3732,2
3733,2
3734,2
3735,2
3736,3
3737,3
3738,3
3739,4
3740,4
3741,4
3742,4
3743,5
3744,5
3745,5
3746,5
3747,6
3748,6
3749,6
3750,6
3751,6
3752,7
3753,7
3754,7
3755,7
3756,7
3757,8
3758,8
3759,8
3760,8
3761,8
3762,9
3763,9
3764,9
3765,9
3766,9
3767,9
3768,9
3769,10
3770,10
3771,10
3772,10
3773,10
3774,10
3775,10
3776,10
3777,10
3778,10
3779,11
3780,11
3781,11
3782,2
3783,2
3784,2
3785,3
3786,3
3787,3
3788,3
3789,4
3790,4
3791,4
3792,4
3793,5
3794,5
3795,5
3796,5
3797,6
3798,6
3799,6
3800,6
3801,6
3802,7
3803,7
3804,7
3805,7
3806,7
3807,8
3808,8
3809,8
3810,8
3811,8
3812,9
3813,9
3814,9
3815,9
3816,9
3817,9
3818,10
3819,10
3820,10
3821,10
3822,10
3823,10
3824,10
3825,10
3826,10
3827,10
3828,10
3829,11
3830,11
3831,11
3832,2
3833,2
3834,2
3835,3
3836,3
3837,3
3838,3
3839,4
3840,4
3841,4
3842,4
3843,5
3844,5
3845,5
3846,5
3847,6
3848,6
3849,6
3850,6
3851,6
3852,7
3853,7
3854,7
3855,7
3856,8
3857,8
3858,8
3859,8
3860,8
3861,8
3862,9
3863,9
3864,9
3865,9
3866,9
3867,9
3868,10
3869,10
3870,10
3871,10
3872,10
3873,10
3874,10
3875,10
3876,10
3877,10
3878,11
3879,11
3880,11
3881,11
3882,2
3883,2
3884,2
3885,3
3886,3
3887,3
3888,3
3889,4
3890,4
3891,4
3892,4
3893,5
3894,5
3895,5
3896,5
3897,6
3898,6
3899,6
3900,6
3901,7
3902,7
3903,7
3904,7
3905,7
3906,8
3907,8
3908,8
3909,8
3910,8
3911,8
3912,9
3913,9
3914,9
3915,9
3916,9
3917,9
3918,10
3919,10
3920,10
3921,10
3922,10
3923,10
3924,10
3925,10
3926,10
3927,10
3928,11
3929,11
3930,11
3931,2
3932,2
3933,2
3934,3
3935,3
3936,3
3937,3
3938,4
3939,4
3940,4
3941,4
3942,5
3943,5
3944,5
3945,5
3946,6
3947,6
3948,6
3949,6
3950,7
3951,7
3952,7
3953,7
3954,7
3955,8
3956,8
3957,8
3958,8
3959,8
3960,8
3961,9
3962,9
3963,9
3964,9
3965,9
3966,9
3967,10
3968,10
3969,10
3970,10
3971,10
3972,10
3973,10
3974,10
3975,10
3976,10
3977,11
3978,11
3979,11
3980,2
3981,2
3982,2
3983,3
3984,3
3985,3
3986,3
3987,4
3988,4
3989,4
3990,4
3991,5
3992,5
3993,5
3994,5
3995,6
3996,6
3997,6
3998,6
3999,7
4000,7
4001,7
4002,7
4003,7
4004,8
4005,8
4006,8
4007,8
4008,8
4009,9
4010,9
4011,9
4012,9
4013,9
4014,9
4015,9
4016,10
4017,10
4018,10
4019,10
4020,10
4021,10
4022,10
4023,10
4024,10
4025,10
4026,11
4027,11
4028,11
4029,2
4030,2
4031,2
4032,3
4033,3
4034,3
4035,3
4036,4
4037,4
4038,4
4039,5
4040,5
4041,5
4042,5
4043,5
4044,6
4045,6
4046,6
4047,6
4048,7
4049,7
4050,7
4051,7
4052,7
4053,8
4054,8
4055,8
4056,8
4057,8
4058,9
4059,9
4060,9
4061,9
4062,9
4063,9
4064,9
4065,10
4066,10
4067,10
4068,10
4069,10
4070,10
4071,10
4072,10
4073,10
4074,10
4075,11
4076,11
4077,11
4078,2
4079,2
4080,2
4081,3
4082,3
4083,3
4084,4
4085,4
4086,4
4087,4
4088,5
4089,5
4090,5
4091,5
4092,6
4093,6
4094,6
4095,6
4096,6
4097,7
4098,7
4099,7
4100,7
4101,7
4102,8
4103,8
4104,8
4105,8
4106,8
4107,9
4108,9
4109,9
4110,9
4111,9
4112,9
4113,9
4114,10
4115,10
4116,10
4117,10
4118,10
4119,10
4120,10
4121,10
4122,10
4123,11
4124,11
4125,11
4126,11
4127,2
4128,2
4129,2
4130,3
4131,3
4132,3
4133,4
4134,4
4135,4
4136,4
4137,5
4138,5
4139,5
4140,5
4141,6
4142,6
4143,6
4144,6
4145,6
4146,7
4147,7
4148,7
4149,7
4150,7
4151,8
4152,8
4153,8
4154,8
4155,8
4156,9
4157,9
4158,9
4159,9
4160,9
4161,9
4162,10
4163,10
4164,10
4165,10
4166,10
4167,10
4168,10
4169,10
4170,10
4171,10
4172,11
4173,11
4174,11
4175,11
4176,2
4177,2
4178,3
4179,3
4180,3
4181,3
4182,4
4183,4
4184,4
4185,4
4186,5
4187,5
4188,5
4189,5
4190,6
4191,6
4192,6
4193,6
4194,6
4195,7
4196,7
4197,7
4198,7
4199,8
4200,8
4201,8
4202,8
4203,8
4204,8
4205,9
4206,9
4207,9
4208,9
4209,9
4210,9
4211,10
4212,10
4213,10
4214,10
4215,10
4216,10
4217,10
4218,10
4219,10
4220,10
4221,11
4222,11
4223,11
4224,2
4225,2
4226,3
4227,3
4228,3
4229,3
4230,4
4231,4
4232,4
4233,4
4234,5
4235,5
4236,5
4237,5
4238,6
4239,6
4240,6
4241,6
4242,7
4243,7
4244,7
4245,7
4246,7
4247,8
4248,8
4249,8
4250,8
4251,8
4252,8
4253,9
4254,9
4255,9
4256,9
4257,9
4258,9
4259,10
4260,10
4261,10
4262,10
4263,10
4264,10
4265,10
4266,10
4267,10
4268,10
4269,11
4270,11
4271,11
4272,2
4273,2
4274,3
4275,3
4276,3
4277,3
4278,4
4279,4
4280,4
4281,4
4282,5
4283,5
4284,5
4285,5
4286,6
4287,6
4288,6
4289,6
4290,7
4291,7
4292,7
4293,7
4294,7
4295,8
4296,8
4297,8
4298,8
4299,8
4300,9
4301,9
4302,9
4303,9
4304,9
4305,9
4306,9
4307,10
4308,10
4309,10
4310,10
4311,10
4312,10
4313,10
4314,10
4315,10
4316,11
4317,11
4318,11
4319,11
4320,2
4321,2
4322,3
4323,3
4324,3
4325,3
4326,4
4327,4
4328,4
4329,4
4330,5
4331,5
4332,5
4333,5
4334,6
4335,6
4336,6
4337,6
4338,7
4339,7
4340,7
4341,7
4342,7
4343,8
4344,8
4345,8
4346,8
4347,8
4348,9
4349,9
4350,9
4351,9
4352,9
4353,9
4354,9
4355,10
4356,10
4357,10
4358,10
4359,10
4360,10
4361,10
4362,10
4363,10
4364,11
4365,11
4366,11
4367,11
4368,2
4369,2
4370,3
4371,3
4372,3
4373,3
4374,4
4375,4
4376,4
4377,5
4378,5
4379,5
4380,5
4381,5
4382,6
4383,6
4384,6
4385,6
4386,7
4387,7
4388,7
4389,7
4390,7
4391,8
4392,8
4393,8
4394,8
4395,8
4396,9
4397,9
4398,9
4399,9
4400,9
4401,9
4402,9
4403,10
4404,10
4405,10
4406,10
4407,10
4408,10
4409,10
4410,10
4411,10
4412,11
4413,11
4414,11
4415,11
4416,2
4417,2
4418,3
4419,3
4420,3
4421,4
4422,4
4423,4
4424,4
4425,5
4426,5
4427,5
4428,5
4429,6
4430,6
4431,6
4432,6
4433,6
4434,7
4435,7
4436,7
4437,7
4438,7
4439,8
4440,8
4441,8
4442,8
4443,8
4444,9
4445,9
4446,9
4447,9
4448,9
4449,9
4450,10
4451,10
4452,10
4453,10
4454,10
4455,10
4456,10
4457,10
4458,10
4459,10
4460,11
4461,11
4462,11
4463,11
4464,2
4465,2
4466,3
4467,3
4468,3
4469,4
4470,4
4471,4
4472,4
4473,5
4474,5
4475,5
4476,5
4477,6
4478,6
4479,6
4480,6
4481,6
4482,7
4483,7
4484,7
4485,7
4486,8
4487,8
4488,8
4489,8
4490,8
4491,8
4492,9
4493,9
4494,9
4495,9
4496,9
4497,9
4498,10
4499,10
4500,10
4501,10
4502,10
4503,10
4504,10
4505,10
4506,10
4507,11
4508,11
4509,11
4510,11
4511,2
4512,3
4513,3
4514,3
4515,3
4516,4
4517,4
4518,4
4519,4
4520,5
4521,5
4522,5
4523,5
4524,6
4525,6
4526,6
4527,6
4528,6
4529,7
4530,7
4531,7
4532,7
4533,8
4534,8
4535,8
4536,8
4537,8
4538,8
4539,9
4540,9
4541,9
4542,9
4543,9
4544,9
4545,10
4546,10
4547,10
4548,10
4549,10
4550,10
4551,10
4552,10
4553,10
4554,11
4555,11
4556,11
4557,11
4558,2
4559,3
4560,3
4561,3
4562,3
4563,4
4564,4
4565,4
4566,4
4567,5
4568,5
4569,5
4570,5
4571,6
4572,6
4573,6
4574,6
4575,7
4576,7
4577,7
4578,7
4579,7
4580,8
4581,8
4582,8
4583,8
4584,8
4585,9
4586,9
4587,9
4588,9
4589,9
4590,9
4591,9
4592,10
4593,10
4594,10
4595,10
4596,10
4597,10
4598,10
4599,10
4600,10
4601,11
4602,11
4603,11
4604,11
4605,2
4606,3
4607,3
4608,3
4609,3
4610,4
4611,4
4612,4
4613,4
4614,5
4615,5
4616,5
4617,5
4618,6
4619,6
4620,6
4621,6
4622,7
4623,7
4624,7
4625,7
4626,7
4627,8
4628,8
4629,8
4630,8
4631,8
4632,9
4633,9
4634,9
4635,9
4636,9
4637,9
4638,9
4639,10
4640,10
4641,10
4642,10
4643,10
4644,10
4645,10
4646,10
4647,10
4648,11
4649,11
4650,11
4651,11
4652,2
4653,3
4654,3
4655,3
4656,3
4657,4
4658,4
4659,4
4660,4
4661,5
4662,5
4663,5
4664,5
4665,6
4666,6
4667,6
4668,6
4669,7
4670,7
4671,7
4672,7
4673,7
4674,8
4675,8
4676,8
4677,8
4678,8
4679,9
4680,9
4681,9
4682,9
4683,9
4684,9
4685,10
4686,10
4687,10
4688,10
4689,10
4690,10
4691,10
4692,10
4693,10
4694,11
4695,11
4696,11
4697,11
4698,11
4699,2
4700,3
4701,3
4702,3
4703,3
4704,4
4705,4
4706,4
4707,5
4708,5
4709,5
4710,5
4711,5
4712,6
4713,6
4714,6
4715,6
4716,7
4717,7
4718,7
4719,7
4720,7
4721,8
4722,8
4723,8
4724,8
4725,8
4726,9
4727,9
4728,9
4729,9
4730,9
4731,9
4732,10
4733,10
4734,10
4735,10
4736,10
4737,10
4738,10
4739,10
4740,10
4741,11
4742,11
4743,11
4744,11
4745,2
4746,3
4747,3
4748,3
4749,4
4750,4
4751,4
4752,4
4753,5
4754,5
4755,5
4756,5
4757,6
4758,6
4759,6
4760,6
4761,6
4762,7
4763,7
4764,7
4765,7
4766,8
4767,8
4768,8
4769,8
4770,8
4771,8
4772,9
4773,9
4774,9
4775,9
4776,9
4777,9
4778,10
4779,10
4780,10
4781,10
4782,10
4783,10
4784,10
4785,10
4786,10
4787,11
4788,11
4789,11
4790,11
4791,2
4792,3
4793,3
4794,3
4795,4
4796,4
4797,4
4798,4
4799,5
4800,5
4801,5
4802,5
4803,6
4804,6
4805,6
4806,6
4807,6
4808,7
4809,7
4810,7
4811,7
4812,8
4813,8
4814,8
4815,8
4816,8
4817,8
4818,9
4819,9
4820,9
4821,9
4822,9
4823,9
4824,10
4825,10
4826,10
4827,10
4828,10
4829,10
4830,10
4831,10
4832,10
4833,11
4834,11
4835,11
4836,11
4837,3
4838,3
4839,3
4840,3
4841,4
4842,4
4843,4
4844,4
4845,5
4846,5
4847,5
4848,5
4849,6
4850,6
4851,6
4852,6
4853,7
4854,7
4855,7
4856,7
4857,7
4858,8
4859,8
4860,8
4861,8
4862,8
4863,9
4864,9
4865,9
4866,9
4867,9
4868,9
4869,9
4870,10
4871,10
4872,10
4873,10
4874,10
4875,10
4876,10
4877,10
4878,11
4879,11
4880,11
4881,11
4882,11
4883,3
4884,3
4885,3
4886,3
4887,4
4888,4
4889,4
4890,4
4891,5
4892,5
4893,5
4894,5
4895,6
4896,6
4897,6
4898,6
4899,7
4900,7
4901,7
4902,7
4903,7
4904,8
4905,8
4906,8
4907,8
4908,8
4909,9
4910,9
4911,9
4912,9
4913,9
4914,9
4915,10
4916,10
4917,10
4918,10
4919,10
4920,10
4921,10
4922,10
4923,10
4924,11
4925,11
4926,11
4927,11
4928,11
4929,3
4930,3
4931,3
4932,3
4933,4
4934,4
4935,4
4936,4
4937,5
4938,5
4939,5
4940,5
4941,6
4942,6
4943,6
4944,6
4945,7
4946,7
4947,7
4948,7
4949,7
4950,8
4951,8
4952,8
4953,8
4954,8
4955,9
4956,9
4957,9
4958,9
4959,9
4960,9
4961,10
4962,10
4963,10
4964,10
4965,10
4966,10
4967,10
4968,10
4969,10
4970,11
4971,11
4972,11
4973,11
4974,3
4975,3
4976,3
4977,3
4978,4
4979,4
4980,4
4981,5
4982,5
4983,5
4984,5
4985,5
4986,6
4987,6
4988,6
4989,6
4990,7
4991,7
4992,7
4993,7
4994,7
4995,8
4996,8
4997,8
4998,8
4999,8
5000,9
5001,9
5002,9
5003,9
5004,9
5005,9
5006,10
5007,10
5008,10
5009,10
5010,10
5011,10
5012,10
5013,10
5014,10
5015,11
5016,11
5017,11
5018,11
5019,3
5020,3
5021,3
5022,4
5023,4
5024,4
5025,4
5026,5
5027,5
5028,5
5029,5
5030,6
5031,6
5032,6
5033,6
5034,6
5035,7
5036,7
5037,7
5038,7
5039,8
5040,8
5041,8
5042,8
5043,8
5044,8
5045,9
5046,9
5047,9
5048,9
5049,9
5050,9
5051,10
5052,10
5053,10
5054,10
5055,10
5056,10
5057,10
5058,10
5059,11
5060,11
5061,11
5062,11
5063,11
5064,3
5065,3
5066,3
5067,4
5068,4
5069,4
5070,4
5071,5
5072,5
5073,5
5074,5
5075,6
5076,6
5077,6
5078,6
5079,6
5080,7
5081,7
5082,7
5083,7
5084,8
5085,8
5086,8
5087,8
5088,8
5089,8
5090,9
5091,9
5092,9
5093,9
5094,9
5095,9
5096,10
5097,10
5098,10
5099,10
5100,10
5101,10
5102,10
5103,10
5104,11
5105,11
5106,11
5107,11
5108,11
5109,3
5110,3
5111,3
5112,4
5113,4
5114,4
5115,4
5116,5
5117,5
5118,5
5119,5
5120,6
5121,6
5122,6
5123,6
5124,7
5125,7
5126,7
5127,7
5128,7
5129,8
5130,8
5131,8
5132,8
5133,8
5134,9
5135,9
5136,9
5137,9
5138,9
5139,9
5140,10
5141,10
5142,10
5143,10
5144,10
5145,10
5146,10
5147,10
5148,10
5149,11
5150,11
5151,11
5152,11
5153,11
5154,3
5155,3
5156,3
5157,4
5158,4
5159,4
5160,4
5161,5
5162,5
5163,5
5164,5
5165,6
5166,6
5167,6
5168,6
5169,7
5170,7
5171,7
5172,7
5173,7
5174,8
5175,8
5176,8
5177,8
5178,8
5179,9
5180,9
5181,9
5182,9
5183,9
5184,9
5185,10
5186,10
5187,10
5188,10
5189,10
5190,10
5191,10
5192,10
5193,10
5194,11
5195,11
5196,11
5197,11
5198,3
5199,3
5200,3
5201,4
5202,4
5203,4
5204,4
5205,5
5206,5
5207,5
5208,5
5209,6
5210,6
5211,6
5212,6
5213,7
5214,7
5215,7
5216,7
5217,7
5218,8
5219,8
5220,8
5221,8
5222,8
5223,9
5224,9
5225,9
5226,9
5227,9
5228,9
5229,10
5230,10
5231,10
5232,10
5233,10
5234,10
5235,10
5236,10
5237,11
5238,11
5239,11
5240,11
5241,11
5242,3
5243,3
5244,3
5245,4
5246,4
5247,4
5248,5
5249,5
5250,5
5251,5
5252,6
5253,6
5254,6
5255,6
5256,6
5257,7
5258,7
5259,7
5260,7
5261,7
5262,8
5263,8
5264,8
5265,8
5266,8
5267,9
5268,9
5269,9
5270,9
5271,9
5272,9
5273,10
5274,10
5275,10
5276,10
5277,10
5278,10
5279,10
5280,10
5281,11
5282,11
5283,11
5284,11
5285,11
5286,3
5287,3
5288,4
5289,4
5290,4
5291,4
5292,5
5293,5
5294,5
5295,5
5296,6
5297,6
5298,6
5299,6
5300,6
5301,7
5302,7
5303,7
5304,7
5305,8
5306,8
5307,8
5308,8
5309,8
5310,8
5311,9
5312,9
5313,9
5314,9
5315,9
5316,9
5317,10
5318,10
5319,10
5320,10
5321,10
5322,10
5323,10
5324,10
5325,11
5326,11
5327,11
5328,11
5329,11
5330,3
5331,3
5332,4
5333,4
5334,4
5335,4
5336,5
5337,5
5338,5
5339,5
5340,6
5341,6
5342,6
5343,6
5344,7
5345,7
5346,7
5347,7
5348,7
5349,8
5350,8
5351,8
5352,8
5353,8
5354,9
5355,9
5356,9
5357,9
5358,9
5359,9
5360,10
5361,10
5362,10
5363,10
5364,10
5365,10
5366,10
5367,10
5368,11
5369,11
5370,11
5371,11
5372,11
5373,11
5374,3
5375,3
5376,4
5377,4
5378,4
5379,4
5380,5
5381,5
5382,5
5383,5
5384,6
5385,6
5386,6
5387,6
5388,7
5389,7
5390,7
5391,7
5392,7
5393,8
5394,8
5395,8
5396,8
5397,8
5398,9
5399,9
5400,9
5401,9
5402,9
5403,9
5404,10
5405,10
5406,10
5407,10
5408,10
5409,10
5410,10
5411,10
5412,11
5413,11
5414,11
5415,11
5416,11
5417,3
5418,3
5419,4
5420,4
5421,4
5422,4
5423,5
5424,5
5425,5
5426,5
5427,6
5428,6
5429,6
5430,6
5431,7
5432,7
5433,7
5434,7
5435,7
5436,8
5437,8
5438,8
5439,8
5440,8
5441,9
5442,9
5443,9
5444,9
5445,9
5446,9
5447,10
5448,10
5449,10
5450,10
5451,10
5452,10
5453,10
5454,10
5455,11
5456,11
5457,11
5458,11
5459,11
5460,3
5461,3
5462,4
5463,4
5464,4
5465,4
5466,5
5467,5
5468,5
5469,5
5470,6
5471,6
5472,6
5473,6
5474,7
5475,7
5476,7
5477,7
5478,7
5479,8
5480,8
5481,8
5482,8
5483,8
5484,9
5485,9
5486,9
5487,9
5488,9
5489,9
5490,10
5491,10
5492,10
5493,10
5494,10
5495,10
5496,10
5497,10
5498,11
5499,11
5500,11
5501,11
5502,11
5503,3
5504,3
5505,4
5506,4
5507,4
5508,5
5509,5
5510,5
5511,5
5512,6
5513,6
5514,6
5515,6
5516,6
5517,7
5518,7
5519,7
5520,7
5521,8
5522,8
5523,8
5524,8
5525,8
5526,8
5527,9
5528,9
5529,9
5530,9
5531,9
5532,10
5533,10
5534,10
5535,10
5536,10
5537,10
5538,10
5539,10
5540,11
5541,11
5542,11
5543,11
5544,11
5545,11
5546,3
5547,4
5548,4
5549,4
5550,4
5551,5
5552,5
5553,5
5554,5
5555,6
5556,6
5557,6
5558,6
5559,7
5560,7
5561,7
5562,7
5563,7
5564,8
5565,8
5566,8
5567,8
5568,8
5569,9
5570,9
5571,9
5572,9
5573,9
5574,9
5575,10
5576,10
5577,10
5578,10
5579,10
5580,10
5581,10
5582,10
5583,11
5584,11
5585,11
5586,11
5587,11
5588,11
5589,3
5590,4
5591,4
5592,4
5593,4
5594,5
5595,5
5596,5
5597,5
5598,6
5599,6
5600,6
5601,6
5602,7
5603,7
5604,7
5605,7
5606,7
5607,8
5608,8
5609,8
5610,8
5611,8
5612,9
5613,9
5614,9
5615,9
5616,9
5617,9
5618,10
5619,10
5620,10
5621,10
5622,10
5623,10
5624,10
5625,10
5626,11
5627,11
5628,11
5629,11
5630,11
5631,3
5632,4
5633,4
5634,4
5635,4
5636,5
5637,5
5638,5
5639,5
5640,6
5641,6
5642,6
5643,6
5644,7
5645,7
5646,7
5647,7
5648,7
5649,8
5650,8
5651,8
5652,8
5653,8
5654,9
5655,9
5656,9
5657,9
5658,9
5659,9
5660,10
5661,10
5662,10
5663,10
5664,10
5665,10
5666,10
5667,10
5668,11
5669,11
5670,11
5671,11
5672,11
5673,3
5674,4
5675,4
5676,4
5677,4
5678,5
5679,5
5680,5
5681,5
5682,6
5683,6
5684,6
5685,6
5686,7
5687,7
5688,7
5689,7
5690,7
5691,8
5692,8
5693,8
5694,8
5695,8
5696,9
5697,9
5698,9
5699,9
5700,9
5701,9
5702,10
5703,10
5704,10
5705,10
5706,10
5707,10
5708,10
5709,11
5710,11
5711,11
5712,11
5713,11
5714,11
5715,3
5716,4
5717,4
5718,4
5719,5
5720,5
5721,5
5722,5
5723,6
5724,6
5725,6
5726,6
5727,6
5728,7
5729,7
5730,7
5731,7
5732,8
5733,8
5734,8
5735,8
5736,8
5737,9
5738,9
5739,9
5740,9
5741,9
5742,9
5743,10
5744,10
5745,10
5746,10
5747,10
5748,10
5749,10
5750,10
5751,11
5752,11
5753,11
5754,11
5755,11
5756,11
5757,4
5758,4
5759,4
5760,4
5761,5
5762,5
5763,5
5764,5
5765,6
5766,6
5767,6
5768,6
5769,7
5770,7
5771,7
5772,7
5773,7
5774,8
5775,8
5776,8
5777,8
5778,8
5779,9
5780,9
5781,9
5782,9
5783,9
5784,9
5785,10
5786,10
5787,10
5788,10
5789,10
5790,10
5791,10
5792,10
5793,11
5794,11
5795,11
5796,11
5797,11
5798,11
5799,4
5800,4
5801,4
5802,4
5803,5
5804,5
5805,5
5806,5
5807,6
5808,6
5809,6
5810,6
5811,7
5812,7
5813,7
5814,7
5815,7
5816,8
5817,8
5818,8
5819,8
5820,8
5821,9
5822,9
5823,9
5824,9
5825,9
5826,9
5827,10
5828,10
5829,10
5830,10
5831,10
5832,10
5833,10
5834,11
5835,11
5836,11
5837,11
5838,11
5839,11
5840,4
5841,4
5842,4
5843,4
5844,5
5845,5
5846,5
5847,5
5848,6
5849,6
5850,6
5851,6
5852,7
5853,7
5854,7
5855,7
5856,7
5857,8
5858,8
5859,8
5860,8
5861,8
5862,9
5863,9
5864,9
5865,9
5866,9
5867,9
5868,10
5869,10
5870,10
5871,10
5872,10
5873,10
5874,10
5875,11
5876,11
5877,11
5878,11
5879,11
5880,11
5881,4
5882,4
5883,4
5884,4
5885,5
5886,5
5887,5
5888,5
5889,6
5890,6
5891,6
5892,6
5893,7
5894,7
5895,7
5896,7
5897,8
5898,8
5899,8
5900,8
5901,8
5902,8
5903,9
5904,9
5905,9
5906,9
5907,9
5908,10
5909,10
5910,10
5911,10
5912,10
5913,10
5914,10
5915,10
5916,11
5917,11
5918,11
5919,11
5920,11
5921,11
5922,4
5923,4
5924,4
5925,5
5926,5
5927,5
5928,5
5929,6
5930,6
5931,6
5932,6
5933,6
5934,7
5935,7
5936,7
5937,7
5938,8
5939,8
5940,8
5941,8
5942,8
5943,9
5944,9
5945,9
5946,9
5947,9
5948,9
5949,10
5950,10
5951,10
5952,10
5953,10
5954,10
5955,10
5956,10
5957,11
5958,11
5959,11
5960,11
5961,11
5962,11
5963,4
5964,4
5965,4
5966,5
5967,5
5968,5
5969,5
5970,6
5971,6
5972,6
5973,6
5974,7
5975,7
5976,7
5977,7
5978,7
5979,8
5980,8
5981,8
5982,8
5983,8
5984,9
5985,9
5986,9
5987,9
5988,9
5989,9
5990,10
5991,10
5992,10
5993,10
5994,10
5995,10
5996,10
5997,11
5998,11
5999,11
6000,11
6001,11
6002,11
6003,11
6004,4
6005,4
6006,4
6007,5
6008,5
6009,5
6010,5
6011,6
6012,6
6013,6
6014,6
6015,7
6016,7
6017,7
6018,7
6019,7
6020,8
6021,8
6022,8
6023,8
6024,8
6025,9
6026,9
6027,9
6028,9
6029,9
6030,9
6031,10
6032,10
6033,10
6034,10
6035,10
6036,10
6037,10
6038,11
6039,11
6040,11
6041,11
6042,11
6043,11
6044,4
6045,4
6046,4
6047,5
6048,5
6049,5
6050,5
6051,6
6052,6
6053,6
6054,6
6055,7
6056,7
6057,7
6058,7
6059,7
6060,8
6061,8
6062,8
6063,8
6064,8
6065,9
6066,9
6067,9
6068,9
6069,9
6070,10
6071,10
6072,10
6073,10
6074,10
6075,10
6076,10
6077,10
6078,11
6079,11
6080,11
6081,11
6082,11
6083,11
6084,4
6085,4
6086,4
6087,5
6088,5
6089,5
6090,5
6091,6
6092,6
6093,6
6094,6
6095,7
6096,7
6097,7
6098,7
6099,8
6100,8
6101,8
6102,8
6103,8
6104,9
6105,9
6106,9
6107,9
6108,9
6109,9
6110,10
6111,10
6112,10
6113,10
6114,10
6115,10
6116,10
6117,11
6118,11
6119,11
6120,11
6121,11
6122,11
6123,11
6124,4
6125,4
6126,5
6127,5
6128,5
6129,5
6130,6
6131,6
6132,6
6133,6
6134,6
6135,7
6136,7
6137,7
6138,7
6139,8
6140,8
6141,8
6142,8
6143,8
6144,9
6145,9
6146,9
6147,9
6148,9
6149,9
6150,10
6151,10
6152,10
6153,10
6154,10
6155,10
6156,10
6157,11
6158,11
6159,11
6160,11
6161,11
6162,11
6163,11
6164,4
6165,4
6166,5
6167,5
6168,5
6169,5
6170,6
6171,6
6172,6
6173,6
6174,7
6175,7
6176,7
6177,7
6178,7
6179,8
6180,8
6181,8
6182,8
6183,8
6184,9
6185,9
6186,9
6187,9
6188,9
6189,9
6190,10
6191,10
6192,10
6193,10
6194,10
6195,10
6196,10
6197,11
6198,11
6199,11
6200,11
6201,11
6202,11
6203,11
6204,4
6205,4
6206,5
6207,5
6208,5
6209,5
6210,6
6211,6
6212,6
6213,6
6214,7
6215,7
6216,7
6217,7
6218,7
6219,8
6220,8
6221,8
6222,8
6223,8
6224,9
6225,9
6226,9
6227,9
6228,9
6229,10
6230,10
6231,10
6232,10
6233,10
6234,10
6235,10
6236,10
6237,11
6238,11
6239,11
6240,11
6241,11
6242,11
6243,4
6244,4
6245,5
6246,5
6247,5
6248,5
6249,6
6250,6
6251,6
6252,6
6253,7
6254,7
6255,7
6256,7
6257,8
6258,8
6259,8
6260,8
6261,8
6262,9
6263,9
6264,9
6265,9
6266,9
6267,9
6268,10
6269,10
6270,10
6271,10
6272,10
6273,10
6274,10
6275,11
6276,11
6277,11
6278,11
6279,11
6280,11
6281,11
6282,4
6283,5
6284,5
6285,5
6286,5
6287,6
6288,6
6289,6
6290,6
6291,6
6292,7
6293,7
6294,7
6295,7
6296,8
6297,8
6298,8
6299,8
6300,8
6301,9
6302,9
6303,9
6304,9
6305,9
6306,9
6307,10
6308,10
6309,10
6310,10
6311,10
6312,10
6313,10
6314,11
6315,11
6316,11
6317,11
6318,11
6319,11
6320,11
6321,4
6322,5
6323,5
6324,5
6325,5
6326,6
6327,6
6328,6
6329,6
6330,7
6331,7
6332,7
6333,7
6334,7
6335,8
6336,8
6337,8
6338,8
6339,8
6340,9
6341,9
6342,9
6343,9
6344,9
6345,9
6346,10
6347,10
6348,10
6349,10
6350,10
6351,10
6352,10
6353,11
6354,11
6355,11
6356,11
6357,11
6358,11
6359,11
6360,4
6361,5
6362,5
6363,5
6364,5
6365,6
6366,6
6367,6
6368,6
6369,7
6370,7
6371,7
6372,7
6373,7
6374,8
6375,8
6376,8
6377,8
6378,8
6379,9
6380,9
6381,9
6382,9
6383,9
6384,10
6385,10
6386,10
6387,10
6388,10
6389,10
6390,10
6391,11
6392,11
6393,11
6394,11
6395,11
6396,11
6397,11
6398,4
6399,5
6400,5
6401,5
6402,5
6403,6
6404,6
6405,6
6406,6
6407,7
6408,7
6409,7
6410,7
6411,7
6412,8
6413,8
6414,8
6415,8
6416,9
6417,9
6418,9
6419,9
6420,9
6421,9
6422,10
6423,10
6424,10
6425,10
6426,10
6427,10
6428,10
6429,11
6430,11
6431,11
6432,11
6433,11
6434,11
6435,11
6436,4
6437,5
6438,5
6439,5
6440,5
6441,6
6442,6
6443,6
6444,6
6445,7
6446,7
6447,7
6448,7
6449,8
6450,8
6451,8
6452,8
6453,8
6454,9
6455,9
6456,9
6457,9
6458,9
6459,9
6460,10
6461,10
6462,10
6463,10
6464,10
6465,10
6466,10
6467,11
6468,11
6469,11
6470,11
6471,11
6472,11
6473,11
6474,5
6475,5
6476,5
6477,5
6478,6
6479,6
6480,6
6481,6
6482,7
6483,7
6484,7
6485,7
6486,7
6487,8
6488,8
6489,8
6490,8
6491,8
6492,9
6493,9
6494,9
6495,9
6496,9
6497,9
6498,10
6499,10
6500,10
6501,10
6502,10
6503,10
6504,11
6505,11
6506,11
6507,11
6508,11
6509,11
6510,11
6511,11
6512,5
6513,5
6514,5
6515,5
6516,6
6517,6
6518,6
6519,6
6520,7
6521,7
6522,7
6523,7
6524,7
6525,8
6526,8
6527,8
6528,8
6529,8
6530,9
6531,9
6532,9
6533,9
6534,9
6535,10
6536,10
6537,10
6538,10
6539,10
6540,10
6541,10
6542,11
6543,11
6544,11
6545,11
6546,11
6547,11
6548,11
6549,11
6550,5
6551,5
6552,5
6553,5
6554,6
6555,6
6556,6
6557,6
6558,7
6559,7
6560,7
6561,7
6562,7
6563,8
6564,8
6565,8
6566,8
6567,9
6568,9
6569,9
6570,9
6571,9
6572,9
6573,10
6574,10
6575,10
6576,10
6577,10
6578,10
6579,10
6580,11
6581,11
6582,11
6583,11
6584,11
6585,11
6586,11
6587,5
6588,5
6589,5
6590,5
6591,6
6592,6
6593,6
6594,6
6595,7
6596,7
6597,7
6598,7
6599,8
6600,8
6601,8
6602,8
6603,8
6604,9
6605,9
6606,9
6607,9
6608,9
6609,9
6610,10
6611,10
6612,10
6613,10
6614,10
6615,10
6616,10
6617,11
6618,11
6619,11
6620,11
6621,11
6622,11
6623,11
6624,5
6625,5
6626,5
6627,6
6628,6
6629,6
6630,6
6631,6
6632,7
6633,7
6634,7
6635,7
6636,8
6637,8
6638,8
6639,8
6640,8
6641,9
6642,9
6643,9
6644,9
6645,9
6646,10
6647,10
6648,10
6649,10
6650,10
6651,10
6652,10
6653,11
6654,11
6655,11
6656,11
6657,11
6658,11
6659,11
6660,11
6661,5
6662,5
6663,5
6664,6
6665,6
6666,6
6667,6
6668,7
6669,7
6670,7
6671,7
6672,7
6673,8
6674,8
6675,8
6676,8
6677,8
6678,9
6679,9
6680,9
6681,9
6682,9
6683,10
6684,10
6685,10
6686,10
6687,10
6688,10
6689,10
6690,11
6691,11
6692,11
6693,11
6694,11
6695,11
6696,11
6697,11
6698,5
6699,5
6700,5
6701,6
6702,6
6703,6
6704,6
6705,7
6706,7
6707,7
6708,7
6709,7
6710,8
6711,8
6712,8
6713,8
6714,9
6715,9
6716,9
6717,9
6718,9
6719,9
6720,10
6721,10
6722,10
6723,10
6724,10
6725,10
6726,10
6727,11
6728,11
6729,11
6730,11
6731,11
6732,11
6733,11
6734,5
6735,5
6736,5
6737,6
6738,6
6739,6
6740,6
6741,7
6742,7
6743,7
6744,7
6745,8
6746,8
6747,8
6748,8
6749,8
6750,9
6751,9
6752,9
6753,9
6754,9
6755,9
6756,10
6757,10
6758,10
6759,10
6760,10
6761,10
6762,11
6763,11
6764,11
6765,11
6766,11
6767,11
6768,11
6769,11
6770,5
6771,5
6772,6
6773,6
6774,6
6775,6
6776,6
6777,7
6778,7
6779,7
6780,7
6781,8
6782,8
6783,8
6784,8
6785,8
6786,9
6787,9
6788,9
6789,9
6790,9
6791,10
6792,10
6793,10
6794,10
6795,10
6796,10
6797,10
6798,11
6799,11
6800,11
6801,11
6802,11
6803,11
6804,11
6805,11
6806,5
6807,5
6808,6
6809,6
6810,6
6811,6
6812,7
6813,7
6814,7
6815,7
6816,7
6817,8
6818,8
6819,8
6820,8
6821,8
6822,9
6823,9
6824,9
6825,9
6826,9
6827,10
6828,10
6829,10
6830,10
6831,10
6832,10
6833,10
6834,11
6835,11
6836,11
6837,11
6838,11
6839,11
6840,11
6841,11
6842,5
6843,5
6844,6
6845,6
6846,6
6847,6
6848,7
6849,7
6850,7
6851,7
6852,7
6853,8
6854,8
6855,8
6856,8
6857,9
6858,9
6859,9
6860,9
6861,9
6862,9
6863,10
6864,10
6865,10
6866,10
6867,10
6868,10
6869,11
6870,11
6871,11
6872,11
6873,11
6874,11
6875,11
6876,11
6877,11
6878,5
6879,5
6880,6
6881,6
6882,6
6883,6
6884,7
6885,7
6886,7
6887,7
6888,8
6889,8
6890,8
6891,8
6892,8
6893,9
6894,9
6895,9
6896,9
6897,9
6898,9
6899,10
6900,10
6901,10
6902,10
6903,10
6904,10
6905,11
6906,11
6907,11
6908,11
6909,11
6910,11
6911,11
6912,11
6913,5
6914,6
6915,6
6916,6
6917,6
6918,6
6919,7
6920,7
6921,7
6922,7
6923,8
6924,8
6925,8
6926,8
6927,8
6928,9
6929,9
6930,9
6931,9
6932,9
6933,10
6934,10
6935,10
6936,10
6937,10
6938,10
6939,10
6940,11
6941,11
6942,11
6943,11
6944,11
6945,11
6946,11
6947,11
6948,5
6949,6
6950,6
6951,6
6952,6
6953,7
6954,7
6955,7
6956,7
6957,7
6958,8
6959,8
6960,8
6961,8
6962,8
6963,9
6964,9
6965,9
6966,9
6967,9
6968,10
6969,10
6970,10
6971,10
6972,10
6973,10
6974,11
6975,11
6976,11
6977,11
6978,11
6979,11
6980,11
6981,11
6982,11
6983,5
6984,6
6985,6
6986,6
6987,6
6988,7
6989,7
6990,7
6991,7
6992,8
6993,8
6994,8
6995,8
6996,8
6997,9
6998,9
6999,9
7000,9
7001,9
7002,9
7003,10
7004,10
7005,10
7006,10
7007,10
7008,10
7009,11
7010,11
7011,11
7012,11
7013,11
7014,11
7015,11
7016,11
7017,11
7018,5
7019,6
7020,6
7021,6
7022,6
7023,7
7024,7
7025,7
7026,7
7027,8
7028,8
7029,8
7030,8
7031,8
7032,9
7033,9
7034,9
7035,9
7036,9
7037,10
7038,10
7039,10
7040,10
7041,10
7042,10
7043,10
7044,11
7045,11
7046,11
7047,11
7048,11
7049,11
7050,11
7051,11
7052,6
7053,6
7054,6
7055,6
7056,7
7057,7
7058,7
7059,7
7060,7
7061,8
7062,8
7063,8
7064,8
7065,8
7066,9
7067,9
7068,9
7069,9
7070,9
7071,10
7072,10
7073,10
7074,10
7075,10
7076,10
7077,11
7078,11
7079,11
7080,11
7081,11
7082,11
7083,11
7084,11
7085,11
7086,6
7087,6
7088,6
7089,6
7090,7
7091,7
7092,7
7093,7
7094,7
7095,8
7096,8
7097,8
7098,8
7099,9
7100,9
7101,9
7102,9
7103,9
7104,9
7105,10
7106,10
7107,10
7108,10
7109,10
7110,10
7111,11
7112,11
7113,11
7114,11
7115,11
7116,11
7117,11
7118,11
7119,11
7120,6
7121,6
7122,6
7123,6
7124,7
7125,7
7126,7
7127,7
7128,8
7129,8
7130,8
7131,8
7132,8
7133,9
7134,9
7135,9
7136,9
7137,9
7138,10
7139,10
7140,10
7141,10
7142,10
7143,10
7144,10
7145,11
7146,11
7147,11
7148,11
7149,11
7150,11
7151,11
7152,11
7153,11
7154,6
7155,6
7156,6
7157,6
7158,7
7159,7
7160,7
7161,7
7162,8
7163,8
7164,8
7165,8
7166,8
7167,9
7168,9
7169,9
7170,9
7171,9
7172,10
7173,10
7174,10
7175,10
7176,10
7177,10
7178,11
7179,11
7180,11
7181,11
7182,11
7183,11
7184,11
7185,11
7186,11
7187,6
7188,6
7189,6
7190,7
7191,7
7192,7
7193,7
7194,7
7195,8
7196,8
7197,8
7198,8
7199,8
7200,9
7201,9
7202,9
7203,9
7204,9
7205,10
7206,10
7207,10
7208,10
7209,10
7210,10
7211,11
7212,11
7213,11
7214,11
7215,11
7216,11
7217,11
7218,11
7219,11
7220,6
7221,6
7222,6
7223,7
7224,7
7225,7
7226,7
7227,7
7228,8
7229,8
7230,8
7231,8
7232,9
7233,9
7234,9
7235,9
7236,9
7237,9
7238,10
7239,10
7240,10
7241,10
7242,10
7243,10
7244,11
7245,11
7246,11
7247,11
7248,11
7249,11
7250,11
7251,11
7252,11
7253,6
7254,6
7255,6
7256,7
7257,7
7258,7
7259,7
7260,8
7261,8
7262,8
7263,8
7264,8
7265,9
7266,9
7267,9
7268,9
7269,9
7270,10
7271,10
7272,10
7273,10
7274,10
7275,10
7276,11
7277,11
7278,11
7279,11
7280,11
7281,11
7282,11
7283,11
7284,11
7285,11
7286,6
7287,6
7288,6
7289,7
7290,7
7291,7
7292,7
7293,8
7294,8
7295,8
7296,8
7297,8
7298,9
7299,9
7300,9
7301,9
7302,9
7303,10
7304,10
7305,10
7306,10
7307,10
7308,10
7309,11
7310,11
7311,11
7312,11
7313,11
7314,11
7315,11
7316,11
7317,11
7318,11
7319,6
7320,6
7321,7
7322,7
7323,7
7324,7
7325,7
7326,8
7327,8
7328,8
7329,8
7330,9
7331,9
7332,9
7333,9
7334,9
7335,9
7336,10
7337,10
7338,10
7339,10
7340,10
7341,10
7342,11
7343,11
7344,11
7345,11
7346,11
7347,11
7348,11
7349,11
7350,11
7351,6
7352,6
7353,7
7354,7
7355,7
7356,7
7357,8
7358,8
7359,8
7360,8
7361,8
7362,9
7363,9
7364,9
7365,9
7366,9
7367,10
7368,10
7369,10
7370,10
7371,10
7372,10
7373,11
7374,11
7375,11
7376,11
7377,11
7378,11
7379,11
7380,11
7381,11
7382,11
7383,6
7384,6
7385,7
7386,7
7387,7
7388,7
7389,8
7390,8
7391,8
7392,8
7393,8
7394,9
7395,9
7396,9
7397,9
7398,9
7399,10
7400,10
7401,10
7402,10
7403,10
7404,10
7405,11
7406,11
7407,11
7408,11
7409,11
7410,11
7411,11
7412,11
7413,11
7414,11
7415,6
7416,7
7417,7
7418,7
7419,7
7420,7
7421,8
7422,8
7423,8
7424,8
7425,8
7426,9
7427,9
7428,9
7429,9
7430,9
7431,10
7432,10
7433,10
7434,10
7435,10
7436,10
7437,11
7438,11
7439,11
7440,11
7441,11
7442,11
7443,11
7444,11
7445,11
7446,12
7447,6
7448,7
7449,7
7450,7
7451,7
7452,7
7453,8
7454,8
7455,8
7456,8
7457,9
7458,9
7459,9
7460,9
7461,9
7462,10
7463,10
7464,10
7465,10
7466,10
7467,10
7468,11
7469,11
7470,11
7471,11
7472,11
7473,11
7474,11
7475,11
7476,11
7477,11
7478,6
7479,7
7480,7
7481,7
7482,7
7483,8
7484,8
7485,8
7486,8
7487,8
7488,9
7489,9
7490,9
7491,9
7492,9
7493,10
7494,10
7495,10
7496,10
7497,10
7498,10
7499,11
7500,11
7501,11
7502,11
7503,11
7504,11
7505,11
7506,11
7507,11
7508,12
7509,6
7510,7
7511,7
7512,7
7513,7
7514,8
7515,8
7516,8
7517,8
7518,8
7519,9
7520,9
7521,9
7522,9
7523,9
7524,10
7525,10
7526,10
7527,10
7528,10
7529,10
7530,11
7531,11
7532,11
7533,11
7534,11
7535,11
7536,11
7537,11
7538,11
7539,12
7540,7
7541,7
7542,7
7543,7
7544,7
7545,8
7546,8
7547,8
7548,8
7549,9
7550,9
7551,9
7552,9
7553,9
7554,10
7555,10
7556,10
7557,10
7558,10
7559,10
7560,11
7561,11
7562,11
7563,11
7564,11
7565,11
7566,11
7567,11
7568,11
7569,12
7570,12
7571,7
7572,7
7573,7
7574,7
7575,8
7576,8
7577,8
7578,8
7579,8
7580,9
7581,9
7582,9
7583,9
7584,9
7585,10
7586,10
7587,10
7588,10
7589,10
7590,10
7591,11
7592,11
7593,11
7594,11
7595,11
7596,11
7597,11
7598,11
7599,11
7600,12
7601,7
7602,7
7603,7
7604,7
7605,8
7606,8
7607,8
7608,8
7609,8
7610,9
7611,9
7612,9
7613,9
7614,9
7615,10
7616,10
7617,10
7618,10
7619,10
7620,10
7621,11
7622,11
7623,11
7624,11
7625,11
7626,11
7627,11
7628,11
7629,12
7630,12
7631,7
7632,7
7633,7
7634,7
7635,8
7636,8
7637,8
7638,8
7639,9
7640,9
7641,9
7642,9
7643,9
7644,9
7645,10
7646,10
7647,10
7648,10
7649,10
7650,11
7651,11
7652,11
7653,11
7654,11
7655,11
7656,11
7657,11
7658,11
7659,12
7660,12
7661,7
7662,7
7663,7
7664,8
7665,8
7666,8
7667,8
7668,8
7669,9
7670,9
7671,9
7672,9
7673,9
7674,10
7675,10
7676,10
7677,10
7678,10
7679,10
7680,11
7681,11
7682,11
7683,11
7684,11
7685,11
7686,11
7687,11
7688,12
7689,12
7690,12
7691,7
7692,7
7693,7
7694,8
7695,8
7696,8
7697,8
7698,8
7699,9
7700,9
7701,9
7702,9
7703,9
7704,10
7705,10
7706,10
7707,10
7708,10
7709,10
7710,11
7711,11
7712,11
7713,11
7714,11
7715,11
7716,11
7717,11
7718,12
7719,12
7720,7
7721,7
7722,7
7723,8
7724,8
7725,8
7726,8
7727,9
7728,9
7729,9
7730,9
7731,9
7732,9
7733,10
7734,10
7735,10
7736,10
7737,10
7738,11
7739,11
7740,11
7741,11
7742,11
7743,11
7744,11
7745,11
7746,12
7747,12
7748,12
7749,7
7750,7
7751,7
7752,8
7753,8
7754,8
7755,8
7756,9
7757,9
7758,9
7759,9
7760,9
7761,10
7762,10
7763,10
7764,10
7765,10
7766,10
7767,11
7768,11
7769,11
7770,11
7771,11
7772,11
7773,11
7774,11
7775,12
7776,12
7777,12
7778,7
7779,7
7780,8
7781,8
7782,8
7783,8
7784,8
7785,9
7786,9
7787,9
7788,9
7789,9
7790,10
7791,10
7792,10
7793,10
7794,10
7795,10
7796,11
7797,11
7798,11
7799,11
7800,11
7801,11
7802,11
7803,11
7804,12
7805,12
7806,12
7807,7
7808,7
7809,8
7810,8
7811,8
7812,8
7813,9
7814,9
7815,9
7816,9
7817,9
7818,9
7819,10
7820,10
7821,10
7822,10
7823,10
7824,11
7825,11
7826,11
7827,11
7828,11
7829,11
7830,11
7831,11
7832,12
7833,12
7834,12
7835,7
7836,7
7837,8
7838,8
7839,8
7840,8
7841,9
7842,9
7843,9
7844,9
7845,9
7846,10
7847,10
7848,10
7849,10
7850,10
7851,10
7852,11
7853,11
7854,11
7855,11
7856,11
7857,11
7858,11
7859,11
7860,12
7861,12
7862,12
7863,7
7864,8
7865,8
7866,8
7867,8
7868,8
7869,9
7870,9
7871,9
7872,9
7873,9
7874,10
7875,10
7876,10
7877,10
7878,10
7879,10
7880,11
7881,11
7882,11
7883,11
7884,11
7885,11
7886,11
7887,12
7888,12
7889,12
7890,12
7891,7
7892,8
7893,8
7894,8
7895,8
7896,8
7897,9
7898,9
7899,9
7900,9
7901,9
7902,10
7903,10
7904,10
7905,10
7906,10
7907,11
7908,11
7909,11
7910,11
7911,11
7912,11
7913,11
7914,11
7915,12
7916,12
7917,12
7918,12
7919,7
7920,8
7921,8
7922,8
7923,8
7924,9
7925,9
7926,9
7927,9
7928,9
7929,10
7930,10
7931,10
7932,10
7933,10
7934,10
7935,11
7936,11
7937,11
7938,11
7939,11
7940,11
7941,11
7942,12
7943,12
7944,12
7945,12
7946,8
7947,8
7948,8
7949,8
7950,8
7951,9
7952,9
7953,9
7954,9
7955,9
7956,10
7957,10
7958,10
7959,10
7960,10
7961,11
7962,11
7963,11
7964,11
7965,11
7966,11
7967,11
7968,11
7969,12
7970,12
7971,12
7972,12
7973,8
7974,8
7975,8
7976,8
7977,8
7978,9
7979,9
7980,9
7981,9
7982,9
7983,10
7984,10
7985,10
7986,10
7987,10
7988,11
7989,11
7990,11
7991,11
7992,11
7993,11
7994,11
7995,11
7996,12
7997,12
7998,12
7999,12
8000,8
8001,8
8002,8
8003,8
8004,9
8005,9
8006,9
8007,9
8008,9
8009,10
8010,10
8011,10
8012,10
8013,10
8014,10
8015,11
8016,11
8017,11
8018,11
8019,11
8020,11
8021,11
8022,12
8023,12
8024,12
8025,12
8026,12
8027,8
8028,8
8029,8
8030,8
8031,9
8032,9
8033,9
8034,9
8035,9
8036,10
8037,10
8038,10
8039,10
8040,10
8041,11
8042,11
8043,11
8044,11
8045,11
8046,11
8047,11
8048,11
8049,12
8050,12
8051,12
8052,12
8053,12
8054,8
8055,8
8056,8
8057,8
8058,9
8059,9
8060,9
8061,9
8062,10
8063,10
8064,10
8065,10
8066,10
8067,10
8068,11
8069,11
8070,11
8071,11
8072,11
8073,11
8074,11
8075,12
8076,12
8077,12
8078,12
8079,12
8080,8
8081,8
8082,8
8083,9
8084,9
8085,9
8086,9
8087,9
8088,10
8089,10
8090,10
8091,10
8092,10
8093,10
8094,11
8095,11
8096,11
8097,11
8098,11
8099,11
8100,11
8101,12
8102,12
8103,12
8104,12
8105,12
8106,8
8107,8
8108,8
8109,9
8110,9
8111,9
8112,9
8113,9
8114,10
8115,10
8116,10
8117,10
8118,10
8119,11
8120,11
8121,11
8122,11
8123,11
8124,11
8125,11
8126,12
8127,12
8128,12
8129,12
8130,12
8131,12
8132,8
8133,8
8134,8
8135,9
8136,9
8137,9
8138,9
8139,10
8140,10
8141,10
8142,10
8143,10
8144,10
8145,11
8146,11
8147,11
8148,11
8149,11
8150,11
8151,11
8152,12
8153,12
8154,12
8155,12
8156,12
8157,12
8158,8
8159,8
8160,9
8161,9
8162,9
8163,9
8164,9
8165,10
8166,10
8167,10
8168,10
8169,10
8170,10
8171,11
8172,11
8173,11
8174,11
8175,11
8176,11
8177,11
8178,12
8179,12
8180,12
8181,12
8182,12
8183,8
8184,8
8185,9
8186,9
8187,9
8188,9
8189,9
8190,10
8191,10
8192,10
8193,10
8194,10
8195,11
8196,11
8197,11
8198,11
8199,11
8200,11
8201,11
8202,12
8203,12
8204,12
8205,12
8206,12
8207,12
8208,8
8209,8
8210,9
8211,9
8212,9
8213,9
8214,10
8215,10
8216,10
8217,10
8218,10
8219,10
8220,11
8221,11
8222,11
8223,11
8224,11
8225,11
8226,11
8227,12
8228,12
8229,12
8230,12
8231,12
8232,12
8233,8
8234,9
8235,9
8236,9
8237,9
8238,9
8239,10
8240,10
8241,10
8242,10
8243,10
8244,11
8245,11
8246,11
8247,11
8248,11
8249,11
8250,11
8251,12
8252,12
8253,12
8254,12
8255,12
8256,12
8257,12
8258,8
8259,9
8260,9
8261,9
8262,9
8263,9
8264,10
8265,10
8266,10
8267,10
8268,10
8269,11
8270,11
8271,11
8272,11
8273,11
8274,11
8275,11
8276,12
8277,12
8278,12
8279,12
8280,12
8281,12
8282,9
8283,9
8284,9
8285,9
8286,9
8287,10
8288,10
8289,10
8290,10
8291,10
8292,10
8293,11
8294,11
8295,11
8296,11
8297,11
8298,11
8299,12
8300,12
8301,12
8302,12
8303,12
8304,12
8305,12
8306,9
8307,9
8308,9
8309,9
8310,9
8311,10
8312,10
8313,10
8314,10
8315,10
8316,11
8317,11
8318,11
8319,11
8320,11
8321,11
8322,11
8323,12
8324,12
8325,12
8326,12
8327,12
8328,12
8329,12
8330,9
8331,9
8332,9
8333,9
8334,9
8335,10
8336,10
8337,10
8338,10
8339,10
8340,11
8341,11
8342,11
8343,11
8344,11
8345,11
8346,11
8347,12
8348,12
8349,12
8350,12
8351,12
8352,12
8353,9
8354,9
8355,9
8356,9
8357,10
8358,10
8359,10
8360,10
8361,10
8362,11
8363,11
8364,11
8365,11
8366,11
8367,11
8368,11
8369,12
8370,12
8371,12
8372,12
8373,12
8374,12
8375,12
8376,9
8377,9
8378,9
8379,9
8380,10
8381,10
8382,10
8383,10
8384,10
8385,11
8386,11
8387,11
8388,11
8389,11
8390,11
8391,11
8392,12
8393,12
8394,12
8395,12
8396,12
8397,12
8398,12
8399,9
8400,9
8401,9
8402,10
8403,10
8404,10
8405,10
8406,10
8407,10
8408,11
8409,11
8410,11
8411,11
8412,11
8413,11
8414,12
8415,12
8416,12
8417,12
8418,12
8419,12
8420,12
8421,12
8422,9
8423,9
8424,9
8425,10
8426,10
8427,10
8428,10
8429,10
8430,11
8431,11
8432,11
8433,11
8434,11
8435,11
8436,11
8437,12
8438,12
8439,12
8440,12
8441,12
8442,12
8443,12
8444,9
8445,9
8446,9
8447,10
8448,10
8449,10
8450,10
8451,10
8452,11
8453,11
8454,11
8455,11
8456,11
8457,11
8458,12
8459,12
8460,12
8461,12
8462,12
8463,12
8464,12
8465,12
8466,9
8467,9
8468,10
8469,10
8470,10
8471,10
8472,10
8473,10
8474,11
8475,11
8476,11
8477,11
8478,11
8479,11
8480,12
8481,12
8482,12
8483,12
8484,12
8485,12
8486,12
8487,12
8488,9
8489,9
8490,10
8491,10
8492,10
8493,10
8494,10
8495,11
8496,11
8497,11
8498,11
8499,11
8500,11
8501,11
8502,12
8503,12
8504,12
8505,12
8506,12
8507,12
8508,12
8509,12
8510,9
8511,9
8512,10
8513,10
8514,10
8515,10
8516,10
8517,11
8518,11
8519,11
8520,11
8521,11
8522,11
8523,12
8524,12
8525,12
8526,12
8527,12
8528,12
8529,12
8530,12
8531,9
8532,10
8533,10
8534,10
8535,10
8536,10
8537,11
8538,11
8539,11
8540,11
8541,11
8542,11
8543,11
8544,12
8545,12
8546,12
8547,12
8548,12
8549,12
8550,12
8551,12
8552,9
8553,10
8554,10
8555,10
8556,10
8557,10
8558,11
8559,11
8560,11
8561,11
8562,11
8563,11
8564,12
8565,12
8566,12
8567,12
8568,12
8569,12
8570,12
8571,12
8572,12
8573,10
8574,10
8575,10
8576,10
8577,10
8578,10
8579,11
8580,11
8581,11
8582,11
8583,11
8584,11
8585,12
8586,12
8587,12
8588,12
8589,12
8590,12
8591,12
8592,12
8593,12
8594,10
8595,10
8596,10
8597,10
8598,10
8599,11
8600,11
8601,11
8602,11
8603,11
8604,11
8605,12
8606,12
8607,12
8608,12
8609,12
8610,12
8611,12
8612,12
8613,12
8614,10
8615,10
8616,10
8617,10
8618,10
8619,11
8620,11
8621,11
8622,11
8623,11
8624,11
8625,12
8626,12
8627,12
8628,12
8629,12
8630,12
8631,12
8632,12
8633,12
8634,10
8635,10
8636,10
8637,10
8638,11
8639,11
8640,11
8641,11
8642,11
8643,11
8644,11
8645,12
8646,12
8647,12
8648,12
8649,12
8650,12
8651,12
8652,12
8653,13
8654,10
8655,10
8656,10
8657,10
8658,11
8659,11
8660,11
8661,11
8662,11
8663,11
8664,12
8665,12
8666,12
8667,12
8668,12
8669,12
8670,12
8671,12
8672,13
8673,13
8674,10
8675,10
8676,10
8677,10
8678,11
8679,11
8680,11
8681,11
8682,11
8683,11
8684,12
8685,12
8686,12
8687,12
8688,12
8689,12
8690,12
8691,12
8692,13
8693,10
8694,10
8695,10
8696,11
8697,11
8698,11
8699,11
8700,11
8701,11
8702,12
8703,12
8704,12
8705,12
8706,12
8707,12
8708,12
8709,12
8710,13
8711,13
8712,10
8713,10
8714,10
8715,11
8716,11
8717,11
8718,11
8719,11
8720,11
8721,12
8722,12
8723,12
8724,12
8725,12
8726,12
8727,12
8728,12
8729,13
8730,13
8731,10
8732,10
8733,11
8734,11
8735,11
8736,11
8737,11
8738,11
8739,12
8740,12
8741,12
8742,12
8743,12
8744,12
8745,12
8746,12
8747,13
8748,13
8749,13
8750,10
8751,10
8752,11
8753,11
8754,11
8755,11
8756,11
8757,11
8758,12
8759,12
8760,12
8761,12
8762,12
8763,12
8764,12
8765,12
8766,13
8767,13
8768,10
8769,10
8770,11
8771,11
8772,11
8773,11
8774,11
8775,11
8776,12
8777,12
8778,12
8779,12
8780,12
8781,12
8782,12
8783,13
8784,13
8785,13
8786,10
8787,11
8788,11
8789,11
8790,11
8791,11
8792,11
8793,12
8794,12
8795,12
8796,12
8797,12
8798,12
8799,12
8800,12
8801,13
8802,13
8803,13
8804,10
8805,11
8806,11
8807,11
8808,11
8809,11
8810,11
8811,12
8812,12
8813,12
8814,12
8815,12
8816,12
8817,12
8818,13
8819,13
8820,13
8821,13
8822,11
8823,11
8824,11
8825,11
8826,11
8827,11
8828,12
8829,12
8830,12
8831,12
8832,12
8833,12
8834,12
8835,12
8836,13
8837,13
8838,13
8839,11
8840,11
8841,11
8842,11
8843,11
8844,11
8845,12
8846,12
8847,12
8848,12
8849,12
8850,12
8851,12
8852,13
8853,13
8854,13
8855,13
8856,11
8857,11
8858,11
8859,11
8860,11
8861,12
8862,12
8863,12
8864,12
8865,12
8866,12
8867,12
8868,13
8869,13
8870,13
8871,13
8872,13
8873,11
8874,11
8875,11
8876,11
8877,11
8878,12
8879,12
8880,12
8881,12
8882,12
8883,12
8884,12
8885,13
8886,13
8887,13
8888,13
8889,11
8890,11
8891,11
8892,11
8893,12
8894,12
8895,12
8896,12
8897,12
8898,12
8899,12
8900,13
8901,13
8902,13
8903,13
8904,13
8905,11
8906,11
8907,11
8908,11
8909,12
8910,12
8911,12
8912,12
8913,12
8914,12
8915,12
8916,13
8917,13
8918,13
8919,13
8920,13
8921,11
8922,11
8923,11
8924,12
8925,12
8926,12
8927,12
8928,12
8929,12
8930,12
8931,13
8932,13
8933,13
8934,13
8935,13
8936,13
8937,11
8938,11
8939,11
8940,12
8941,12
8942,12
8943,12
8944,12
8945,12
8946,12
8947,13
8948,13
8949,13
8950,13
8951,13
8952,11
8953,11
8954,11
8955,12
8956,12
8957,12
8958,12
8959,12
8960,12
8961,13
8962,13
8963,13
8964,13
8965,13
8966,13
8967,11
8968,11
8969,12
8970,12
8971,12
8972,12
8973,12
8974,12
8975,12
8976,13
8977,13
8978,13
8979,13
8980,13
8981,13
8982,11
8983,11
8984,12
8985,12
8986,12
8987,12
8988,12
8989,12
8990,13
8991,13
8992,13
8993,13
8994,13
8995,13
8996,13
8997,11
8998,12
8999,12
9000,12
9001,12
9002,12
9003,12
9004,12
9005,13
9006,13
9007,13
9008,13
9009,13
9010,13
9011,11
9012,12
9013,12
9014,12
9015,12
9016,12
9017,12
9018,13
9019,13
9020,13
9021,13
9022,13
9023,13
9024,13
9025,12
9026,12
9027,12
9028,12
9029,12
9030,12
9031,12
9032,13
9033,13
9034,13
9035,13
9036,13
9037,13
9038,13
9039,12
9040,12
9041,12
9042,12
9043,12
9044,12
9045,13
9046,13
9047,13
9048,13
9049,13
9050,13
9051,13
9052,13
9053,12
9054,12
9055,12
9056,12
9057,12
9058,12
9059,13
9060,13
9061,13
9062,13
9063,13
9064,13
9065,13
9066,12
9067,12
9068,12
9069,12
9070,12
9071,13
9072,13
9073,13
9074,13
9075,13
9076,13
9077,13
9078,13
9079,12
9080,12
9081,12
9082,12
9083,12
9084,13
9085,13
9086,13
9087,13
9088,13
9089,13
9090,13
9091,13
9092,12
9093,12
9094,12
9095,12
9096,13
9097,13
9098,13
9099,13
9100,13
9101,13
9102,13
9103,13
9104,13
9105,12
9106,12
9107,12
9108,12
9109,13
9110,13
9111,13
9112,13
9113,13
9114,13
9115,13
9116,13
9117,12
9118,12
9119,12
9120,13
9121,13
9122,13
9123,13
9124,13
9125,13
9126,13
9127,13
9128,13
9129,12
9130,12
9131,12
9132,13
9133,13
9134,13
9135,13
9136,13
9137,13
9138,13
9139,13
9140,14
9141,12
9142,12
9143,13
9144,13
9145,13
9146,13
9147,13
9148,13
9149,13
9150,13
9151,13
9152,12
9153,12
9154,13
9155,13
9156,13
9157,13
9158,13
9159,13
9160,13
9161,13
9162,14
9163,12
9164,13
9165,13
9166,13
9167,13
9168,13
9169,13
9170,13
9171,13
9172,14
9173,14
9174,12
9175,13
9176,13
9177,13
9178,13
9179,13
9180,13
9181,13
9182,13
9183,14
9184,14
9185,13
9186,13
9187,13
9188,13
9189,13
9190,13
9191,13
9192,13
9193,14
9194,14
9195,13
9196,13
9197,13
9198,13
9199,13
9200,13
9201,13
9202,14
9203,14
9204,14
9205,13
9206,13
9207,13
9208,13
9209,13
9210,13
9211,13
9212,14
9213,14
9214,14
9215,13
9216,13
9217,13
9218,13
9219,13
9220,13
9221,14
9222,14
9223,14
9224,14
9225,13
9226,13
9227,13
9228,13
9229,13
9230,13
9231,14
9232,14
9233,14
9234,13
9235,13
9236,13
9237,13
9238,13
9239,14
9240,14
9241,14
9242,14
9243,13
9244,13
9245,13
9246,13
9247,14
9248,14
9249,14
9250,14
9251,14
9252,13
9253,13
9254,13
9255,13
9256,14
9257,14
9258,14
9259,14
9260,14
9261,13
9262,13
9263,13
9264,14
9265,14
9266,14
9267,14
9268,14
9269,13
9270,13
9271,13
9272,14
9273,14
9274,14
9275,14
9276,14
9277,13
9278,13
9279,14
9280,14
9281,14
9282,14
9283,14
9284,14
9285,13
9286,14
9287,14
9288,14
9289,14
9290,14
9291,14
9292,13
9293,14
9294,14
9295,14
9296,14
9297,14
9298,14
9299,14
9300,14
9301,14
9302,14
9303,14
9304,14
9305,14
9306,14
9307,14
9308,14
9309,14
9310,14
9311,14
9312,14
9313,14
9314,14
9315,14
9316,14
9317,14
9318,14
9319,14
9320,14
9321,14
9322,14
9323,14
9324,14
9325,14
9326,14
9327,14
9328,14
9329,14
9330,14
9331,14
9332,14
9333,14
9334,14
9335,14
9336,14
9337,14
9338,14
9339,14
9340,14
9341,14
9342,14
9343,14
9344,14
9345,14
9346,14
9347,14
9348,14
9349,14
9350,14
9351,15
9352,14
9353,14
9354,14
9355,15
9356,15
9357,14
9358,14
9359,14
9360,15
9361,14
9362,14
9363,15
9364,15
9365,14
9366,15
9367,15
9368,15
9369,15
9370,15
9371,15
9372,15
9373,15
9374,15
9375,15
9376,15
9377,15
9378,15
9379,15
9380,15
9381,15
9382,15
9383,15
9384,15
9385,15
9386,15
9387,15
9388,15
9389,15
9390,15
9391,15
9392,15
9393,15
9394,15
9395,15
9396,15
9397,15
9398,15
9399,15