-9.359841e-01,3.557599e-01,3.709932e-01,1.527608e-02,3.855349e-01,-9.064016e-01,4.752828e-03,-5.117396e-02,-6.714076e-02,-7.992466e-03
-1.627876e+00,7.176831e-01,6.128753e+00,-1.017589e+00,-5.849756e-01,-3.320040e+00,2.219971e+00,-5.090866e-02,1.541450e-01,-4.718137e-01
-2.111618e+00,2.518531e-01,2.911240e+00,-6.650314e-02,5.084144e-01,-1.942461e+00,2.428054e-02,-4.595250e-01,1.521073e-03,8.049052e-03
-5.777474e-01,-1.755293e+00,1.335731e+00,1.010681e+00,-3.799617e+00,-2.339578e-01,-9.966312e-01,-1.424734e+00,1.951516e+00,1.278838e+00
-5.378605e-01,1.609980e+00,3.100459e-01,1.421065e+00,1.732679e+00,-4.875008e-01,2.518037e+00,3.311998e+00,1.923709e-01,-1.357097e+00
1.287414e-01,5.074860e+00,3.373104e-01,2.235988e+00,-4.044826e+00,3.525327e+00,-1.248503e-01,-3.322854e+00,4.392923e-01,9.992344e-01
3.134346e+00,-5.512600e+00,1.762386e+00,2.019327e+00,-1.210432e+00,-4.771054e-01,-4.221005e-01,-5.684043e-02,2.807327e-01,3.662441e+00
-2.526002e+00,-2.191333e-01,-3.877168e-01,3.119665e+00,2.912770e-02,2.750382e+00,1.663707e-01,4.790179e-01,4.400594e-01,5.339518e+00
2.076835e+00,2.866783e+00,-1.373585e+00,-6.458333e-01,-3.015738e+00,-3.274246e+00,-5.502019e-01,-2.376304e+00,4.439439e-01,2.165385e+00
1.024624e+00,6.646721e-02,2.371729e+00,4.464282e-01,-9.641050e-02,2.826770e+00,2.874374e+00,5.730840e-01,-3.204626e+00,-3.215693e+00
