1.261563e+00,8.368686e-03,-1.926213e+00,-2.921547e-02,3.085463e-01,-2.918072e+00,5.188494e-02,-3.309239e-02,-4.682667e-02,-4.708535e-02
1.930594e-01,7.250526e-01,-1.159456e+00,-1.019691e+00,2.408807e-02,-9.820887e-01,2.218385e+00,-5.337084e-02,1.595972e-01,-4.721970e-01
-2.310165e+00,6.303404e-01,1.478009e+00,-4.622018e-02,-2.371973e-01,-5.770362e+00,-7.414467e-02,1.791026e-03,-1.472723e-02,2.851019e-02
2.886943e+00,-1.744387e+00,1.755797e-01,1.011800e+00,3.025088e+00,2.173196e+00,-9.971971e-01,-1.425501e+00,1.963738e+00,1.281326e+00
-3.006669e+00,1.611265e+00,2.422098e-01,1.419118e+00,-1.988791e-01,1.711181e+00,2.517711e+00,3.309430e+00,1.878922e-01,-1.358378e+00
-1.690805e+00,5.083507e+00,-2.265470e+00,2.236697e+00,-1.210651e+00,-2.535503e+00,-1.205575e-01,-3.329592e+00,4.417231e-01,9.972925e-01
7.024790e-01,-5.515061e+00,-1.152637e-01,2.019559e+00,2.211581e+00,-9.252175e-01,-4.215071e-01,-5.449860e-02,2.784983e-01,3.662189e+00
-9.898704e-01,-2.135804e-01,-2.906475e+00,3.118346e+00,2.885752e+00,-3.331213e-01,1.680365e-01,4.782220e-01,4.444284e-01,5.338761e+00
-1.815185e+00,2.861136e+00,2.323377e+00,-6.455282e-01,1.288982e+00,-1.384135e+00,-5.493674e-01,-2.375792e+00,4.510385e-01,2.163537e+00
5.947242e+00,6.601046e-02,-1.386650e+00,4.438457e-01,-2.791210e+00,3.183771e+00,2.872465e+00,5.760514e-01,-3.202228e+00,-3.216741e+00
