-2.894432e+00,1.224501e-01,-2.641520e+00,4.394503e-02,-5.310950e-01,8.992203e-01,2.575111e-02,-5.950837e-02,-1.469293e-03,5.087769e-02
-7.044140e-01,7.225248e-01,2.036339e+00,-1.014543e+00,-3.564912e+00,-1.496759e+00,2.215166e+00,-5.615943e-02,1.502785e-01,-4.737188e-01
2.185244e+00,-2.629531e-01,-1.081562e+00,8.157830e-03,1.065306e+00,1.660944e+00,-2.710205e-02,-8.094138e-02,-8.651226e-03,-1.739629e-02
7.474975e-01,-1.760669e+00,-2.183789e-01,1.016930e+00,1.464455e+00,3.002889e-01,-9.976484e-01,-1.428972e+00,1.955822e+00,1.284834e+00
-3.407789e+00,1.609933e+00,-6.190470e-01,1.422648e+00,-5.932877e-01,-1.757598e+00,2.517765e+00,3.306808e+00,1.898493e-01,-1.357809e+00
-8.870037e-01,5.111948e+00,1.666616e+00,2.243918e+00,4.116961e-01,-9.979022e-01,-1.243862e-01,-3.321634e+00,4.403106e-01,1.003035e+00
-1.294306e+00,-5.515271e+00,2.167911e+00,2.018870e+00,7.321624e-01,2.837645e+00,-4.224254e-01,-5.358511e-02,2.781373e-01,3.662371e+00
2.002733e+00,-2.130958e-01,1.542971e+00,3.117769e+00,-2.589760e+00,1.722424e+00,1.652107e-01,4.783524e-01,4.435821e-01,5.339303e+00
-7.175431e-01,2.868296e+00,1.902332e+00,-6.502112e-01,1.492813e+00,3.304228e-01,-5.496287e-01,-2.372845e+00,4.539534e-01,2.167996e+00
-1.571150e+00,7.908828e-02,-1.468074e+00,4.456938e-01,1.922940e+00,2.540578e+00,2.872745e+00,5.761502e-01,-3.202567e+00,-3.220137e+00
