-7.655781e-01,-1.169050e-01,-1.027535e+00,-5.064450e-03,7.289685e-01,-2.229680e-01,6.757111e-02,-1.223133e-01,-3.287971e-02,-6.428897e-02
-2.740963e-01,7.187214e-01,1.458019e+00,-1.012860e+00,2.364144e+00,3.124521e-01,2.219023e+00,-4.451401e-02,1.531253e-01,-4.679747e-01
1.739433e+00,3.426382e-01,1.376303e+00,2.138359e-02,-1.672463e+00,2.385498e+00,1.034123e-03,-5.029193e-02,2.135983e-02,7.467576e-02
-1.801995e+00,-1.768564e+00,2.460904e+00,1.012573e+00,-4.947736e+00,-2.707753e+00,-9.977268e-01,-1.429138e+00,1.961209e+00,1.279057e+00
6.776125e-01,1.607296e+00,2.244019e+00,1.422947e+00,-7.801711e-01,-3.488952e+00,2.518775e+00,3.310740e+00,1.881051e-01,-1.358308e+00
1.484347e+00,5.076740e+00,3.367589e+00,2.240125e+00,5.343993e+00,-1.625176e+00,-1.215852e-01,-3.320461e+00,4.368474e-01,1.000214e+00
1.582866e+00,-5.514258e+00,-1.532451e-01,2.019911e+00,-3.776395e+00,-2.058145e+00,-4.216668e-01,-5.215591e-02,2.705789e-01,3.663640e+00
1.174783e+00,-2.128111e-01,-1.037680e-03,3.117520e+00,-1.686526e+00,-1.340644e+00,1.660735e-01,4.803850e-01,4.403036e-01,5.340044e+00
5.016638e-01,2.854139e+00,2.208922e+00,-6.434201e-01,-1.833319e+00,1.045085e+00,-5.472579e-01,-2.371737e+00,4.513835e-01,2.162833e+00
2.136179e+00,6.431733e-02,-1.714933e+00,4.414404e-01,-6.010247e+00,-5.570335e-01,2.874449e+00,5.750050e-01,-3.209880e+00,-3.216424e+00
