8.727952e-01,5.582838e-01,-7.955974e-01,1.092119e-01,2.380431e+00,3.796307e-01,-4.647505e-03,-8.360920e-03,-1.401076e-02,-4.896915e-03
-2.129543e+00,7.205627e-01,1.014980e-01,-1.019338e+00,-1.272115e+00,1.391545e+00,2.218174e+00,-4.538374e-02,1.553394e-01,-4.675560e-01
-6.236530e-01,1.302622e-01,-1.153609e+00,-8.857582e-02,-1.051745e+00,-2.378143e-01,4.989017e-02,-1.735183e-01,6.371776e-03,1.993976e-02
-4.109061e+00,-1.772704e+00,-3.960160e+00,1.011429e+00,-7.548105e-01,-1.643255e+00,-9.957757e-01,-1.420776e+00,1.966782e+00,1.283185e+00
3.623120e-01,1.609242e+00,6.028643e-01,1.421904e+00,3.227613e+00,7.322174e-02,2.517660e+00,3.311204e+00,1.831259e-01,-1.356182e+00
4.894690e-01,5.087407e+00,1.799377e-01,2.242325e+00,-5.103535e-01,-7.146987e-01,-1.229606e-01,-3.326867e+00,4.301780e-01,1.005501e+00
-1.920513e+00,-5.513498e+00,1.090350e+00,2.020398e+00,5.191149e+00,6.605051e-01,-4.213381e-01,-5.196472e-02,2.728480e-01,3.662791e+00
-4.496391e+00,-2.176201e-01,6.522239e-01,3.120734e+00,1.466253e+00,-9.543958e-01,1.653070e-01,4.777687e-01,4.485728e-01,5.340161e+00
2.159891e+00,2.858979e+00,3.143909e-01,-6.446394e-01,-5.913218e-01,-4.549598e-01,-5.481307e-01,-2.374451e+00,4.554903e-01,2.169508e+00
-4.286960e-01,6.937158e-02,-3.234439e+00,4.409508e-01,2.146276e+00,-2.852656e+00,2.873995e+00,5.707281e-01,-3.208210e+00,-3.217799e+00
