-4.678743e+00,1.760536e-02,-4.323636e-02,6.274475e-02,3.626976e-02,-1.929519e+00,-2.092857e-02,-1.751647e-02,2.576019e-02,-6.001746e-02
1.395552e+00,7.223319e-01,-8.752297e-01,-1.013365e+00,-3.859036e-01,3.108025e+00,2.219905e+00,-4.480082e-02,1.603427e-01,-4.694273e-01
4.382013e-01,-1.873763e-02,-2.553661e+00,-1.033399e-02,-1.014374e+00,-4.027187e+00,-6.598172e-02,-1.053135e-03,-1.611712e-02,-3.487994e-02
4.430649e+00,-1.751714e+00,1.823599e+00,1.013678e+00,1.951455e+00,4.321792e-01,-9.977820e-01,-1.421058e+00,1.958635e+00,1.282389e+00
1.728447e+00,1.610809e+00,-2.706465e-01,1.423576e+00,7.387662e-01,1.355215e+00,2.519334e+00,3.307386e+00,1.862038e-01,-1.356466e+00
1.853285e+00,5.075283e+00,1.143948e+00,2.245833e+00,1.271849e+00,-2.349059e+00,-1.240254e-01,-3.321220e+00,4.371789e-01,9.995201e-01
1.566643e-01,-5.514686e+00,6.564078e-01,2.022036e+00,-2.427260e+00,1.012288e+00,-4.211191e-01,-5.384217e-02,2.749230e-01,3.661174e+00
1.369847e+00,-2.131592e-01,-2.236175e+00,3.118035e+00,-3.005891e+00,-1.993613e+00,1.650337e-01,4.776295e-01,4.421771e-01,5.339454e+00
2.928782e+00,2.860329e+00,8.315900e-01,-6.488524e-01,-2.120740e+00,2.211134e+00,-5.522673e-01,-2.379080e+00,4.520344e-01,2.167515e+00
1.844225e+00,5.872869e-02,7.031981e-01,4.467296e-01,7.064635e-01,2.191722e+00,2.873292e+00,5.769974e-01,-3.200298e+00,-3.218581e+00
