-2.922709e-01,2.108888e-01,6.414094e-02,7.439851e-02,3.411230e+00,5.506236e-01,9.692442e-03,2.217655e-02,2.747204e-03,-1.337527e-01
2.071642e+00,7.229701e-01,-5.505693e-01,-1.017029e+00,2.484814e+00,-4.906811e+00,2.215660e+00,-4.660496e-02,1.493610e-01,-4.676720e-01
1.124216e+00,-1.961304e-01,1.596597e+00,5.359207e-02,-4.102658e-01,-1.147164e+00,-4.091378e-02,-8.619821e-03,-3.235762e-02,4.303325e-02
3.786887e+00,-1.754341e+00,1.860043e+00,1.016281e+00,-1.789771e+00,-1.985664e+00,-9.967031e-01,-1.421775e+00,1.958004e+00,1.277091e+00
1.635320e+00,1.607636e+00,-1.800466e+00,1.420960e+00,-2.174568e+00,-1.115684e+00,2.517982e+00,3.307601e+00,1.846102e-01,-1.356583e+00
1.584562e+00,5.077616e+00,-9.243331e-01,2.243061e+00,-1.404911e-01,-2.004097e+00,-1.273186e-01,-3.321135e+00,4.438446e-01,1.000839e+00
5.001155e-01,-5.512796e+00,-1.232769e+00,2.019246e+00,3.496759e+00,2.533143e+00,-4.221900e-01,-5.381607e-02,2.769323e-01,3.661562e+00
2.349206e+00,-2.164436e-01,3.835121e-01,3.119313e+00,-7.116681e-01,1.566740e+00,1.658443e-01,4.798015e-01,4.389368e-01,5.340508e+00
1.100655e-01,2.861581e+00,1.831226e+00,-6.387841e-01,4.269733e+00,-4.278457e+00,-5.498963e-01,-2.375371e+00,4.547368e-01,2.167419e+00
-2.513767e-01,7.037923e-02,1.104311e+00,4.466262e-01,-1.962174e+00,-1.005061e+00,2.871481e+00,5.758386e-01,-3.216094e+00,-3.218024e+00
