8.265435e-02,-1.063274e-01,2.534749e+00,-1.249211e-02,1.748262e+00,1.078915e+00,-8.862720e-02,-2.425790e-01,-1.811290e-02,-4.992018e-02
-4.171780e+00,7.183479e-01,-1.050239e+00,-1.017997e+00,-1.918010e+00,4.037290e+00,2.220703e+00,-5.108507e-02,1.509395e-01,-4.705092e-01
-9.859132e-01,-6.442887e-02,-2.269609e+00,-1.683724e-02,1.216506e-01,-5.568447e-01,5.306586e-03,-2.875130e-01,4.255479e-02,-2.965742e-02
3.215977e+00,-1.758025e+00,-2.521908e+00,1.012935e+00,4.227652e+00,-4.556407e-01,-9.982512e-01,-1.427018e+00,1.953242e+00,1.278393e+00
-3.985271e+00,1.610689e+00,1.466080e+00,1.420124e+00,-3.883266e+00,-6.247540e-01,2.518013e+00,3.310578e+00,1.884333e-01,-1.358780e+00
-3.501106e-01,5.065824e+00,1.809100e-02,2.241752e+00,1.464534e-01,-1.181463e+00,-1.223366e-01,-3.327094e+00,4.429812e-01,9.997853e-01
-1.553658e-01,-5.516392e+00,2.436697e+00,2.020824e+00,-8.832600e-01,1.511175e+00,-4.205417e-01,-5.274793e-02,2.764149e-01,3.661729e+00
5.557596e-01,-2.186844e-01,2.922817e+00,3.121362e+00,2.493218e+00,1.289828e+00,1.656216e-01,4.740674e-01,4.407419e-01,5.342785e+00
-7.212292e-02,2.857056e+00,5.594024e+00,-6.520490e-01,-1.117996e+00,-5.709251e-02,-5.518912e-01,-2.378158e+00,4.585527e-01,2.169221e+00
-3.720120e+00,5.141556e-02,1.315891e-01,4.492983e-01,5.211651e-01,-3.762677e+00,2.871321e+00,5.791369e-01,-3.199428e+00,-3.217730e+00
