-1.344055e+00,-9.196762e-02,3.368220e+00,5.985450e-02,-3.127502e-01,-3.157462e+00,-3.311208e-02,1.549530e-01,1.335552e-02,-1.099074e-01
-8.575835e-01,7.301350e-01,6.961896e-01,-1.017872e+00,2.759399e+00,-1.742860e+00,2.216114e+00,-3.969266e-02,1.537189e-01,-4.669272e-01
-3.457689e-01,2.210083e-01,3.899526e-01,-3.856384e-03,9.057230e-01,-1.589816e+00,-1.254666e-02,2.649624e-01,1.214794e-02,-2.712618e-02
1.441363e+00,-1.752151e+00,8.259445e-01,1.030988e+00,-3.624000e+00,1.167473e+00,-9.981552e-01,-1.423745e+00,1.964860e+00,1.282597e+00
-4.451147e-01,1.609405e+00,-4.401256e-01,1.418759e+00,-1.611237e+00,1.609065e+00,2.519962e+00,3.310071e+00,1.846802e-01,-1.352851e+00
2.023533e+00,5.076380e+00,8.994282e-01,2.239047e+00,1.615700e+00,1.883991e+00,-1.216666e-01,-3.324658e+00,4.391852e-01,1.002367e+00
-1.600652e+00,-5.511470e+00,-1.340309e+00,2.021712e+00,1.077578e+00,2.814221e-01,-4.213450e-01,-5.154719e-02,2.733925e-01,3.660536e+00
2.283397e+00,-2.160481e-01,-1.789210e+00,3.120535e+00,8.135384e-01,-9.679148e-03,1.648512e-01,4.788801e-01,4.397283e-01,5.340393e+00
-1.152726e+00,2.858575e+00,-6.192904e-01,-6.440236e-01,-3.336798e-02,2.353962e-01,-5.499931e-01,-2.367299e+00,4.541780e-01,2.168716e+00
5.900739e-01,7.408129e-02,1.687339e+00,4.461113e-01,-2.184747e+00,1.635245e+00,2.869223e+00,5.728284e-01,-3.191034e+00,-3.219930e+00
