2.825335e-01,4.912710e-01,-2.696141e+00,-1.028670e-01,-1.097636e+00,4.068998e+00,3.849649e-02,-2.282928e-01,-7.132265e-04,6.257406e-02
-5.986375e-01,7.171225e-01,-1.459772e+00,-1.016360e+00,-1.379781e+00,7.645095e-02,2.218249e+00,-5.704487e-02,1.572026e-01,-4.710271e-01
8.048613e-01,-1.710847e-01,-5.914802e-01,-3.352077e-02,1.157979e+00,4.459719e-01,7.738151e-02,1.951736e-01,-6.001226e-03,-6.866134e-02
-1.095184e+00,-1.756650e+00,-1.072695e-01,1.004088e+00,-1.175883e+00,3.300978e+00,-9.984562e-01,-1.427640e+00,1.957689e+00,1.280122e+00
6.124094e-02,1.611539e+00,2.495979e+00,1.421245e+00,-1.135314e+00,2.903818e-01,2.517616e+00,3.310502e+00,1.872758e-01,-1.357351e+00
-2.723386e+00,5.071711e+00,-1.971009e+00,2.239864e+00,1.380404e+00,5.700093e-01,-1.243596e-01,-3.327288e+00,4.360334e-01,1.008989e+00
1.231453e+00,-5.512300e+00,-6.280627e-01,2.020962e+00,-3.127917e-02,-5.953456e-01,-4.221426e-01,-5.407901e-02,2.741100e-01,3.663004e+00
-3.617140e+00,-2.154437e-01,1.792955e+00,3.121892e+00,-1.774422e+00,-1.648635e+00,1.663203e-01,4.801597e-01,4.409582e-01,5.341855e+00
-3.478717e+00,2.859801e+00,-1.272108e-01,-6.441324e-01,-2.288863e-01,1.504293e+00,-5.480058e-01,-2.374298e+00,4.567733e-01,2.164226e+00
1.680264e+00,5.616594e-02,1.189571e+00,4.444808e-01,3.319699e+00,1.405666e+00,2.871726e+00,5.795239e-01,-3.201743e+00,-3.217207e+00
