2.329426e+00,-1.301904e-03,5.534568e-01,-4.934255e-02,-2.996741e-01,2.333405e+00,4.280056e-02,8.813423e-02,2.321009e-02,1.353260e-03
1.850768e+00,7.181198e-01,-5.361561e-01,-1.020930e+00,-1.403653e-01,-5.883489e-02,2.214103e+00,-5.393157e-02,1.511887e-01,-4.691051e-01
3.388166e-02,3.818179e-01,-3.528010e+00,3.861308e-02,8.384475e-01,6.452968e-01,-1.952672e-02,-2.747584e-02,3.338037e-02,-1.049065e-02
-5.224749e-01,-1.757163e+00,1.105490e+00,1.015337e+00,-3.449636e-01,-4.783755e+00,-9.985549e-01,-1.423604e+00,1.960824e+00,1.278620e+00
2.156663e-01,1.607793e+00,-3.861416e-01,1.416603e+00,1.099661e+00,-1.405079e+00,2.519208e+00,3.311430e+00,1.779626e-01,-1.357575e+00
-1.290078e+00,5.060845e+00,1.493101e+00,2.239453e+00,-2.641993e+00,1.539685e+00,-1.226200e-01,-3.318095e+00,4.341207e-01,1.005681e+00
2.588463e+00,-5.516710e+00,2.337878e-01,2.017950e+00,-9.910970e-01,-1.110628e+00,-4.216176e-01,-5.237067e-02,2.774645e-01,3.660890e+00
-1.118023e+00,-2.148814e-01,-2.623713e+00,3.121423e+00,-3.929616e+00,-3.263916e+00,1.668324e-01,4.785164e-01,4.399604e-01,5.340018e+00
-4.524987e-01,2.859874e+00,6.875954e-01,-6.407570e-01,-6.452930e-01,5.564576e-01,-5.484117e-01,-2.373084e+00,4.485408e-01,2.164025e+00
-1.436032e+00,6.110808e-02,-3.353869e-01,4.459380e-01,-3.936594e-01,-1.077245e+00,2.872773e+00,5.780797e-01,-3.207412e+00,-3.218415e+00
