1.819521e+00,-3.170154e-01,1.163044e+00,-6.272054e-02,-2.468249e+00,-2.410659e+00,-1.313809e-02,1.062537e-01,3.877363e-02,4.109557e-02
-2.289780e+00,7.244809e-01,-5.887078e-02,-1.015506e+00,9.388470e-01,1.773648e+00,2.215913e+00,-4.306971e-02,1.526848e-01,-4.700627e-01
-3.045765e+00,2.224725e-02,-1.436222e+00,-7.933313e-03,-2.513029e+00,9.006543e-01,-3.159635e-03,1.657565e-01,-3.917882e-02,4.181851e-04
-1.630594e+00,-1.765462e+00,7.347572e-02,1.009349e+00,4.048004e-01,2.530959e+00,-9.947959e-01,-1.420177e+00,1.952709e+00,1.279786e+00
4.570086e-01,1.611807e+00,3.946906e-01,1.420884e+00,-1.283005e+00,-9.308724e-02,2.519066e+00,3.308589e+00,1.908417e-01,-1.357238e+00
-2.083378e+00,5.089240e+00,-1.286762e+00,2.238349e+00,-4.048243e-01,-3.267270e-01,-1.218127e-01,-3.323919e+00,4.383037e-01,1.003584e+00
-5.009772e-01,-5.516479e+00,-2.141585e+00,2.019122e+00,2.041363e-01,-8.263479e-01,-4.206865e-01,-5.430637e-02,2.868623e-01,3.661614e+00
7.321742e-01,-2.124886e-01,1.083196e+00,3.117116e+00,-8.865912e-01,-1.058005e-01,1.654658e-01,4.779364e-01,4.420518e-01,5.341280e+00
3.376256e-01,2.858108e+00,-7.931747e-01,-6.471227e-01,7.773013e-01,-1.642245e+00,-5.477434e-01,-2.371318e+00,4.479962e-01,2.165518e+00
2.477121e+00,5.752838e-02,4.654835e+00,4.442055e-01,2.689089e+00,1.247523e+00,2.871078e+00,5.742495e-01,-3.202772e+00,-3.218266e+00
