4.494955e+00,-4.304610e-01,1.972499e+00,4.544830e-02,-1.525402e+00,1.502918e+00,8.082752e-03,-9.579371e-02,1.987908e-02,-7.988006e-02
7.236338e-02,7.198504e-01,1.201167e+00,-1.016059e+00,1.354103e-01,-1.162249e+00,2.214918e+00,-4.684441e-02,1.456784e-01,-4.705862e-01
9.276100e-01,-3.856212e-01,-8.911224e-01,1.630551e-02,1.583737e+00,4.651319e+00,-6.862808e-04,2.130983e-01,1.394725e-02,1.433174e-01
2.741039e+00,-1.775837e+00,-8.877076e-01,1.020074e+00,-2.356873e-01,-3.225698e+00,-9.970294e-01,-1.431385e+00,1.955145e+00,1.281848e+00
1.460199e-01,1.608654e+00,-9.761336e-01,1.422197e+00,1.386596e-01,-2.396652e+00,2.518457e+00,3.309731e+00,1.877408e-01,-1.357530e+00
8.394778e-01,5.080539e+00,2.555831e+00,2.237976e+00,-1.400717e+00,-2.923591e+00,-1.237755e-01,-3.326083e+00,4.420276e-01,9.989949e-01
3.771906e+00,-5.512904e+00,3.972302e-02,2.017756e+00,8.852712e-01,2.452395e+00,-4.219263e-01,-5.332052e-02,2.799995e-01,3.661108e+00
-2.047168e+00,-2.129804e-01,9.529900e-01,3.121576e+00,-1.650067e-01,-1.806189e+00,1.673209e-01,4.808580e-01,4.437838e-01,5.342199e+00
5.442769e-01,2.858075e+00,1.730494e+00,-6.453780e-01,5.863485e-01,-2.547812e+00,-5.483221e-01,-2.370081e+00,4.537439e-01,2.163087e+00
4.868702e-01,5.627614e-02,-5.458373e+00,4.431312e-01,2.793709e+00,1.559337e+00,2.874183e+00,5.740711e-01,-3.198008e+00,-3.219232e+00
