1.445690e+00,1.758173e-01,4.910372e-01,3.715736e-02,-1.381922e+00,2.048930e+00,1.523312e-01,1.446894e-02,3.083209e-02,-1.190423e-02
1.572869e+00,7.117617e-01,2.627122e+00,-1.017278e+00,-4.709111e-01,-4.326830e-01,2.218798e+00,-4.204719e-02,1.518171e-01,-4.654073e-01
2.649527e+00,-7.445161e-02,3.049588e+00,-3.235578e-02,-2.867043e+00,-8.649159e-01,-9.529369e-03,-2.878230e-02,-2.788851e-03,6.066340e-02
-8.838901e-01,-1.761653e+00,4.295751e-01,1.017053e+00,-3.290855e+00,-2.917036e+00,-9.983406e-01,-1.425133e+00,1.958715e+00,1.285630e+00
2.702493e+00,1.615676e+00,-1.553500e+00,1.419602e+00,1.145666e+00,2.521455e+00,2.518502e+00,3.311565e+00,1.852288e-01,-1.356401e+00
-2.806454e+00,5.073642e+00,3.253573e+00,2.239624e+00,-1.067485e+00,-4.794422e+00,-1.207493e-01,-3.321694e+00,4.376043e-01,1.004114e+00
8.212554e-01,-5.513076e+00,3.327119e+00,2.018974e+00,-1.812992e+00,-4.467416e+00,-4.214295e-01,-5.140672e-02,2.755016e-01,3.662259e+00
6.235348e-01,-2.167460e-01,2.392102e+00,3.117858e+00,2.354099e+00,-2.775013e+00,1.655565e-01,4.794673e-01,4.386526e-01,5.339728e+00
6.900648e-01,2.869198e+00,-3.190658e-01,-6.393301e-01,2.338901e-01,7.461122e-01,-5.479629e-01,-2.375026e+00,4.617547e-01,2.164000e+00
-2.366344e+00,6.716273e-02,2.609719e+00,4.406057e-01,-1.888417e+00,-2.047394e+00,2.870271e+00,5.817423e-01,-3.198404e+00,-3.216937e+00
