-3.061854e+00,4.191882e-01,2.353416e+00,2.895187e-02,-2.133857e+00,-5.212601e-01,-4.529494e-02,-1.361133e-01,-1.066306e-02,2.984545e-02
-1.204054e+00,7.135527e-01,-1.603480e+00,-1.019192e+00,3.248850e+00,-5.657672e-01,2.220238e+00,-4.902963e-02,1.567067e-01,-4.663118e-01
-1.823070e+00,-3.746174e-01,6.804382e-01,3.496551e-02,1.892593e+00,-3.231920e+00,1.060650e-01,5.786247e-02,4.577808e-02,2.798758e-02
-3.275788e+00,-1.754127e+00,3.325068e+00,1.015907e+00,-6.785519e-01,-1.459919e+00,-9.986446e-01,-1.427871e+00,1.963027e+00,1.278183e+00
2.019393e+00,1.610293e+00,2.900111e+00,1.417215e+00,-1.564252e+00,5.154088e-01,2.518088e+00,3.313856e+00,1.943876e-01,-1.357295e+00
3.203978e-01,5.086930e+00,1.707524e+00,2.240188e+00,5.884789e-01,-1.526281e+00,-1.236127e-01,-3.319333e+00,4.379892e-01,1.001212e+00
-1.449390e+00,-5.514855e+00,-1.577145e+00,2.019392e+00,7.406711e-01,1.929720e+00,-4.222715e-01,-5.320201e-02,2.737135e-01,3.661930e+00
8.520966e-01,-2.120642e-01,2.186040e+00,3.117377e+00,-1.260328e+00,-4.273733e-01,1.650981e-01,4.765728e-01,4.440372e-01,5.339160e+00
3.514216e+00,2.859150e+00,-9.809364e-01,-6.479641e-01,-1.778826e+00,-2.127495e+00,-5.470147e-01,-2.374061e+00,4.394444e-01,2.167644e+00
1.464929e+00,6.296061e-02,-2.675703e+00,4.473028e-01,-3.419953e+00,-6.965823e-01,2.869807e+00,5.770992e-01,-3.201439e+00,-3.214600e+00
