1.697481e+00,-2.866491e-01,-2.309771e+00,2.777970e-02,-3.829701e+00,7.180522e-01,-8.614022e-02,1.319440e-01,4.823369e-02,1.574141e-02
4.470886e+00,7.203554e-01,-1.635931e+00,-1.018160e+00,-4.393680e+00,5.089406e+00,2.220577e+00,-4.725534e-02,1.523747e-01,-4.725905e-01
-8.509783e-01,6.364789e-03,1.099714e+00,-7.595084e-02,2.584000e-01,-2.109061e-02,-3.915610e-02,4.494684e-02,2.935160e-02,-6.011442e-02
-2.653345e+00,-1.764455e+00,5.077321e-01,1.013363e+00,5.489372e-01,-6.113420e-01,-9.964146e-01,-1.425911e+00,1.956678e+00,1.278441e+00
-1.762623e-02,1.608216e+00,1.301637e+00,1.422403e+00,1.248453e+00,-2.542908e+00,2.517274e+00,3.308281e+00,1.814194e-01,-1.356138e+00
-1.977723e+00,5.085277e+00,-2.395651e+00,2.229537e+00,2.295462e+00,3.085381e-02,-1.246157e-01,-3.326432e+00,4.329065e-01,1.002951e+00
9.465835e-01,-5.512425e+00,-1.765047e+00,2.019069e+00,-1.546846e+00,-2.042993e-01,-4.219394e-01,-5.238841e-02,2.814049e-01,3.661396e+00
1.767013e+00,-2.150081e-01,2.751756e+00,3.120086e+00,6.820005e-01,-5.323788e+00,1.658612e-01,4.786638e-01,4.367829e-01,5.339320e+00
-2.410826e+00,2.864578e+00,-5.565903e+00,-6.436296e-01,2.355963e+00,3.666796e+00,-5.477940e-01,-2.376701e+00,4.458219e-01,2.166559e+00
2.197026e-01,6.845606e-02,-2.376216e+00,4.452963e-01,1.246086e+00,2.935752e-01,2.872455e+00,5.748416e-01,-3.199860e+00,-3.216713e+00
