-2.082606e+00,2.307261e-01,-1.467924e-01,1.072139e-02,-8.799298e-01,7.522476e-01,-6.499585e-03,-8.534733e-02,1.433471e-02,9.554845e-02
2.947542e+00,7.218950e-01,8.808089e-01,-1.015289e+00,-8.930975e-02,-5.166741e-03,2.216910e+00,-4.297339e-02,1.519716e-01,-4.657290e-01
7.104279e-01,-1.014162e-01,-3.440905e-01,2.863022e-02,4.423634e-02,-1.503034e+00,-2.790225e-02,8.567508e-02,1.945484e-02,-8.261638e-02
4.548271e+00,-1.739562e+00,5.180607e+00,1.013995e+00,2.645625e+00,-4.115129e+00,-9.991389e-01,-1.422115e+00,1.960084e+00,1.281177e+00
-1.491709e+00,1.612512e+00,-1.701132e-01,1.421664e+00,5.978417e-02,2.187270e+00,2.517871e+00,3.311451e+00,1.856536e-01,-1.355200e+00
3.255150e+00,5.078540e+00,-2.953041e+00,2.241218e+00,-2.830792e+00,5.014484e-01,-1.253978e-01,-3.325623e+00,4.354856e-01,1.000434e+00
-2.584893e+00,-5.511929e+00,-3.765105e+00,2.016473e+00,-3.385967e+00,-2.445217e+00,-4.229636e-01,-5.295597e-02,2.787220e-01,3.663303e+00
1.038022e+00,-2.117589e-01,-3.470752e+00,3.116216e+00,-9.892198e-01,-3.596155e+00,1.650391e-01,4.775044e-01,4.434868e-01,5.340634e+00
-2.840713e+00,2.860732e+00,3.759680e+00,-6.373101e-01,-4.928519e+00,6.349140e-02,-5.471286e-01,-2.375202e+00,4.535271e-01,2.166739e+00
-1.840147e+00,6.049995e-02,-3.565851e-02,4.448955e-01,8.021080e-01,5.183813e-01,2.872573e+00,5.751307e-01,-3.202007e+00,-3.216188e+00
