-2.395830e+00,-1.415122e-01,7.705831e-01,1.339432e-02,1.676023e+00,-4.219872e+00,-1.003099e-02,-2.583208e-02,9.191451e-03,2.182184e-02
2.199255e+00,7.216138e-01,3.756229e+00,-1.019648e+00,3.763656e+00,-2.731146e+00,2.217945e+00,-5.140524e-02,1.467580e-01,-4.685262e-01
4.054296e+00,-3.017414e-01,-1.313550e+00,5.916550e-02,-2.623588e+00,-1.733140e+00,5.086815e-02,-1.789060e-01,-4.488348e-02,3.882836e-02
2.114306e+00,-1.749257e+00,4.205331e+00,1.013108e+00,-5.219829e-01,-2.219000e+00,-9.962919e-01,-1.424776e+00,1.958909e+00,1.281798e+00
1.458494e+00,1.609585e+00,1.892552e+00,1.419832e+00,6.426838e-01,-2.346457e-01,2.519495e+00,3.310374e+00,1.874837e-01,-1.358064e+00
2.832151e+00,5.098031e+00,-3.357515e-01,2.240751e+00,-5.972509e-01,3.044854e-01,-1.264529e-01,-3.329841e+00,4.404158e-01,1.002508e+00
8.363261e-02,-5.511298e+00,7.599830e-01,2.018724e+00,3.046382e+00,-9.832628e-01,-4.215766e-01,-5.350578e-02,2.797360e-01,3.665036e+00
2.679301e+00,-2.138798e-01,-1.378855e+00,3.118920e+00,2.102525e+00,-8.395455e-01,1.661209e-01,4.743134e-01,4.395855e-01,5.340584e+00
-1.000026e+00,2.864291e+00,3.878550e+00,-6.442459e-01,-7.617757e-01,-1.470392e+00,-5.497921e-01,-2.377543e+00,4.504939e-01,2.160722e+00
4.064801e+00,7.772982e-02,2.331895e-01,4.469585e-01,1.529941e+00,5.555032e-02,2.873403e+00,5.723330e-01,-3.200728e+00,-3.220866e+00
