-1.836356e+00,6.396195e-02,-1.808053e+00,-3.046216e-02,-1.200272e+00,-4.552684e+00,2.064370e-02,-6.698402e-02,1.853804e-02,-3.036224e-02
-1.369291e+00,7.212827e-01,-2.378473e+00,-1.018461e+00,-1.001060e+00,1.585983e+00,2.217702e+00,-4.991100e-02,1.559532e-01,-4.717534e-01
1.458247e+00,8.615973e-02,2.638914e+00,1.933873e-02,2.033503e+00,6.873165e-01,-6.292883e-02,-1.954320e-01,3.206320e-02,1.868436e-02
1.585806e+00,-1.777042e+00,-1.844098e+00,1.005369e+00,-2.707398e+00,1.221682e+00,-9.970191e-01,-1.426112e+00,1.965702e+00,1.280881e+00
-8.139486e-01,1.608915e+00,1.142830e+00,1.418311e+00,8.441345e-01,1.487362e+00,2.516665e+00,3.309670e+00,1.871186e-01,-1.356278e+00
3.717038e-01,5.081226e+00,6.461309e-01,2.246290e+00,-5.474193e+00,-4.956192e-01,-1.226921e-01,-3.323068e+00,4.351143e-01,1.003736e+00
-2.825412e-03,-5.515949e+00,5.517484e-01,2.022465e+00,-1.144043e+00,3.519078e-01,-4.219876e-01,-5.226620e-02,2.777965e-01,3.663201e+00
-1.944173e+00,-2.112608e-01,5.938101e+00,3.122731e+00,9.527012e-01,-2.511807e+00,1.661762e-01,4.791468e-01,4.453638e-01,5.339434e+00
2.289927e-01,2.863014e+00,2.595964e+00,-6.424109e-01,2.780893e+00,2.743545e+00,-5.468121e-01,-2.369797e+00,4.518049e-01,2.166864e+00
-4.102620e-01,6.983834e-02,-9.760949e-01,4.495782e-01,-1.228392e+00,-1.980725e+00,2.873845e+00,5.718975e-01,-3.206678e+00,-3.217577e+00
