2.039076e+00,-3.322390e-01,9.423156e-01,2.736561e-03,4.858122e+00,1.313402e+00,-2.394797e-02,3.370250e-01,5.610398e-02,-3.520097e-02
3.235081e+00,7.102452e-01,-2.089288e-01,-1.014814e+00,-9.835109e-01,-5.709866e-01,2.222694e+00,-4.832443e-02,1.554658e-01,-4.670455e-01
-2.602742e-01,4.681723e-01,3.479355e-01,8.511816e-02,-3.310957e-02,-9.695927e-01,9.436257e-03,3.025458e-01,3.626199e-02,6.517191e-02
-9.562416e-01,-1.750227e+00,1.400490e+00,1.018509e+00,-2.836097e+00,8.011707e-01,-9.953101e-01,-1.423950e+00,1.955047e+00,1.283820e+00
-1.737240e+00,1.613438e+00,1.203418e-01,1.421208e+00,3.883878e+00,8.666087e-01,2.518341e+00,3.313537e+00,1.902521e-01,-1.356631e+00
-4.203656e-01,5.092730e+00,1.171763e+00,2.237300e+00,-1.795985e+00,1.390977e+00,-1.221238e-01,-3.321903e+00,4.366871e-01,9.978772e-01
3.147217e-01,-5.513677e+00,2.341326e+00,2.021213e+00,2.046389e+00,1.085308e+00,-4.212823e-01,-5.474131e-02,2.805912e-01,3.661700e+00
-3.832798e-01,-2.143833e-01,1.395053e+00,3.121031e+00,-1.521582e+00,1.327101e+00,1.660075e-01,4.812674e-01,4.342491e-01,5.338048e+00
-1.024321e+00,2.862168e+00,9.696110e-02,-6.420160e-01,-1.568671e+00,-2.759251e+00,-5.489488e-01,-2.374764e+00,4.544601e-01,2.166147e+00
-4.475241e+00,6.910069e-02,-4.084707e+00,4.470735e-01,-2.401978e+00,1.000024e+00,2.871447e+00,5.775863e-01,-3.200854e+00,-3.216046e+00
