7.222323e-01,-1.666646e-01,2.132791e-01,-3.500929e-02,-3.203435e+00,-1.342275e+00,-5.046984e-02,5.705439e-02,-2.134230e-02,-5.271666e-02
-2.164217e-02,7.258511e-01,1.639367e+00,-1.021121e+00,-1.979126e+00,-3.470822e+00,2.217368e+00,-5.425754e-02,1.522464e-01,-4.661241e-01
1.435850e-01,-1.127099e-01,1.817202e+00,6.902825e-02,1.270701e+00,-2.107095e+00,3.907988e-02,1.480727e-01,-2.487626e-02,-2.232718e-02
-2.187139e+00,-1.763657e+00,-2.302043e+00,1.018987e+00,4.585923e+00,-7.732785e-01,-9.965194e-01,-1.425230e+00,1.959782e+00,1.281430e+00
3.953533e+00,1.608816e+00,9.101605e-01,1.422067e+00,2.792301e-01,7.439797e-01,2.518135e+00,3.310282e+00,1.883619e-01,-1.355421e+00
-5.554273e+00,5.083712e+00,6.236569e-02,2.242912e+00,-3.341998e+00,7.717035e-01,-1.212100e-01,-3.328563e+00,4.388992e-01,1.001645e+00
9.803035e-01,-5.511629e+00,9.582148e-01,2.020124e+00,-3.045280e-01,1.299123e+00,-4.222958e-01,-5.101487e-02,2.779376e-01,3.663087e+00
-1.291618e+00,-2.134095e-01,-1.016129e+00,3.119707e+00,-5.171259e-01,9.844648e-02,1.665576e-01,4.750257e-01,4.391701e-01,5.340113e+00
-8.223305e-01,2.860452e+00,1.115432e+00,-6.432427e-01,1.885878e+00,4.275728e-01,-5.505693e-01,-2.366079e+00,4.472567e-01,2.165779e+00
-1.802805e+00,4.939756e-02,1.602090e+00,4.433193e-01,-1.767877e+00,-1.710898e+00,2.871602e+00,5.763849e-01,-3.211519e+00,-3.213784e+00
