-4.650534e-01,-1.772023e-02,-5.172267e+00,-5.556678e-02,9.689306e-03,-1.261368e+00,2.390650e-02,-6.983658e-02,-3.152212e-02,-7.283358e-02
-9.536307e-01,7.154769e-01,-1.247745e+00,-1.013599e+00,-3.264143e+00,-1.774168e-01,2.217194e+00,-4.132192e-02,1.539949e-01,-4.666743e-01
5.976205e-01,2.866663e-01,-8.625456e-02,4.374454e-02,4.559964e+00,2.728454e+00,1.568775e-02,-1.339539e-02,-7.088204e-02,-1.051488e-01
8.745469e-01,-1.757541e+00,-2.873274e+00,1.017383e+00,-1.517102e+00,9.954097e-01,-1.001141e+00,-1.424462e+00,1.961460e+00,1.280529e+00
-4.836900e+00,1.610448e+00,-1.241128e+00,1.419352e+00,4.878263e-01,-3.140413e+00,2.518307e+00,3.308786e+00,1.876822e-01,-1.356896e+00
-1.337706e+00,5.079592e+00,2.367733e+00,2.243676e+00,1.787913e+00,-4.174300e+00,-1.257546e-01,-3.325194e+00,4.347546e-01,1.008124e+00
-2.498816e+00,-5.515563e+00,-3.270288e+00,2.018582e+00,3.103259e-01,-2.928239e+00,-4.207245e-01,-5.249507e-02,2.719296e-01,3.659925e+00
5.785887e-02,-2.147280e-01,-1.522065e+00,3.121224e+00,1.784284e+00,-1.523682e+00,1.652622e-01,4.772531e-01,4.418808e-01,5.341076e+00
-1.707965e+00,2.862700e+00,-2.932110e+00,-6.402269e-01,1.650872e+00,1.542071e+00,-5.503940e-01,-2.373432e+00,4.507263e-01,2.167179e+00
-8.340750e-01,6.549274e-02,9.355068e-01,4.439263e-01,-3.016416e+00,-3.061345e-02,2.869502e+00,5.777999e-01,-3.196149e+00,-3.217487e+00
