4.912639e-01,3.108887e-01,-1.180667e+00,2.122825e-02,-2.931126e+00,-1.470365e+00,1.481944e-02,-1.752260e-01,-5.344480e-02,-1.574214e-02
1.049344e+00,7.236407e-01,-3.034000e+00,-1.020616e+00,6.756657e+00,4.328547e-01,2.220854e+00,-5.275770e-02,1.577393e-01,-4.641958e-01
-2.632916e+00,-1.437121e-01,8.739173e-02,-4.328703e-02,1.773976e+00,3.585474e+00,4.515053e-02,3.056317e-02,2.477049e-02,-4.559162e-02
2.329015e+00,-1.755685e+00,2.866560e+00,1.023107e+00,-9.356994e-01,-1.200516e+00,-9.968625e-01,-1.422684e+00,1.948205e+00,1.281648e+00
1.080099e+00,1.607944e+00,-1.685485e+00,1.420677e+00,2.322791e+00,-1.584077e+00,2.518266e+00,3.308011e+00,1.939026e-01,-1.355858e+00
3.894890e+00,5.066417e+00,-1.766226e+00,2.238217e+00,9.815793e-01,2.119574e+00,-1.220321e-01,-3.318778e+00,4.498049e-01,1.014843e+00
-9.812740e-01,-5.515418e+00,2.574036e-01,2.019822e+00,1.750563e+00,1.221034e+00,-4.213889e-01,-5.080383e-02,2.761528e-01,3.662792e+00
4.971748e+00,-2.137109e-01,1.915765e+00,3.120233e+00,-1.093313e+00,7.663686e-01,1.653697e-01,4.794558e-01,4.415712e-01,5.341202e+00
-5.406879e-01,2.860096e+00,1.263428e+00,-6.449535e-01,-4.379373e-01,9.489916e-01,-5.482289e-01,-2.373316e+00,4.522195e-01,2.165324e+00
-1.220837e+00,8.340329e-02,-7.999039e-01,4.488222e-01,3.242720e-01,-2.432376e+00,2.872953e+00,5.801117e-01,-3.194236e+00,-3.219179e+00
