1.617308e+00,2.388429e-01,-2.971865e+00,5.025948e-02,-1.925508e+00,-2.800611e+00,-7.161106e-02,1.914331e-01,1.012783e-02,3.303422e-02
-1.915388e+00,7.142489e-01,2.439660e+00,-1.018255e+00,-1.749247e+00,-1.569101e+00,2.218581e+00,-4.799710e-02,1.482885e-01,-4.702063e-01
-2.815015e+00,4.992586e-01,-1.450726e-01,1.215799e-01,6.778950e-01,-1.333318e+00,-2.229155e-02,-2.113370e-01,-4.868671e-03,9.929774e-02
-9.777694e-02,-1.743573e+00,3.753907e+00,1.014448e+00,1.129015e+00,1.573477e+00,-1.000285e+00,-1.427416e+00,1.966350e+00,1.282148e+00
2.957430e+00,1.608308e+00,3.515975e+00,1.419911e+00,-3.546889e-01,-1.960780e+00,2.518877e+00,3.309064e+00,1.895130e-01,-1.355649e+00
-2.355787e+00,5.052834e+00,4.064806e+00,2.237636e+00,1.783245e+00,-3.605351e+00,-1.232626e-01,-3.323504e+00,4.342158e-01,1.004457e+00
1.828919e+00,-5.515698e+00,-1.013774e+00,2.017558e+00,-5.946941e-01,-1.242298e+00,-4.218122e-01,-5.329052e-02,2.817398e-01,3.661994e+00
-9.113157e-01,-2.138014e-01,1.915294e-01,3.121801e+00,-5.420846e+00,3.705320e-01,1.654324e-01,4.731874e-01,4.361809e-01,5.339826e+00
-5.741720e+00,2.867021e+00,2.701601e+00,-6.468602e-01,-1.086514e+00,-2.370358e+00,-5.485575e-01,-2.373645e+00,4.516520e-01,2.165641e+00
1.090789e-02,7.477558e-02,5.393822e-01,4.396908e-01,-6.915204e-01,-1.308110e+00,2.873496e+00,5.778712e-01,-3.198357e+00,-3.221304e+00
