-2.121874e-01,-3.830353e-01,3.432265e+00,-1.922323e-02,-1.982123e+00,-2.543832e-01,2.423972e-03,9.813055e-02,-5.863966e-02,-3.666896e-02
1.659513e+00,7.128843e-01,1.821596e+00,-1.018567e+00,-1.112532e+00,6.749531e-01,2.219316e+00,-5.000606e-02,1.568090e-01,-4.688906e-01
2.150431e-01,-4.840132e-01,-7.271350e-01,-3.887445e-04,-5.974614e-01,-4.271102e-01,9.273183e-02,1.261258e-01,-1.192333e-03,-1.361323e-02
-1.227093e+00,-1.759484e+00,-3.179818e-01,1.015588e+00,2.082456e+00,1.940670e+00,-9.989536e-01,-1.424993e+00,1.956171e+00,1.274037e+00
-1.832856e+00,1.609808e+00,-2.214631e+00,1.420388e+00,-2.489693e+00,1.297251e+00,2.518844e+00,3.310673e+00,1.918309e-01,-1.357893e+00
-1.126567e+00,5.089861e+00,-6.107650e-01,2.241314e+00,3.652485e+00,-1.547653e-01,-1.224542e-01,-3.325948e+00,4.364418e-01,1.002179e+00
1.507693e+00,-5.513217e+00,4.285841e-01,2.019721e+00,3.267779e-01,3.949913e+00,-4.227450e-01,-5.441363e-02,2.710528e-01,3.662526e+00
-2.587922e-01,-2.145897e-01,3.619351e+00,3.121060e+00,1.340592e+00,1.467590e+00,1.651568e-01,4.753107e-01,4.417354e-01,5.338990e+00
-1.369485e+00,2.862447e+00,3.218724e+00,-6.473567e-01,-2.328263e+00,-6.003293e-01,-5.491469e-01,-2.381377e+00,4.478708e-01,2.164883e+00
-3.314500e+00,6.830188e-02,-6.576758e-01,4.446007e-01,-6.024349e-01,-4.465953e+00,2.873602e+00,5.759684e-01,-3.206985e+00,-3.215971e+00
