Id,Bin
6901,1
6863,1
6773,1
6964,1
6993,1
7018,1
7163,1
6921,1
7073,1
7054,1
6970,1
6944,1
6744,1
6852,1
6965,1
7036,1
6995,1
7038,1
7051,1
6754,1
6879,1
6727,1
7088,1
6796,1
6977,1
6840,1
6952,1
6823,1
6697,1
7122,1
7117,1
6870,1
7025,1
7220,1
7145,1
7119,1
6713,1
7162,1
7146,1
7104,1
7207,1
7161,1
7350,1
7222,1
6991,1
7259,1
6827,1
7278,1
6937,1
7240,1
7126,1
7044,1
7086,1
6691,1
7251,1
7064,1
6849,1
7085,1
7169,1
6896,1
7191,1
6681,1
7209,1
7247,1
7267,1
7297,1
7128,1
7159,1
7194,1
7174,1
7315,1
7290,1
6927,1
7052,1
7219,1
7115,1
7294,1
7139,1
7153,1
7396,1
6810,1
7327,1
7440,1
7282,1
7120,1
7197,1
7325,1
7351,1
7301,1
7024,1
7320,1
7211,1
7476,1
6794,1
7382,1
7019,1
7296,1
7235,1
7266,1
7034,1
7246,1
6674,1
6800,1
7223,1
7331,1
7361,1
7552,1
7519,1
7457,1
6918,1
7281,1
7303,1
7347,1
7335,1
7484,1
7393,1
7108,1
7520,1
7492,1
7348,1
7431,1
7192,1
7585,1
7445,1
7273,1
7493,1
6789,1
7518,1
7010,1
7575,1
7548,1
7426,1
7185,1
7471,1
7452,1
7268,1
7354,1
7467,1
6671,1
6664,1
7379,1
7005,1
7378,1
7490,1
7364,1
7544,1
7181,1
7516,1
7339,1
7403,1
6784,1
7101,1
7264,1
7615,1
7332,1
7469,1
7563,1
6781,1
7385,1
7436,1
7178,1
7326,1
7601,1
7318,1
7256,1
6999,1
7096,1
7637,1
7368,1
7401,1
6930,1
7314,1
7375,1
6658,1
7252,1
7453,1
7506,1
7533,1
7363,1
7422,1
7310,1
7584,1
7437,1
7359,1
7480,1
7463,1
7619,1
7404,1
7356,1
7094,1
6997,1
6779,1
7398,1
7429,1
7175,1
6655,1
7411,1
7249,1
7395,1
7447,1
7435,1
7308,1
7390,1
7352,1
7414,1
7417,1
7410,1
7427,1
7387,1
7408,1
7419,1
7421,1
7376,1
7076,1
7212,1
7541,1
7202,1
7455,1
7424,1
7532,1
7386,1
7620,1
7199,1
7611,1
7547,1
7689,1
7705,1
7560,1
7722,1
7633,1
7647,1
7603,1
7677,1
7833,1
7751,1
7802,1
7746,1
7692,1
7662,1
7767,1
7604,1
7765,1
7579,1
7714,1
7646,1
7790,1
7781,1
7671,1
7703,1
7716,1
7733,1
7817,1
7898,1
7868,1
7874,1
7849,1
7824,1
7630,1
7935,1
7836,1
7797,1
7859,1
7985,1
7770,1
7749,1
7906,1
7954,1
7823,1
7909,1
7879,1
7747,1
7857,1
7961,1
7861,1
7794,1
7876,1
7813,1
7831,1
7929,1
8004,1
7923,1
7905,1
7936,1
7976,1
7991,1
7958,1
7892,1
8016,1
7918,1
8082,1
7894,1
8033,1
8023,1
8049,1
7995,1
7964,1
7948,1
8058,1
8081,1
8114,1
7870,1
8018,1
8100,1
8001,1
8031,1
7842,1
8056,1
7987,1
8064,1
8050,1
7956,1
8122,1
8157,1
7928,1
8026,1
8089,1
7904,1
8165,1
8130,1
7992,1
7872,1
7960,1
8092,1
8198,1
8061,1
8163,1
6676,1
6731,1
7062,1
6854,1
6844,1
6803,1
6788,1
6874,1
6985,1
6919,1
6743,1
6924,1
6956,1
7041,1
7113,1
7129,1
7258,1
7155,1
7388,1
7239,1
7225,1
7012,1
6983,1
7412,1
6887,1
7525,1
7526,1
7089,1
7377,1
7597,1
7676,1
7786,1
7758,1
7865,1
7931,1
7832,1
7821,1
7901,1
7959,1
7993,1
7896,1
8074,1
7962,1
7988,1
7966,1
8020,1
8123,1
8057,1
8053,1
8029,1
8036,1
8143,1
7999,1
8200,1
8041,1
8086,1
7926,1
8063,1
8107,1
8077,1
8124,1
8090,1
8139,1
8162,1
8159,1
8137,1
8102,1
8103,1
8178,1
8173,1
8117,1
8182,1
8233,1
8219,1
8196,1
8208,1
8243,1
8144,1
8111,1
8177,1
8216,1
8250,1
8256,1
8220,1
8145,1
8183,1
8112,1
8252,1
8292,1
7006,1
6979,1
6973,1
7028,1
7069,1
6958,1
6957,1
7042,1
7070,1
7154,1
7173,1
7148,1
7182,1
7237,1
7109,1
7047,1
6984,1
7009,1
7075,1
7127,1
7248,1
7090,1
6943,1
7131,1
7201,1
7234,1
7116,1
7097,1
7271,1
7157,1
7184,1
7165,1
7048,1
7229,1
7204,1
7132,1
7156,1
6923,1
7039,1
7190,1
7270,1
7057,1
7321,1
6931,1
7147,1
7277,1
7230,1
7307,1
7020,1
7125,1
7316,1
7200,1
7241,1
7305,1
7295,1
7383,1
7118,1
7342,1
7349,1
7434,1
7217,1
7111,1
7030,1
6913,1
7338,1
7330,1
7372,1
7272,1
7299,1
7288,1
7196,1
6909,1
7255,1
7311,1
7227,1
7384,1
7473,1
7015,1
7187,1
7345,1
7276,1
7366,1
7399,1
7504,1
7450,1
7439,1
7344,1
7105,1
7357,1
7502,1
6905,1
7477,1
7183,1
7008,1
7373,1
7529,1
7391,1
7269,1
7551,1
7461,1
7334,1
7265,1
7328,1
7523,1
6932,1
7179,1
7425,1
6897,1
7099,1
7002,1
7262,1
7317,1
7474,1
7394,1
7323,1
7253,1
7380,1
7444,1
7407,1
7365,1
7374,1
7312,1
7095,1
7572,1
6998,1
7542,1
6891,1
7176,1
7433,1
7360,1
7358,1
7489,1
7250,1
7458,1
7397,1
7402,1
7309,1
7442,1
7406,1
7353,1
7418,1
7392,1
7432,1
7415,1
7389,1
7413,1
7423,1
7409,1
7420,1
6635,1
6735,1
6841,1
6783,1
6594,1
6949,1
6683,1
6962,1
6893,1
6885,1
7091,1
7180,1
7102,1
7029,1
7000,1
6992,1
7049,1
7017,1
7152,1
7208,1
7137,1
7050,1
7045,1
7166,1
7112,1
7061,1
7092,1
7243,1
7527,1
7215,1
7306,1
6976,1
7441,1
7280,1
7186,1
7244,1
7279,1
7313,1
7530,1
7336,1
7534,1
7144,1
7472,1
7459,1
7482,1
7370,1
7537,1
7416,1
7591,1
7285,1
7583,1
7577,1
7501,1
7586,1
7640,1
7454,1
7618,1
7346,1
7665,1
7539,1
7628,1
7634,1
7690,1
7495,1
7538,1
7679,1
7565,1
7735,1
7536,1
7574,1
7773,1
7649,1
7700,1
7468,1
7602,1
7715,1
7503,1
7561,1
7639,1
7737,1
7755,1
7610,1
7809,1
7587,1
7668,1
7784,1
7685,1
7627,1
7712,1
7764,1
7819,1
7694,1
7612,1
7645,1
7742,1
6878,1
6799,1
7488,1
6938,1
7021,1
6968,1
7158,1
7053,1
7141,1
7581,1
7284,1
7136,1
7283,1
7568,1
7481,1
7498,1
7291,1
7292,1
7040,1
7151,1
7595,1
7655,1
7641,1
7066,1
6920,1
7123,1
6974,1
7172,1
6972,1
7100,1
7037,1
6922,1
7022,1
7080,1
7142,1
7494,1
7205,1
7077,1
7300,1
7242,1
7261,1
7319,1
7367,1
7289,1
7557,1
7168,1
7177,1
7513,1
7554,1
7405,1
7322,1
7505,1
7486,1
7556,1
7564,1
7483,1
7448,1
7666,1
7600,1
7500,1
7555,1
7632,1
7617,1
7691,1
7624,1
7607,1
7562,1
7466,1
7613,1
7743,1
7681,1
7656,1
7643,1
7710,1
7704,1
7684,1
7793,1
7636,1
7772,1
7860,1
7759,1
7553,1
7789,1
7517,1
7697,1
7810,1
7725,1
7669,1
7814,1
7754,1
7625,1
7873,1
7594,1
7834,1
7738,1
7717,1
7771,1
7650,1
7825,1
7850,1
7699,1
7914,1
7801,1
7883,1
7750,1
7682,1
7862,1
7775,1
7947,1
7726,1
7828,1
7916,1
8110,1
8190,1
8174,1
8040,1
8149,1
8227,1
8192,1
8245,1
8212,1
8270,1
8254,1
8236,1
8296,1
8343,1
8295,1
8334,1
8345,1
8354,1
8313,1
8287,1
8465,1
8419,1
8382,1
8409,1
8423,1
8378,1
8385,1
8365,1
8388,1
8325,1
8432,1
8453,1
8428,1
8459,1
8469,1
8397,1
8349,1
8441,1
8391,1
8350,1
8471,1
8430,1
8386,1
8346,1
8427,1
8468,1
6588,1
6786,1
6605,1
6619,1
6650,1
6633,1
6736,1
6766,1
6946,1
6749,1
6720,1
6912,1
6573,1
6881,1
6806,1
6565,1
6705,1
6859,1
6836,1
6693,1
6684,1
6558,1
6548,1
6677,1
6540,1
6533,1
6672,1
6667,1
6528,1
6661,1
6524,1
6657,1
6644,1
6701,1
6660,1
6758,1
6820,1
6868,1
6756,1
6616,1
6712,1
6711,1
6809,1
6880,1
6987,1
7058,1
6929,1
6846,1
7143,1
6769,1
7031,1
7114,1
6914,1
6954,1
7231,1
7198,1
6990,1
7341,1
6561,1
6707,1
6593,1
6702,1
6748,1
6740,1
6771,1
6669,1
6630,1
6673,1
6915,1
6855,1
6876,1
6959,1
6843,1
6612,1
6637,1
6895,1
6812,1
6792,1
6515,1
6563,1
6947,1
6996,1
6726,1
6679,1
6750,1
6541,1
6586,1
6700,1
6808,1
6848,1
6777,1
8356,1
8478,1
8559,1
8413,1
8568,1
8470,1
8611,1
8602,1
8650,1
8654,1
8608,1
8527,1
8460,1
8573,1
8529,1
8598,1
8648,1
8519,1
8516,1
8552,1
8614,1
8563,1
8505,1
8643,1
8657,1
8532,1
8574,1
8656,1
8615,1
8571,1
8612,1
8653,1
8566,1
8607,1
8647,1
8686,1
6857,1
6884,1
6871,1
6845,1
6833,1
6817,1
6911,1
6804,1
6797,1
6790,1
6787,1
6782,1
6780,1
7509,1
7524,1
7304,1
7673,1
7776,1
7546,1
7688,1
7609,1
7718,1
7707,1
7740,1
7757,1
7798,1
7875,1
7644,1
7822,1
7779,1
7829,1
7631,1
7731,1
7880,1
7854,1
7933,1
7908,1
7803,1
7871,1
7844,1
7957,1
7922,1
7937,1
8012,1
7907,1
7969,1
7900,1
7953,1
7981,1
8028,1
7997,1
7944,1
8069,1
8009,1
8037,1
7978,1
8079,1
8011,1
8045,1
6581,1
6595,1
6610,1
6568,1
6554,1
6560,1
6545,1
6537,1
6529,1
6527,1
6523,1
6722,1
6752,1
6628,1
6687,1
6975,1
6839,1
6602,1
6572,1
6651,1
6793,1
6935,1
6555,1
6894,1
7023,1
6641,1
6741,1
6716,1
6872,1
6525,1
6670,1
6689,1
6763,1
6795,1
6862,1
6627,1
6830,1
8671,1
8674,1
8759,1
8761,1
8666,1
8717,1
8804,1
8848,1
8713,1
8718,1
8849,1
8676,1
8719,1
8721,1
8677,1
8764,1
8806,1
8807,1
8846,1
8675,1
8803,1
8763,1
8760,1
8801,1
8843,1
8715,1
8757,1
8840,1
8798,1
8837,1
8752,1
8711,1
8669,1
8793,1
8834,1
8703,1
8745,1
8786,1
8826,1
8152,1
8170,1
8068,1
8185,1
8116,1
8131,1
8093,1
8148,1
8134,1
8207,1
8259,1
8228,1
8194,1
8199,1
8221,1
8237,1
8306,1
8272,1
8267,1
8312,1
8238,1
8314,1
8274,1
6910,1
6908,1
6900,1
6892,1
6889,1
8510,1
8549,1
8506,1
8587,1
8578,1
8632,1
8538,1
8495,1
8479,1
8583,1
8592,1
8487,1
8502,1
8525,1
8570,1
8545,1
8533,1
8626,1
8553,1
8635,1
8595,1
8622,1
8512,1
8636,1
8554,1
8893,1
8634,1
8594,1
8891,1
8888,1
8885,1
8881,1
8508,1
8548,1
8588,1
8876,1
8628,1
8873,1
8912,1
8922,1
8924,1
8925,1
8921,1
8920,1
8951,1
8946,1
8223,1
8242,1
8311,1
8260,1
8327,1
8271,1
8310,1
8281,1
8319,1
8285,1
8298,1
8395,1
8266,1
8440,1
8380,1
8370,1
8351,1
8361,1
8341,1
8366,1
8406,1
8328,1
8400,1
8481,1
8448,1
8435,1
8289,1
8424,1
8489,1
8331,1
8411,1
8293,1
8451,1
8371,1
8492,1
8491,1
8530,1
8450,1
8410,1
8369,1
8330,1
8444,1
8483,1
8526,1
8736,1
8691,1
8734,1
8779,1
8782,1
8739,1
8688,1
8694,1
8741,1
8698,1
8830,1
8870,1
8740,1
8828,1
8781,1
8829,1
8872,1
8868,1
8785,1
8699,1
8827,1
8784,1
8737,1
8697,1
8866,1
8777,1
8823,1
8863,1
8860,1
8692,1
8819,1
8773,1
8733,1
8815,1
8857,1
8728,1
8769,1
8809,1
8851,1
8887,1
6546,1
6609,1
6574,1
6685,1
6728,1
6642,1
6816,1
6768,1
6865,1
7428,1
7460,1
7478,1
7499,1
7515,1
6851,2
6955,2
6837,2
6751,2
6632,2
6517,2
6945,2
6733,2
7067,2
7063,2
6614,2
6402,2
6719,2
6704,2
6493,2
7072,2
6940,2
6472,2
6482,2
6828,2
6600,2
7216,2
6353,2
6822,2
6818,2
6583,2
6587,2
7233,2
7543,2
7479,2
6699,2
6696,2
6953,2
6942,2
6466,2
6467,2
6591,2
7257,2
7082,2
6832,2
7107,2
7512,2
6724,2
7651,2
7465,2
7298,2
6971,2
6898,2
6710,2
6867,2
7074,2
6584,2
6847,2
7521,2
7133,2
7720,2
7355,2
6989,2
7652,2
7686,2
7616,2
7576,2
7228,2
7167,2
7032,2
7760,2
7848,2
7777,2
7812,2
7302,2
7924,2
5998,2
6229,2
6163,2
6035,2
6106,2
6277,2
6065,2
6154,2
6236,2
6478,2
6193,2
6323,2
6195,2
6440,2
6320,2
6357,2
6283,2
6519,2
6090,2
6391,2
6168,2
6286,2
6155,2
6406,2
6045,2
6216,2
6339,2
6029,2
6206,2
6569,2
6456,2
6448,2
6505,2
6394,2
6030,2
6381,2
6085,2
6566,2
6351,2
5976,2
6617,2
6332,2
6562,2
6678,2
6451,2
6274,2
6500,2
6151,2
6328,2
6347,2
6383,2
6762,2
6425,2
6694,2
6306,2
6280,2
6622,2
6227,2
6464,2
6081,2
6510,2
6164,2
6492,2
6626,2
6209,2
6373,2
6539,2
6269,2
6611,2
6647,2
6869,2
6580,2
6774,2
6729,2
6462,2
6692,2
6578,2
6663,2
6805,2
6969,2
6550,2
6233,2
6298,2
7160,2
6649,2
7381,2
7188,2
7570,2
6675,2
7507,2
6770,2
6791,2
6890,2
7027,2
7605,2
7549,2
7046,2
6526,2
6981,2
7464,2
7635,2
6824,2
6856,2
7232,2
7702,2
7124,2
6698,2
6948,2
7736,2
7286,2
6904,2
7171,2
7078,2
7853,2
6916,2
7674,2
7035,2
7371,2
7254,2
7550,2
7596,2
7093,2
7805,2
7766,2
7638,2
7670,2
7170,2
7687,2
7614,2
7752,2
7514,2
7369,2
7491,2
7796,2
7888,2
7925,2
7845,2
7708,2
7287,2
7739,2
8006,2
7973,2
7839,2
7589,2
7885,2
8015,2
8046,2
7727,2
8158,2
7934,2
7886,2
7838,2
8087,2
7979,2
7787,2
7660,2
7723,2
7783,2
7942,2
8043,2
7795,2
7846,2
7910,2
8133,2
8008,2
8105,2
7951,2
7895,2
8076,2
8025,2
7968,2
8059,2
8030,2
7989,2
8088,2
8062,2
8127,2
8151,2
8094,2
6275,2
6355,2
6239,2
6336,2
6877,2
6767,2
6454,2
6552,2
6438,2
6423,2
6645,2
6638,2
6760,2
6534,2
6412,2
7003,2
6875,2
6521,2
6755,2
7150,2
6321,2
7013,2
6636,2
6520,2
6761,2
6882,2
6640,2
6042,2
6344,2
6110,2
6264,2
6186,2
6150,2
6226,2
6434,2
6319,2
6197,2
6288,2
6376,2
6268,2
6368,2
6003,2
5999,2
6479,2
6379,2
6432,2
5891,2
6056,2
5940,2
6315,2
6362,2
6549,2
6059,2
6127,2
6178,2
6826,2
6497,2
6194,2
6241,2
6730,2
6460,2
6615,2
6119,2
6538,2
6475,2
6571,2
6343,2
6648,2
6266,2
6308,2
6501,2
6737,2
6382,2
6424,2
6708,2
6765,2
6690,2
6917,2
6590,2
6620,2
7011,2
6778,2
7001,2
6899,2
6682,2
6853,2
6798,2
6567,2
6883,2
6665,2
7138,2
6114,2
6102,2
6097,2
6095,2
6092,2
7970,2
7927,2
8084,2
8010,2
7788,2
7884,2
7945,2
8017,2
7899,2
7840,2
7983,2
8052,2
8261,2
8019,2
7889,2
8125,2
8032,2
7980,2
7938,2
8097,2
7975,2
8326,2
7782,2
8065,2
7837,2
8169,2
8214,2
8279,2
8142,2
8167,2
8372,2
8308,2
8357,2
8085,2
8240,2
8078,2
8340,2
8191,2
8288,2
8115,2
8051,2
8108,2
8405,2
8136,2
8222,2
8374,2
8166,2
8420,2
8138,2
7724,2
8454,2
8321,2
8390,2
8217,2
8197,2
8358,2
8335,2
8467,2
8268,2
8193,2
8246,2
8302,2
8258,2
8280,2
8437,2
8379,2
8396,2
8316,2
6607,2
6746,2
6772,2
6149,2
6161,2
6188,2
6242,2
6172,2
6282,2
6223,2
6325,2
6137,2
6311,2
6441,2
6125,2
6453,2
6428,2
6291,2
6203,2
6276,2
6419,2
6117,2
6265,2
6408,2
6107,2
6261,2
6400,2
6254,2
6100,2
6395,2
6248,2
6096,2
6388,2
6244,2
6093,2
6385,2
6255,2
6213,2
6481,2
6346,2
6322,2
6292,2
6499,2
6435,2
6418,2
6457,2
6371,2
6407,2
6378,2
6551,2
6290,2
6341,2
6272,2
6532,2
6598,2
6589,2
6570,2
6643,2
6222,2
6152,2
6074,2
6187,2
6103,2
6491,2
6468,2
6522,2
6422,2
6445,2
6392,2
6463,2
6369,2
6494,2
6350,2
6338,2
6480,2
5916,2
5878,2
6177,2
5970,2
6124,2
6064,2
6014,2
8342,2
8273,2
8294,2
8324,2
8251,2
8387,2
8150,2
8355,2
8402,2
8336,2
8373,2
8286,2
8202,2
8175,2
8436,2
8241,2
8119,2
8394,2
8421,2
8376,2
8206,2
8180,2
8230,2
8408,2
8305,2
8474,2
8317,2
8360,2
8263,2
8542,2
8449,2
8536,2
8299,2
8461,2
8490,2
8446,2
8484,2
8590,2
8582,2
8496,2
8433,2
8609,2
8515,2
8501,2
8638,2
8524,2
8631,2
8576,2
8624,2
8544,2
8534,2
8618,2
8601,2
8556,2
8565,2
5967,2
8774,2
8771,2
8768,2
7333,2
6988,2
7569,2
6941,2
7135,2
7599,2
7626,2
7698,2
7800,2
7744,2
7056,2
7887,2
7451,2
7214,2
7497,2
7841,2
7324,2
7680,2
7663,2
7730,2
7531,2
7791,2
7578,2
6405,2
6380,2
6301,2
6287,2
6365,2
6446,2
6329,2
6317,2
6436,2
6458,2
6278,2
6345,2
6473,2
6426,2
6271,2
6413,2
6262,2
6403,2
6257,2
6398,2
6389,2
6249,2
6387,2
6247,2
6384,2
6243,2
5816,2
5849,2
5887,2
5918,2
6049,2
6088,2
6004,2
5962,2
6191,2
6145,2
6240,2
6420,2
6299,2
6352,2
6484,2
6507,2
8755,2
8629,2
8708,2
8652,2
8799,2
8621,2
8645,2
8690,2
8660,2
8797,2
8753,2
8679,2
8802,2
8842,2
8639,2
8790,2
8749,2
8684,2
8795,2
8705,2
8662,2
8847,2
8844,2
8841,2
8695,2
8701,2
8731,2
8746,2
8792,2
8742,2
8788,2
8735,2
6037,2
6061,2
6007,2
5984,2
6086,2
5955,2
6444,2
6126,2
5928,2
5892,2
6476,2
5864,2
6512,2
5911,2
5883,2
6556,2
5850,2
5834,2
5826,2
5817,2
5808,2
5800,2
5791,2
5786,2
5783,2
6176,2
6156,2
6204,2
6270,2
6232,2
6128,2
6340,2
6304,2
6098,2
6370,2
6028,2
6060,2
6002,2
6047,2
5988,2
6079,2
6010,2
5979,2
5968,2
5959,2
5954,2
5950,2
5945,2
5942,2
6076,2
6146,2
6105,2
6019,2
6175,2
5995,2
6050,2
5971,2
5939,2
5920,2
5827,2
5871,2
5840,2
5900,2
5889,2
5860,2
5823,2
5812,2
5806,2
5797,2
5787,2
5784,2
5782,2
5846,2
5822,2
5772,2
5897,2
5872,2
5792,2
5925,2
5963,2
8439,2
8517,2
8412,2
8426,2
8562,2
8456,2
8480,2
8466,2
8493,2
8504,2
8555,2
8619,2
8603,2
8543,2
8610,2
8522,2
8535,2
8596,2
8585,2
8896,2
8895,2
5830,2
5888,2
5861,2
5809,2
5912,2
5943,2
5779,2
6192,2
6166,2
6219,2
6252,2
6140,2
6115,2
6084,2
5992,2
6053,2
6068,2
6038,2
6016,2
5986,2
6006,2
5973,2
5965,2
5956,2
5952,2
5949,2
5944,2
8201,2
8176,2
8247,2
8154,2
8225,2
6386,2
6427,2
6360,2
6334,2
6459,2
6310,2
6530,2
6488,2
6259,2
6281,2
6142,2
6157,2
6196,2
6167,2
6230,2
6214,2
6179,2
6133,2
6122,2
5829,2
5867,2
5934,2
5899,2
5987,2
6026,2
6066,2
6118,2
8730,2
8776,2
8661,2
8727,2
8681,2
8685,2
8673,2
8824,2
8822,2
8665,2
8871,2
8724,2
8820,2
6012,2
5983,2
6263,2
6215,2
6083,2
6052,2
6134,2
6314,2
6171,2
6474,2
6364,2
6421,2
6531,2
6596,2
6659,2
5858,2
5895,2
5937,2
5994,2
5913,2
6509,2
6483,2
6455,2
6433,2
7996,2
7852,2
7955,2
7915,2
8511,2
8567,2
8577,2
5652,3
5746,3
6238,3
6348,3
5740,3
5961,3
5856,3
5853,3
6069,3
5966,3
5964,3
6183,3
6078,3
6070,3
6302,3
6293,3
6184,3
6190,3
6416,3
6075,3
6200,3
6318,3
6429,3
6542,3
6559,3
6335,3
6356,3
6447,3
6470,3
6503,3
6390,3
6618,3
6738,3
6553,3
6775,3
6838,3
6585,3
6961,3
6662,3
7033,3
6718,3
6902,3
5354,3
6221,3
6331,3
6442,3
6604,3
6377,3
6485,3
6858,3
6742,3
6625,3
6449,3
6776,3
7121,3
6666,3
6980,3
6557,3
7081,3
6717,3
7238,3
7475,3
6516,3
6951,3
7213,3
7449,3
6831,3
7059,3
7446,3
7653,3
7571,3
7732,3
6934,3
7567,3
7210,3
7683,3
6813,3
7470,3
6936,3
7748,3
7664,3
7510,3
7774,3
7990,3
7608,3
8055,3
7580,3
7060,3
7952,3
7864,3
7811,3
7806,3
7902,3
7827,3
7877,3
7863,3
7921,3
7949,3
7642,3
7911,3
7984,3
7711,3
7858,3
7946,3
7236,3
7087,3
8060,3
8022,3
7756,3
8091,3
8024,3
8121,3
7986,3
5318,3
5388,3
5403,3
5479,3
5528,3
5437,3
5452,3
5557,3
5522,3
5599,3
5753,3
5637,3
5836,3
5573,3
5678,3
5605,3
5694,3
5810,3
6011,3
5919,3
5673,3
5761,3
5723,3
5894,3
6040,3
5953,3
6131,3
5991,3
5778,3
5865,3
6159,3
6199,3
6101,3
5881,3
6218,3
5978,3
6082,3
6189,3
6307,3
6295,3
6410,3
5300,3
5362,3
5413,3
5288,3
5473,3
5407,3
5546,3
5352,3
5471,3
5538,3
5418,3
5662,3
5370,3
5440,3
5609,3
5596,3
5729,3
5491,3
5802,3
5561,3
5722,3
5521,3
5917,3
5780,3
5595,3
5854,3
5975,3
5635,3
5876,3
5681,3
5686,3
5481,3
5563,3
5715,3
5650,3
5793,3
5996,3
5969,3
5884,3
5754,3
5951,3
5760,3
6063,3
6057,3
5855,3
5935,3
5909,3
5997,3
6080,3
5832,3
6031,3
6173,3
6112,3
6041,3
6158,3
6253,3
6141,3
5767,3
5880,3
5824,3
5930,3
8007,3
7965,3
7891,3
7940,3
8073,3
8042,3
8106,3
7843,3
8014,3
8047,3
8156,3
8128,3
8080,3
8171,3
8210,3
8141,3
8113,3
8235,3
8184,3
8275,3
8229,3
8253,3
8362,3
8297,3
8344,3
5603,3
5537,3
5618,3
5815,3
5717,3
5735,3
5803,3
5828,3
5905,3
5910,3
5706,3
5693,3
5903,3
5798,3
5795,3
5923,3
6027,3
6013,3
6135,3
6015,3
6036,3
6237,3
5907,3
6130,3
6144,3
6234,3
6349,3
6136,3
6361,3
6251,3
6022,3
6162,3
6477,3
6372,3
6486,3
6289,3
6267,3
6399,3
6629,3
6511,3
6547,3
6652,3
6437,3
5859,3
5974,3
5866,3
5989,3
6089,3
6009,3
6220,3
6116,3
6148,3
6180,3
6284,3
6250,3
5332,3
5382,3
5390,3
5316,3
5518,3
5509,3
5439,3
5444,3
5260,3
5764,3
5565,3
5642,3
5568,3
5814,3
5620,3
5750,3
5505,3
5572,3
5623,3
5648,3
5699,3
5690,3
5701,3
5748,3
5454,3
5957,3
5837,3
5877,3
5820,3
6033,3
5890,3
6008,3
5933,3
5720,3
5873,3
5908,3
5790,3
6067,3
5990,3
5181,3
5223,3
5307,3
5264,3
5405,3
5360,3
5502,3
5475,3
5553,3
5530,3
5785,3
5680,3
5747,3
5714,3
5610,3
5831,3
5647,3
5451,3
5432,3
5581,3
5411,3
5395,3
5383,3
5330,3
5345,3
5323,3
5368,3
5356,3
5313,3
5308,3
5302,3
5297,3
5294,3
8215,3
8189,3
8277,3
5359,3
5333,3
5306,3
5472,3
5284,3
5441,3
5511,3
5408,3
5386,3
5548,3
5577,3
5243,3
5614,3
5266,3
5660,3
5789,3
5743,3
5230,3
5709,3
5166,3
5216,3
5842,3
5176,3
5202,3
5191,3
5156,3
5147,3
5142,3
5137,3
5134,3
5132,3
5290,3
5331,3
5378,3
5338,3
5282,3
5416,3
5508,3
5514,3
5455,3
5692,3
5385,3
5559,3
5552,3
5547,3
5593,3
5658,3
5777,3
5643,3
5737,3
5724,3
5431,3
5598,3
5486,3
5788,3
5670,3
5851,3
5902,3
5611,3
5145,3
5186,3
5220,3
5250,3
6469,3
6514,3
6359,3
6582,3
6815,3
6631,3
6409,3
6928,3
6695,3
6866,3
6747,3
6688,3
6465,3
6801,3
6966,3
6575,3
7149,3
7004,3
6753,3
7098,3
6873,3
6639,3
6842,3
7263,3
7224,3
7462,3
7068,3
7566,3
7654,3
5668,3
5745,3
5696,3
5721,3
5645,3
5615,3
5600,3
5776,3
5575,3
8616,3
8663,3
8670,3
8604,3
8597,3
8726,3
8723,3
8780,3
5625,3
5607,3
5586,3
5570,3
5494,3
5555,3
5503,3
5516,3
5525,3
5542,3
5482,3
5477,3
5470,3
5464,3
5461,3
5358,3
5150,3
5175,3
5123,3
5287,3
5105,3
5392,3
5427,3
5319,3
5229,3
5256,3
5203,3
5459,3
5751,3
5718,3
5663,3
5676,3
5732,3
5689,3
5707,3
5655,3
5649,3
5640,3
5634,3
5626,3
5622,3
5759,3
5741,3
5726,3
5712,3
5697,3
5672,3
5659,3
5683,3
5651,3
5646,3
5636,3
5629,3
5624,3
5621,3
5489,3
5517,3
5543,3
5457,3
5567,3
5442,3
5594,3
5424,3
5401,3
5391,3
5327,3
5351,3
5363,3
5376,3
5341,3
5317,3
5311,3
5305,3
5299,3
5295,3
5116,3
5192,3
5136,3
5160,3
5094,3
5219,3
5276,3
5228,3
5163,3
5125,3
5201,3
5235,3
5309,3
5271,3
5438,3
5394,3
5488,3
5355,3
5541,3
5585,3
5682,3
5656,3
5710,3
5762,3
5796,3
5733,3
5661,3
5770,3
5700,3
5619,3
5731,3
5813,3
5520,3
5550,3
5535,3
5562,3
5272,3
5240,3
5374,3
5342,3
5296,3
5406,3
5445,3
5613,3
5485,3
5571,3
5665,3
5716,3
5533,3
5493,3
5453,3
5601,3
5560,3
5638,3
5529,3
5685,3
5725,3
5769,3
5870,3
5819,3
5346,3
5320,3
5373,3
5291,3
5274,3
5428,3
5398,3
5254,3
5236,3
5207,3
5224,3
5200,3
5155,3
5239,3
5497,3
5507,3
5487,3
5480,3
5474,3
5467,3
5463,3
5460,3
5845,3
5904,3
5204,3
5251,3
5194,3
5158,3
5185,3
5172,3
5151,3
5144,3
5140,3
5135,3
5133,3
4581,4
4642,4
4634,4
4823,4
4647,4
4888,4
4721,4
4761,4
4951,4
4701,4
4758,4
4702,4
4835,4
4743,4
4905,4
5027,4
4781,4
4977,4
4777,4
4974,4
4817,4
4930,4
4869,4
4948,4
5014,4
4862,4
5169,4
4838,4
5022,4
5064,4
4899,4
5092,4
5051,4
4923,4
5180,4
5040,4
5124,4
5090,4
5337,4
5263,4
5210,4
5353,4
5380,4
5241,4
4909,4
5148,4
5122,4
5238,4
5443,4
5289,4
5456,4
5556,4
5545,4
5639,4
4532,4
4559,4
4579,4
4790,4
4759,4
4629,4
4683,4
4573,4
4607,4
4610,4
4665,4
4919,4
4870,4
5041,4
4673,4
4979,4
4855,4
4736,4
4717,4
4813,4
4994,4
5108,4
4785,4
4987,4
5099,4
5103,4
4917,4
5164,4
4856,4
4940,4
4914,4
4730,4
5044,4
5048,4
5226,4
5183,4
4976,4
5286,4
5165,4
5061,4
5127,4
5292,4
5325,4
5231,4
5247,4
5206,4
6123,4
6071,4
5982,4
6044,4
6279,4
6143,4
5947,4
6174,4
6342,4
6211,4
6120,4
6316,4
6235,4
6417,4
6495,4
6300,4
6397,4
6606,4
6490,4
6599,4
7768,4
6592,4
6414,4
6825,4
6508,4
6608,4
6963,4
6703,4
6850,4
6714,4
7629,4
7693,4
6324,4
6634,4
7820,4
7540,4
6886,4
6739,4
6543,4
7559,4
6686,4
7079,4
7753,4
7293,4
7866,4
7695,4
7622,4
7007,4
7438,4
6757,4
6860,4
7804,4
7912,4
6967,4
6450,4
6785,4
7218,4
7362,4
7134,4
7193,4
7545,4
5069,4
5130,4
5195,4
5253,4
5217,4
5141,4
5074,4
5128,4
5265,4
5285,4
5339,4
5199,4
5365,4
5324,4
5402,4
5492,4
5073,4
5120,4
5233,4
5182,4
5399,4
5244,4
5222,4
5129,4
5336,4
5167,4
5303,4
5419,4
5283,4
5277,4
5384,4
5397,4
5366,4
5495,4
5513,4
5447,4
5579,4
5478,4
5688,4
5587,4
5225,4
4997,4
5214,4
5100,4
5112,4
5102,4
5005,4
5101,4
5321,4
5209,4
5310,4
5208,4
5314,4
5429,4
5312,4
5430,4
5417,4
5218,4
5422,4
5738,4
5631,4
5527,4
5539,4
5421,4
5328,4
5534,4
5641,4
5633,4
5531,4
5551,4
5446,4
5756,4
5654,4
5742,4
5569,4
5674,4
5774,4
5704,4
5901,4
5801,4
5886,4
5929,4
6039,4
5833,4
5977,4
6073,4
5205,4
4754,4
4793,4
4990,4
4821,4
4955,4
5062,4
4900,4
5029,4
4846,4
4771,4
4922,4
4877,4
4735,4
5093,4
5131,4
4723,4
4708,4
4693,4
4655,4
4680,4
4671,4
4661,4
4646,4
4636,4
4631,4
4628,4
4624,4
4467,4
4603,4
4640,4
4513,4
4783,4
4763,4
4839,4
4660,4
4558,4
4595,4
4689,4
4511,4
4716,4
4555,4
4828,4
4733,4
4894,4
4947,4
5009,4
4942,4
4884,4
5010,4
4962,4
4991,4
4944,4
4921,4
5019,4
4908,4
4889,4
4879,4
4865,4
4849,4
4837,4
4830,4
4820,4
4812,4
4808,4
4805,4
4800,4
4798,4
5004,4
4981,4
4933,4
5113,4
4954,4
5080,4
5035,4
5060,4
4916,4
4903,4
4883,4
4876,4
4826,4
4857,4
4843,4
4834,4
4816,4
4811,4
4806,4
4801,4
4799,4
4435,4
4462,4
4534,4
4506,4
4571,4
4604,4
4873,4
4650,4
4687,4
4731,4
4819,4
4769,4
4961,4
4915,4
5025,4
5075,4
5083,4
5068,4
4450,4
4416,4
4526,4
4396,4
4428,4
4475,4
4505,4
4582,4
4652,4
4618,4
4601,4
4569,4
4676,4
4698,4
4551,4
4536,4
4524,4
4493,4
4503,4
4482,4
4512,4
4474,4
4465,4
4459,4
4456,4
4453,4
4556,4
4578,4
4644,4
4605,4
4747,4
4678,4
4711,4
4778,4
4824,4
4867,4
5047,4
5096,4
4906,4
5149,4
4998,4
4950,4
5077,4
5063,4
5046,4
5021,4
4988,4
5036,4
4996,4
5007,4
4984,4
4975,4
4968,4
4966,4
4963,4
4752,4
4850,4
4726,4
4815,4
4779,4
4886,4
4918,4
4958,4
4999,4
5043,4
5081,4
5126,4
5184,4
5098,4
5072,4
5045,4
4971,4
4912,4
4939,4
5006,4
5042,4
5076,4
5114,4
4568,4
4594,4
4539,4
4620,4
4406,4
4460,4
4659,4
4422,4
4516,4
4441,4
4491,4
4443,4
4531,4
4495,4
4593,4
4609,4
4635,4
4575,4
4663,4
4563,4
4684,4
4541,4
4529,4
4484,4
4421,4
4446,4
4554,4
4521,4
4589,4
4694,4
4727,4
4760,4
4802,4
4844,4
4887,4
4926,4
5028,4
4973,4
4621,4
4668,4
4842,4
4710,4
4750,4
4792,4
4890,4
4498,4
4508,4
4485,4
4476,4
4519,4
4470,4
4461,4
4458,4
4454,4
4832,4
4762,4
4810,4
4782,4
4748,4
4885,4
4861,4
4729,4
4719,4
4700,4
4685,4
4657,4
4651,4
4664,4
4677,4
4641,4
4632,4
4630,4
4627,4
4833,4
4765,4
4797,4
4741,4
4871,4
4904,4
4714,4
4980,4
4937,4
5024,4
5106,4
5065,4
5153,4
5039,4
5057,4
4992,4
5030,4
5001,4
4985,4
5015,4
4978,4
4972,4
4967,4
4964,4
3803,5
3849,5
4070,5
4170,5
3766,5
3937,5
3897,5
3977,5
4247,5
3868,5
4114,5
3820,5
3919,5
4092,5
4108,5
3783,5
4033,5
3994,5
3976,5
4205,5
3969,5
4404,5
3857,5
4046,5
3907,5
4354,5
4155,5
4224,5
4156,5
4297,5
3850,5
4159,5
4083,5
3909,5
4447,5
4103,5
4214,5
4041,5
4388,5
4177,5
4031,5
4337,5
4273,5
4213,5
4150,5
4345,5
4452,5
4246,5
4085,5
4223,5
4451,5
4574,5
4434,5
4392,5
4334,5
4270,5
4366,5
4399,5
4577,5
4321,5
4518,5
4552,5
4286,5
4480,5
4266,5
4527,5
4411,5
4669,5
4596,5
4520,5
4619,5
4514,5
4590,5
4562,5
4477,5
4645,5
4705,5
4674,5
4728,5
4751,5
4818,5
3966,5
4000,5
4032,5
4358,5
4219,5
4403,5
4309,5
4397,5
4183,5
4437,5
4263,5
4097,5
4141,5
4445,5
4487,5
4067,5
4359,5
4509,5
4328,5
4394,5
4417,5
4362,5
4427,5
4455,5
4375,5
4380,5
4410,5
4356,5
4330,5
4381,5
4368,5
4355,5
4311,5
4332,5
4317,5
4343,5
4304,5
4298,5
4294,5
4289,5
4287,5
4231,5
4209,5
4264,5
4292,5
4184,5
4057,5
4073,5
4088,5
4042,5
4109,5
4131,5
4160,5
4015,5
4025,5
4004,5
3990,5
3983,5
3975,5
3968,5
3961,5
3957,5
3949,5
3947,5
4240,5
4275,5
4227,5
4262,5
4305,5
4212,5
4198,5
4185,5
4169,5
4162,5
4152,5
4144,5
4133,5
4128,5
4126,5
4121,5
4118,5
1888,6
1940,6
1982,6
1927,6
1976,6
2024,6
1870,6
2131,6
2023,6
2174,6
2284,6
1929,6
2232,6
2075,6
2335,6
2180,6
2076,6
1979,6
2127,6
2090,6
1937,6
2144,6
2400,6
2026,6
2358,6
2523,6
2245,6
2041,6
2453,6
2264,6
1991,6
2320,6
2423,6
2199,6
2295,6
2110,6
2456,6
2297,6
2722,6
2162,6
2496,6
2231,6
2524,6
2477,6
2586,6
2390,6
2360,6
2431,6
2594,6
2693,6
2640,6
2618,6
2554,6
2573,6
1188,6
1242,6
1220,6
1280,6
1261,6
1402,6
1178,6
1378,6
1295,6
1348,6
1425,6
1200,6
1330,6
1504,6
1447,6
1210,6
1563,6
1593,6
1472,6
1312,6
1169,6
1160,6
1666,6
1536,6
1152,6
1621,6
1700,6
1143,6
1730,6
1851,6
1769,6
1135,6
1814,6
1130,6
1125,6
1120,6
1112,6
1110,6
1107,6
1105,6
865,6
900,6
883,6
977,6
835,6
853,6
915,6
1003,6
1026,6
962,6
827,6
1069,6
845,6
932,6
1116,6
809,6
1145,6
1172,6
1046,6
946,6
1089,6
795,6
819,6
1198,6
801,6
1221,6
790,6
783,6
776,6
773,6
770,6
767,6
763,6
759,6
1941,6
1868,6
1978,6
2155,6
1960,6
2100,6
2129,6
1882,6
1917,6
1896,6
2020,6
2181,6
2255,6
2072,6
1998,6
1854,6
2221,6
1842,6
1830,6
2042,6
2289,6
2318,6
2362,6
1811,6
2402,6
1800,6
1822,6
1794,6
1945,6
1936,6
1787,6
1928,6
1779,6
1918,6
1775,6
1914,6
1768,6
1908,6
1762,6
1904,6
1901,6
1758,6
1899,6
1756,6
999,6
980,6
1095,6
1016,6
1124,6
968,6
949,6
1149,6
1031,6
1048,6
1079,6
930,6
1170,6
956,6
1240,6
1191,6
1066,6
1214,6
1301,6
1272,6
1326,6
938,6
922,6
914,6
1351,6
907,6
901,6
893,6
888,6
885,6
880,6
874,6
872,6
870,6
1369,6
1424,6
1390,6
1406,6
1313,6
1509,6
1535,6
1327,6
1335,6
1608,6
1349,6
1561,6
1304,6
1479,6
1583,6
1443,6
1292,6
1642,6
1463,6
1702,6
1731,6
1763,6
1285,6
1676,6
1802,6
1276,6
1267,6
1259,6
1254,6
1241,6
1248,6
1236,6
1234,6
1231,6
1228,6
2665,6
2603,6
2442,6
2620,6
2498,6
2564,6
2597,6
2727,6
2749,6
2711,6
2687,6
2768,6
2645,6
2951,6
3062,6
2780,6
2549,6
2831,6
2913,6
2856,6
2892,6
3026,6
3121,6
3000,6
2933,6
3087,6
3034,6
2952,6
2986,6
3196,6
3058,6
2815,6
2889,6
3260,6
3128,6
3409,6
3230,6
3163,6
3310,6
3340,6
3104,6
3207,6
1795,6
1835,6
2009,6
1778,6
1981,6
1955,6
1725,6
1931,6
1819,6
2105,6
1752,6
1714,6
1856,6
1703,6
2168,6
2139,6
2031,6
1739,6
1897,6
2070,6
1680,6
2208,6
1692,6
1674,6
1874,6
2249,6
2287,6
1665,6
1653,6
1647,6
1641,6
1637,6
1631,6
1627,6
1624,6
1619,6
2476,6
2526,6
2323,6
2439,6
2369,6
2598,6
2685,6
2635,6
2553,6
2569,6
2601,6
2502,6
2732,6
2646,6
2414,6
2812,6
2773,6
2454,6
2664,6
2610,6
2715,6
2877,6
2982,6
2870,6
3040,6
2764,6
2759,6
2708,6
2925,6
2983,6
2928,6
2876,6
2827,6
3153,6
3091,6
3044,6
2814,6
3102,6
1502,6
1522,6
1455,6
1646,6
1539,6
1675,6
1559,6
1445,6
1466,6
1480,6
1699,6
1722,6
1577,6
1434,6
1782,6
1615,6
1747,6
1815,6
1598,6
1422,6
1403,6
1395,6
1412,6
1389,6
1382,6
1373,6
1368,6
1366,6
1361,6
1357,6
1355,6
1656,6
1695,6
1639,6
1678,6
1839,6
1863,6
1786,6
1813,6
1589,6
1614,6
1602,6
1578,6
1753,6
1717,6
1736,6
1564,6
1889,6
1958,6
1925,6
1557,6
1544,6
1537,6
1529,6
1519,6
1513,6
1506,6
1500,6
1497,6
1493,6
1490,6
1488,6
1119,6
1154,6
1219,6
1136,6
1088,6
1067,6
1250,6
1098,6
1055,6
1202,6
1075,6
1273,6
1171,6
1185,6
1294,6
1047,6
1038,6
1317,6
1030,6
1022,6
1018,6
1008,6
1005,6
1000,6
995,6
990,6
988,6
984,6
1844,6
1873,6
1909,6
2058,6
1987,6
2019,6
1989,6
2098,6
1948,6
2171,6
2021,6
2134,6
2107,6
2216,6
2440,6
2286,6
2240,6
2184,6
2064,6
2259,6
2298,6
2397,6
2147,6
2546,6
2331,6
2486,6
2386,6
2340,6
2435,6
2485,6
2084,6
2012,6
2103,6
2252,6
2276,6
2334,6
2146,6
2306,6
2065,6
2125,6
2025,6
1995,6
2039,6
2407,6
2224,6
1986,6
2167,6
2558,6
2377,6
1964,6
2516,6
2441,6
2187,6
1975,6
2473,6
1950,6
2761,6
2779,6
2836,6
2861,6
2930,6
2817,6
2897,6
2888,6
3009,6
2742,6
3157,6
2639,6
2910,6
2726,6
2668,6
2977,6
2993,6
3074,6
3086,6
3170,6
3063,6
2799,6
2965,6
3147,6
3056,6
3242,6
3235,6
1341,6
1370,6
1459,6
1429,6
1483,6
1401,6
1528,6
1560,6
1741,6
1707,6
1591,6
1628,6
1670,6
1793,6
1836,6
1876,6
1263,6
1396,6
1353,6
1291,6
1432,6
1324,6
1510,6
1465,6
1638,6
1554,6
1683,6
1592,6
1727,6
1780,6
1829,6
1878,6
1840,6
1871,6
1915,6
2034,6
1959,6
1994,6
2088,6
2177,6
2229,6
2133,6
2387,6
2279,6
2327,6
1392,6
1423,6
1487,6
1603,6
1532,6
1649,6
1454,6
1568,6
1693,6
1827,6
1781,6
1732,6
278,7
285,7
301,7
345,7
272,7
355,7
261,7
366,7
266,7
388,7
314,7
255,7
336,7
449,7
405,7
250,7
435,7
421,7
244,7
324,7
472,7
239,7
494,7
516,7
235,7
533,7
552,7
232,7
227,7
223,7
221,7
217,7
213,7
211,7
359,7
368,7
456,7
346,7
433,7
353,7
385,7
399,7
444,7
422,7
340,7
328,7
334,7
513,7
544,7
497,7
479,7
529,7
594,7
568,7
410,7
615,7
323,7
317,7
313,7
633,7
308,7
654,7
303,7
300,7
297,7
291,7
289,7
287,7
448,7
477,7
527,7
538,7
441,7
458,7
515,7
551,7
434,7
420,7
490,7
426,7
595,7
502,7
577,7
671,7
414,7
611,7
646,7
629,7
696,7
408,7
401,7
720,7
397,7
740,7
761,7
391,7
387,7
384,7
379,7
375,7
372,7
370,7
644,7
653,7
687,7
634,7
672,7
785,7
617,7
744,7
807,7
756,7
703,7
844,7
627,7
892,7
730,7
716,7
826,7
602,7
864,7
610,7
918,7
596,7
943,7
590,7
966,7
582,7
994,7
578,7
1029,7
574,7
567,7
563,7
560,7
558,7
556,7
543,7
553,7
573,7
586,7
678,7
518,7
612,7
535,7
650,7
639,7
626,7
598,7
715,7
511,7
734,7
779,7
528,7
752,7
698,7
499,7
506,7
804,7
487,7
828,7
493,7
481,7
478,7
474,7
469,7
464,7
462,7
460,7
908,7
867,7
890,7
986,7
858,7
970,7
830,7
1015,7
850,7
924,7
953,7
1035,7
838,7
937,7
1159,7
820,7
1131,7
1057,7
1076,7
1099,7
1183,7
813,7
806,7
1209,7
799,7
792,7
787,7
780,7
775,7
772,7
769,7
765,7
760,7
758,7
854,7
749,7
739,7
778,7
868,7
899,7
811,7
794,7
731,7
722,7
939,7
958,7
839,7
699,7
919,7
979,7
714,7
825,7
706,7
1036,7
1009,7
1061,7
692,7
685,7
680,7
674,7
668,7
665,7
662,7
660,7
658,7
1306,7
1407,7
1347,7
1441,7
1394,7
1485,7
1530,7
1514,7
1655,7
1712,7
1689,7
1579,7
1630,7
1597,7
1738,7
1570,7
1546,7
1623,7
1457,7
1860,7
1745,7
1774,7
1820,7
1801,7
1923,7
1691,7
1949,7
1969,7
1877,7
1838,7
1893,7
1988,7
851,7
996,7
935,7
875,7
965,7
1032,7
1065,7
910,7
1093,7
1208,7
1176,7
1137,7
1334,7
1255,7
1296,7
1386,7
1431,7
1474,7
712,7
686,7
737,7
800,7
762,7
829,7
855,7
931,7
895,7
1002,7
963,7
1044,7
1077,7
1168,7
1206,7
1123,7
1258,7
609,7
583,7
631,7
691,7
652,7
781,7
719,7
745,7
882,7
815,7
846,7
923,7
998,7
955,7
1042,7
1080,7
1086,7
1118,7
1151,7
1247,7
1207,7
1283,7
1181,7
1315,7
1523,7
1397,7
1473,7
1350,7
1437,7
1565,7
1607,7
1663,7
1710,7
821,7
878,7
797,7
848,7
913,7
945,7
971,7
1052,7
1014,7
1083,7
1205,7
1126,7
1252,7
1297,7
1167,7
1337,7
1085,7
1121,7
1056,7
1156,7
1218,7
1189,7
1303,7
1265,7
1339,7
1428,7
1387,7
1521,7
1567,7
1467,7
1612,7
1243,7
1336,7
1278,7
1377,7
1309,7
1415,7
1534,7
1706,7
1449,7
1481,7
1574,7
1664,7
1750,7
1805,7
1610,7
1777,7
1671,7
1721,7
1754,7
1818,7
1984,7
1867,7
2079,7
1834,7
1885,7
2013,7
1952,7
1926,7
2106,7
2036,7
2143,7
216,8
201,8
205,8
259,8
195,8
279,8
270,8
251,8
312,8
230,8
185,8
354,8
341,8
190,8
293,8
327,8
241,8
176,8
367,8
412,8
180,8
393,8
172,8
429,8
163,8
471,8
519,8
167,8
498,8
160,8
447,8
156,8
153,8
151,8
147,8
144,8
142,8
138,8
134,8
187,8
130,8
204,8
161,8
148,8
125,8
271,8
121,8
234,8
248,8
179,8
215,8
196,8
260,8
170,8
307,8
114,8
117,8
284,8
326,8
110,8
106,8
103,8
343,8
99,8
97,8
93,8
91,8
89,8
85,8
83,8
275,8
292,8
281,8
351,8
339,8
361,8
257,8
306,8
269,8
378,8
330,8
318,8
263,8
398,8
457,8
413,8
247,8
252,8
442,8
428,8
483,8
504,8
243,8
597,8
524,8
569,8
233,8
237,8
542,8
228,8
225,8
222,8
219,8
214,8
212,8
210,8
357,8
363,8
376,8
438,8
337,8
349,8
427,8
489,8
390,8
403,8
450,8
415,8
505,8
468,8
344,8
537,8
554,8
325,8
522,8
331,8
581,8
604,8
321,8
315,8
624,8
311,8
643,8
305,8
302,8
299,8
294,8
290,8
288,8
286,8
452,8
445,8
465,8
532,8
564,8
430,8
482,8
437,8
424,8
495,8
545,8
520,8
404,8
603,8
585,8
620,8
656,8
417,8
636,8
684,8
411,8
508,8
728,8
708,8
395,8
400,8
782,8
750,8
389,8
386,8
382,8
377,8
373,8
371,8
369,8
1404,8
1571,8
1433,8
1596,8
1456,8
1518,8
1685,8
1618,8
1661,8
1477,8
1575,8
1542,8
1344,8
1770,8
1713,8
1660,8
1701,8
1886,8
1755,8
1635,8
1956,8
1808,8
1517,8
1740,8
1848,8
1832,8
1719,8
1833,8
1985,8
1911,8
1973,8
1784,8
1866,8
2017,8
2056,8
1935,8
1894,8
1999,8
2040,8
2093,8
381,8
358,8
425,8
406,8
446,8
473,8
501,8
546,8
525,8
584,8
679,8
641,8
614,8
742,8
713,8
786,8
823,8
857,8
906,8
948,8
1041,8
985,8
1114,8
1084,8
1166,8
1346,8
1212,8
1239,8
1138,8
1414,8
1187,8
1299,8
1268,8
1486,8
1376,8
1468,8
1319,8
1435,8
1556,8
1538,8
1611,8
1681,8
1599,8
701,8
725,8
748,8
673,8
814,8
784,8
843,8
912,8
869,8
947,8
978,8
1023,8
1094,8
1059,8
1146,8
1186,8
1328,8
1282,8
1381,8
1227,8
619,8
642,8
675,8
704,8
798,8
755,8
832,8
860,8
732,8
904,8
940,8
973,8
1100,8
1062,8
1021,8
1153,8
1197,8
1246,8
1298,8
929,8
898,8
836,8
810,8
859,8
1068,8
957,8
991,8
1033,8
1101,8
1150,8
1222,8
1184,8
1275,8
1316,8
1365,8
1464,8
1419,8
572,8
541,8
601,8
625,8
648,8
690,8
747,8
721,8
789,8
856,8
824,8
974,8
1028,8
1070,8
902,8
942,8
1527,8
1672,8
1588,8
1744,8
1821,8
1883,8
1737,8
1662,8
1729,8
1966,8
1812,8
1881,8
1962,8
2032,8
1810,8
2119,8
1879,8
2030,8
2121,8
1963,8
2194,8
2035,8
2202,8
2126,8
1551,9
1585,9
1724,9
1767,9
1622,9
1651,9
1690,9
1852,9
1711,9
1673,9
1816,9
1951,9
1898,9
1953,9
2046,9
1751,9
1855,9
1895,9
1997,9
1857,9
1803,9
2104,9
2059,9
2003,9
2154,9
1903,9
2271,9
2215,9
1965,9
2117,9
2014,9
2326,9
2138,9
2424,9
2169,9
2394,9
2192,9
2234,9
2165,9
2302,9
2324,9
2263,9
2077,9
2236,9
2399,9
2354,9
2451,9
2294,9
2481,9
2588,9
2562,9
2520,9
2375,9
2464,9
983,9
1025,9
1007,9
1158,9
944,9
952,9
1108,9
972,9
1090,9
1073,9
964,9
1134,9
1224,9
934,9
1040,9
1201,9
1180,9
1257,9
1054,9
1287,9
926,9
1311,9
1338,9
917,9
1372,9
911,9
1408,9
903,9
897,9
1511,9
1440,9
1469,9
891,9
881,9
887,9
879,9
873,9
871,9
1104,9
1072,9
1144,9
1128,9
1233,9
1081,9
1260,9
1060,9
1161,9
1092,9
1213,9
1284,9
1196,9
1053,9
1179,9
1416,9
1329,9
1352,9
1388,9
1045,9
1444,9
1308,9
1034,9
1507,9
1470,9
1027,9
1541,9
1020,9
1576,9
1013,9
1606,9
1006,9
997,9
1001,9
992,9
989,9
987,9
2469,9
2521,9
2575,9
2697,9
2906,9
2482,9
2754,9
2630,9
2430,9
2739,9
2417,9
2590,9
2532,9
2863,9
2924,9
2887,9
2794,9
2647,9
2555,9
2778,9
2819,9
2989,9
3089,9
2682,9
2947,9
2855,9
2959,9
3055,9
2721,9
2611,9
3032,9
2684,9
2751,9
3027,9
3164,9
2918,9
3226,9
3119,9
3090,9
3199,9
3172,9
2997,9
3300,9
3266,9
3244,9
3070,9
1230,9
1253,9
1288,9
1363,9
1269,9
1182,9
1391,9
1194,9
1216,9
1413,9
1461,9
1305,9
1340,9
1204,9
1438,9
1323,9
1520,9
1174,9
1482,9
1162,9
1155,9
1580,9
1550,9
1605,9
1148,9
1645,9
1141,9
1132,9
1127,9
1122,9
1117,9
1111,9
1109,9
1106,9
1380,9
1358,9
1417,9
1399,9
1342,9
1496,9
1436,9
1548,9
1320,9
1310,9
1594,9
1300,9
1572,9
1331,9
1452,9
1524,9
1657,9
1289,9
1471,9
1617,9
1718,9
1271,9
1746,9
1788,9
1688,9
1281,9
1264,9
1256,9
1251,9
1245,9
1238,9
1235,9
1232,9
1229,9
1512,9
1492,9
1531,9
1549,9
1450,9
1659,9
1682,9
1709,9
1566,9
1475,9
1439,9
1462,9
1604,9
1632,9
1586,9
1890,9
1421,9
1828,9
1735,9
1933,9
1426,9
1759,9
1797,9
1859,9
1400,9
1411,9
1393,9
1385,9
1379,9
1371,9
1367,9
1364,9
1359,9
1356,9
1789,9
1720,9
1806,9
1993,9
1944,9
1846,9
1734,9
1826,9
1764,9
1708,9
1971,9
1913,9
1748,9
2054,9
2092,9
2022,9
1884,9
2120,9
1698,9
2151,9
2182,9
1865,9
2227,9
2268,9
1686,9
1668,9
1677,9
1658,9
1652,9
1640,9
1644,9
1633,9
1629,9
1625,9
1620,9
1648,9
1582,9
1667,9
1824,9
1850,9
1799,9
1573,9
1595,9
1772,9
1705,9
1684,9
1626,9
1609,9
1875,9
1723,9
2006,9
1943,9
1742,9
2033,9
1974,9
1562,9
1905,9
1553,9
1540,9
1533,9
1525,9
1516,9
1508,9
1503,9
1499,9
1495,9
1491,9
1489,9
2625,9
2728,9
2650,9
2793,9
2824,9
2896,9
2859,9
2775,9
2874,9
2704,9
2944,9
2934,9
3033,9
2967,9
3144,9
3049,9
3120,9
3110,9
3020,9
3210,9
3223,9
3099,9
3201,9
1679,9
1715,9
1831,9
1912,9
1792,9
1749,9
1869,9
2004,9
2102,9
2049,9
1961,9
2148,9
2310,9
2260,9
2201,9
2373,9
1823,9
1858,9
1977,9
1891,9
2015,9
2063,9
2152,9
1938,9
2111,9
2257,9
2205,9
2357,9
2305,9
2078,9
2116,9
2186,9
2150,9
2237,9
2372,9
2466,9
2421,9
2277,9
2316,9
2519,9
2570,9
2623,9
2002,9
1968,9
2037,9
2087,9
2262,9
2128,9
2219,9
2309,9
2166,9
2356,9
2412,9
2463,9
2344,9
2303,9
2392,9
2680,9
2624,9
2474,9
2434,9
2577,9
2528,9
2733,9
2782,9
2850,9
3371,10
3348,10
3443,10
3508,10
3288,10
3598,10
3324,10
3402,10
3309,10
3423,10
3712,10
3691,10
3528,10
3491,10
3785,10
3382,10
3476,10
3676,10
3584,10
3768,10
3391,10
3981,10
3873,10
3658,10
4065,10
3960,10
3466,10
3895,10
4166,10
4080,10
3562,10
3665,10
3575,10
3864,10
3749,10
4055,10
3754,10
4153,10
3847,10
3746,10
3852,10
3560,10
4255,10
3936,10
3656,10
4045,10
3942,10
3934,10
3848,10
4233,10
4145,10
4342,10
3750,10
4339,10
4232,10
4040,10
4134,10
4241,10
3938,10
4137,10
4235,10
4043,10
4146,10
3859,10
4439,10
4340,10
4350,10
4052,10
3952,10
4027,10
3914,10
3987,10
4061,10
4105,10
4195,10
4136,10
4028,10
3274,10
3197,10
3194,10
3192,10
3277,10
3096,10
3471,10
3375,10
3278,10
3285,10
3094,10
3384,10
3105,10
3376,10
3464,10
3561,10
3206,10
3664,10
3570,10
3393,10
3481,10
3496,10
3134,10
3671,10
3111,10
3220,10
3306,10
3772,10
3757,10
3687,10
3404,10
3323,10
3577,10
3974,10
3792,10
3513,10
3883,10
3595,10
3866,10
3995,10
3905,10
3709,10
3619,10
3240,10
3425,10
3823,10
3347,10
3539,10
4019,10
3652,10
3450,10
3929,10
3854,10
3732,10
3688,10
3571,10
3765,10
3887,10
3972,10
4056,10
3808,10
3767,10
3475,10
3669,10
3359,10
3706,10
3580,10
3532,10
3642,10
3758,10
3579,10
3718,10
3755,10
3526,10
3463,10
3894,10
3826,10
3702,10
3408,10
3774,10
3827,10
3646,10
3822,10
3932,10
3889,10
3714,10
3933,10
3880,10
3881,10
3846,10
3955,10
4010,10
3290,10
3354,10
3338,10
3407,10
3469,10
3488,10
3264,10
3536,10
3135,10
3403,10
3245,10
3514,10
3312,10
3204,10
3480,10
3417,10
3581,10
3378,10
3439,10
3554,10
3553,10
3660,10
3666,10
3733,10
3594,10
3763,10
3731,10
3631,10
3844,10
3694,10
3618,10
3802,10
3875,10
3920,10
4005,10
3945,10
3815,10
3738,10
3776,10
3829,10
3872,10
4158,10
4077,10
4173,10
4063,10
4248,10
4106,10
4280,10
4200,10
4312,10
4448,10
4265,10
4405,10
4378,10
4360,10
4499,10
4608,10
4468,10
4525,10
4567,10
4226,10
4587,10
4353,10
4140,10
4431,10
4653,10
4261,10
4739,10
4566,10
4473,10
4089,10
4181,10
4387,10
4303,10
4600,10
4774,10
4691,10
4523,10
4222,10
4433,10
4742,10
4829,10
4357,10
4658,10
4572,10
6051,11
5922,11
6072,11
6210,11
6181,11
6326,11
6104,11
6256,11
6305,11
6358,11
6535,11
6613,11
6725,11
6709,11
6821,11
6939,11
4707,12
4775,12
4934,12
4907,12
4860,12
5023,12
4827,12
4602,12
4670,12
4732,12
5157,12
5170,12
5267,12
5404,12
5281,12
5304,12
5389,12
5179,12
5079,12
4970,12
4882,12
4956,12
5104,12
4993,12
5058,12
5196,12
5066,12
5162,12
5049,12
5154,12
5270,12
5257,12
5152,12
5262,12
5261,12
5377,12
5469,12
5367,12
5476,12
5369,12
5468,12
5582,12
5372,12
5574,12
5490,12
5591,12
5703,12
5807,12
5691,12
5608,12
5713,12
5838,12
5821,12
5936,12
5510,12
5433,12
5734,12
5536,12
5632,12
5763,12
5804,12
5462,12
5664,12
5564,12
5869,12
5708,12
5972,12
6005,12
5512,12
6048,12
5898,12
5604,12
5744,12
5653,12
5941,12
6000,12
5848,12
5711,12
5896,12
6153,12
6198,12
6091,12
5960,12
6160,12
6055,12
5805,12
5868,12
6034,12
6260,12
6129,12
6224,12
6205,12
6431,12
6309,12
6404,12
6327,12
6506,12
6393,12
6489,12
6601,12
4794,12
4749,12
4681,12
4822,12
4874,12
5016,12
4898,12
4969,12
4936,12
5056,12
5086,12
4352,13
4429,13
4430,13
4438,13
4072,13
4143,13
4193,13
4215,13
4093,13
4329,13
4373,13
4296,13
4497,13
4257,13
4171,13
4440,13
4276,13
4245,13
4307,13
4400,13
4472,13
4666,13
4363,13
4517,13
4496,13
4588,13
4436,13
4565,13
4217,13
4408,13
4327,13
4271,13
4550,13
4463,13
4382,13
4364,13
4576,13
4444,13
4744,13
4522,13
4626,13
4561,13
4623,13
4667,13
4715,13
4597,13
4791,13
4755,13
4686,13
4654,13
4767,13
3940,13
4058,13
4007,13
4113,13
4002,13
4059,13
4182,13
4239,13
4119,13
3970,13
3950,13
4147,13
3918,13
4048,13
4225,13
4090,13
4325,13
4006,13
4123,13
4071,13
4017,13
4201,13
4269,13
4187,13
4376,13
4367,13
4420,13
4426,13
4250,13
4306,13
4299,13
4365,13
4236,13
4545,13
4490,13
4483,13
4424,13
4547,13
4606,13
4682,13
4795,13
4709,13
4920,13
4831,13
4875,13
4913,13
4957,13
5002,13
5089,13
5054,13
5188,13
4543,13
4537,13
4738,13
4540,13
4745,13
4639,13
4841,13
4535,13
4633,13
4746,13
4649,13
4848,13
4737,13
4637,13
4941,13
4548,13
4840,13
4858,13
4756,13
5059,13
5050,13
4943,13
4952,13
4662,13
4770,13
4989,13
5067,13
5082,13
4895,13
4878,13
5190,13
5211,13
4965,13
5111,13
5020,13
5237,13
5340,13
5143,13
5375,13
5275,13
4866,13
4852,13
4945,13
5412,13
5558,13
2404,14
2307,14
2292,14
2428,14
2384,14
2448,14
2363,14
2321,14
2589,14
2256,14
2559,14
2337,14
2531,14
2497,14
2470,14
2278,14
2269,14
2235,14
2246,14
2226,14
2213,14
2220,14
2207,14
2200,14
2193,14
2190,14
2188,14
2628,14
2736,14
2716,14
2641,14
2694,14
2672,14
2609,14
2762,14
2907,14
2585,14
2781,14
2811,14
2936,14
2561,14
2600,14
2846,14
2571,14
2875,14
2550,14
2541,14
2530,14
2522,14
2512,14
2508,14
2505,14
2499,14
2494,14
2492,14
2581,14
2560,14
2471,14
2537,14
2604,14
2626,14
2514,14
2459,14
2490,14
2744,14
2444,14
2654,14
2718,14
2432,14
2420,14
2686,14
2398,14
2405,14
2385,14
2379,14
2361,14
2368,14
2352,14
2348,14
2346,14
2342,14
2338,14
2898,14
2873,14
2829,14
2801,14
2853,14
2784,14
2919,14
2769,14
2942,14
2976,14
2755,14
3069,14
2730,14
3039,14
2741,14
2717,14
3006,14
2696,14
2701,14
2683,14
2671,14
2676,14
2663,14
2655,14
2651,14
2648,14
2643,14
2158,14
2253,14
2145,14
2233,14
2172,14
2296,14
2212,14
2275,14
2185,14
2314,14
2109,14
2118,14
2132,14
2343,14
2099,14
2089,14
2080,14
2069,14
2066,14
2060,14
2055,14
2050,14
2047,14
2044,14
3036,14
3012,14
3057,14
2963,14
3109,14
2943,14
3081,14
2929,14
2990,14
2886,14
2872,14
2911,14
2901,14
2864,14
2852,14
2841,14
2826,14
2833,14
2820,14
2810,14
2807,14
2804,14
2802,14
3221,14
3247,14
3177,14
3307,14
3200,14
3151,14
3547,14
3509,14
3270,14
3633,14
3587,14
3367,14
3337,14
3677,14
3431,14
3472,14
3721,14
3397,14
2433,14
2403,14
2462,14
2488,14
2378,14
2756,14
2529,14
2599,14
2720,14
2633,14
2565,14
2797,14
2851,14
2677,14
2895,14
3304,14
3139,14
3414,14
3381,14
3231,14
3343,14
3263,14
3458,14
3505,14
3548,14
3174,14
3203,14
3590,14
3693,14
3740,14
3644,14
3796,14
3176,14
3214,14
3249,14
3136,14
3097,14
3335,14
3379,14
3283,14
3522,14
3572,14
3470,14
3617,14
3678,14
3421,14
3730,14
2616,14
2689,14
2642,14
2792,14
2757,14
2917,14
2880,14
2724,14
2956,14
3059,14
3014,14
3106,14
2838,14
3126,14
3045,14
3076,14
3088,14
3108,14
3060,14
3035,14
3021,14
3010,14
3002,14
2996,14
2984,14
2979,14
2974,14
2968,14
2964,14
2961,14
2774,14
2806,14
2884,14
2954,14
2849,14
3085,14
2915,14
3042,14
3179,14
3003,14
3129,14
3225,14
3272,14
3008,14
2971,14
3046,14
3082,14
3168,14
3350,14
3116,14
3252,14
3211,14
3395,14
3298,14
3442,14
3503,14
76,15
30,15
65,15
32,15
45,15
34,15
28,15
127,15
71,15
96,15
24,15
108,15
81,15
60,15
118,15
53,15
26,15
150,15
135,15
20,15
22,15
168,15
18,15
182,15
16,15
14,15
12,15
10,15
8,15
6,15
4,15
2,15
75,15
79,15
82,15
72,15
112,15
126,15
120,15
133,15
66,15
94,15
181,15
171,15
192,15
157,15
140,15
69,15
104,15
202,15
220,15
238,15
62,15
59,15
56,15
268,15
282,15
254,15
309,15
54,15
51,15
48,15
46,15
43,15
41,15
38,15
36,15
206,15
231,15
194,15
265,15
249,15
332,15
310,15
352,15
280,15
407,15
432,15
374,15
453,15
492,15
521,15
589,15
547,15
623,15
651,15
736,15
700,15
329,15
348,15
364,15
418,15
396,15
440,15
467,15
526,15
550,15
500,15
591,15
622,15
693,15
729,15
649,15
812,15
766,15
849,15
896,15
941,15
1082,15
982,15
1037,15
1140,15
1249,15
1192,15
1307,15
1362,15
1427,15
777,15
822,15
916,15
862,15
960,15
1012,15
1113,15
1064,15
1175,15
1225,15
1290,15
1345,15
1418,15
1476,15
1613,15
1552,15
1694,15
1761,15
1845,15
1924,15
2095,15
2007,15
2176,15
2272,15
2939,16
3092,16
3161,16
3209,16
2995,16
3150,16
3331,16
3262,16
3232,16
3215,16
3043,16
3557,16
3606,16
3261,16
3328,16
3173,16
3322,16
3608,16
3556,16
3383,16
3521,16
3217,16
3273,16
3549,16
3499,16
3390,16
3632,16
3502,16
3479,16
3435,16
3682,16
3616,16
3385,16
3659,16
3406,16
3729,16
3368,16
3739,16
3432,16
3862,16
3790,16
3438,16
3301,16
3697,16
3673,16
3345,16
3563,16
3259,16
3447,16
3585,16
3517,16
3923,16
3185,16
3698,16
3764,16
3944,16
3276,16
3365,16
3544,16
3588,16
3811,16
3460,16
3349,16
3647,16
3387,16
3882,16
3564,16
3490,16
3250,16
3804,16
3912,16
3339,16
3879,16
3770,16
3670,16
3429,16
4062,16
3747,16
3840,16
4151,16
3727,16
3629,16
3916,16
3993,16
3930,16
4022,16
3837,16
3717,16
3440,16
4069,16
3989,16
3524,16
4094,16
4124,16
3798,16
4044,16
3535,16
3817,16
4020,16
3860,16
3959,16
3904,16
3332,16
3999,16
3703,16
3728,16
3422,16
3329,16
3805,16
3516,16
3708,16
3515,16
3602,16
3419,16
4216,16
3610,16
4202,16
3893,16
3416,16
3900,16
3605,16
4009,16
3600,16
3523,16
4107,16
3705,16
3797,16
4091,16
3992,16
3534,16
4084,16
3801,16
4189,16
4194,16
3991,16
3899,16
4278,16
4285,16
3635,16
4386,16
3612,16
4082,16
3713,16
4191,16
4087,16
3723,16
3832,16
4284,16
3813,16
4026,16
4139,16
4500,16
4279,16
3917,16
3903,16
3737,16
4383,16
4001,16
4012,16
3931,16
4398,16
4112,16
4199,16
4228,16
4054,16
4099,16
4210,16
3851,16
4302,16
4254,16
3962,16
4165,16
4349,16
4432,16
4457,16
4415,16
4320,16
4528,16
4510,16
4076,16
4374,16
4648,16
4557,16
4583,16
4501,16
4679,16
4281,16
4413,16
4204,16
4326,16
4617,16
4720,16
4449,16
4847,16
4757,16
4538,16
4675,16
4897,16
4586,16
4809,16
4725,16
4949,16
4872,16
5018,16
5173,16
5245,16
5171,16
5348,17
5227,17
5371,17
5501,17
5400,17
5465,17
5597,17
5730,17
5540,17
5630,17
5875,17
5773,17
5679,17
5915,17
5576,17
5727,17
6021,17
5628,17
5825,17
5695,17
5885,17
5927,17
5781,17
5857,17
6024,17
6108,17
6201,17
6018,17
6396,17
6303,17
6121,17
6207,17
4282,18
4211,18
4229,18
4132,18
4256,18
4344,18
4370,18
4300,18
4316,18
4178,18
4442,18
4407,18
4423,18
4533,18
4515,18
4598,18
4502,18
4390,18
4690,18
4613,18
4696,18
4585,18
4486,18
4713,18
4584,18
4384,18
4591,18
4788,18
4492,18
4692,18
4488,18
4784,18
4804,18
4901,18
4592,18
4688,18
4892,18
4893,18
4786,18
4796,18
4995,18
4703,18
4902,18
4599,18
4722,18
4836,18
5000,18
4911,18
4614,18
5034,18
5110,18
4927,18
5013,18
4814,18
4864,18
5146,18
4953,18
4740,18
5121,18
5053,18
5273,18
5242,18
4931,18
5078,18
4803,18
4764,18
4986,18
5032,18
4983,18
5178,18
5070,18
4896,18
5159,18
5301,18
5115,18
5212,18
5213,18
5248,18
5293,18
5436,18
5119,18
5038,18
5347,18
5189,18
5675,18
5097,18
5544,18
5393,18
5602,18
5361,18
5758,18
5483,18
5269,18
5448,18
5425,18
5515,18
5344,18
5583,18
5329,18
5749,18
5409,18
5500,18
5415,18
5499,18
5252,18
5841,18
5580,18
5667,18
5592,18
5926,18
5677,18
5844,18
5757,18
5938,18
5863,18
6032,18
754,19
771,19
788,19
726,19
950,19
717,19
847,19
863,19
886,19
909,19
743,19
803,19
735,19
833,19
928,19
1024,19
710,19
818,19
993,19
969,19
1051,19
689,19
694,19
702,19
1074,19
1097,19
1195,19
1133,19
1223,19
683,19
677,19
1164,19
670,19
667,19
663,19
661,19
659,19
657,19
647,19
682,19
640,19
738,19
664,19
751,19
630,19
616,19
774,19
709,19
621,19
607,19
599,19
723,19
816,19
695,19
796,19
834,19
852,19
877,19
905,19
593,19
933,19
588,19
580,19
576,19
571,19
565,19
561,19
559,19
557,19
555,19
548,19
632,19
562,19
540,19
666,19
579,19
592,19
509,19
531,19
645,19
618,19
517,19
523,19
503,19
496,19
688,19
605,19
491,19
484,19
480,19
476,19
470,19
466,19
463,19
461,19
459,19
707,19
793,19
724,19
741,19
764,19
817,19
837,19
861,19
975,19
951,19
894,19
925,19
1017,19
1049,19
1226,19
1157,19
1078,19
1193,19
1115,19
1277,19
954,19
976,19
1139,19
1011,19
1096,19
1071,19
1043,19
1173,19
1203,19
1360,19
1244,19
1286,19
1322,19
1448,19
1410,19
1494,19
1545,19
1590,19
1643,19
1790,19
1807,19
1696,19
1861,19
1954,19
1841,19
1743,19
1920,19
1892,19
2112,19
2137,19
1983,19
2197,19
2073,19
2011,19
2173,19
2270,19
2038,19
2332,19
2248,19
1266,19
1302,19
1375,19
1420,19
1333,19
1453,19
1498,19
1587,19
1543,19
1636,19
1687,19
1733,19
1314,19
1354,19
1409,19
1451,19
1601,19
1555,19
1501,19
2217,20
2153,20
2291,20
2141,20
2380,20
2068,20
2130,20
2122,20
2206,20
2228,20
2301,20
2409,20
2465,20
2475,20
2312,20
2452,20
2629,20
2370,20
2545,20
2393,20
2447,20
2621,20
2557,20
2615,20
2707,20
2536,20
2365,20
2195,20
2714,20
2613,20
2790,20
2703,20
2882,20
2281,20
2283,20
2786,20
2533,20
2879,20
2957,20
2446,20
2706,20
2883,20
2960,20
2787,20
2535,20
2619,20
2791,20
2973,20
2713,20
2890,20
2985,20
2800,20
2905,20
5087,20
5017,20
4935,20
5258,20
5187,20
4704,20
4868,20
5107,20
4959,20
5343,20
5279,20
5037,20
5364,20
5435,20
5215,20
4560,20
4622,20
4724,20
4891,20
4787,20
5139,20
5466,20
4489,20
5549,20
4656,20
6017,20
5071,20
4825,20
5003,20
5396,20
5946,20
5326,20
5255,20
5882,20
5657,20
5193,20
5666,20
5590,20
5799,20
5811,20
5523,20
5450,20
5387,20
5728,20
5588,20
4580,20
4753,20
4932,20
5117,20
5739,20
5315,20
5526,20
4418,20
3653,20
3565,20
3760,20
3876,20
3589,20
3681,20
3996,20
3787,20
3512,20
3710,20
3908,20
4111,20
3627,20
4035,20
3668,20
3546,20
3831,20
3744,20
3941,20
4237,20
3869,20
3716,20
3782,20
3998,20
4125,20
3839,20
4161,20
4074,20
3915,20
4050,20
4283,20
4371,20
4208,20
3973,20
3054,20
3145,20
3236,20
3334,20
3148,20
3243,20
3061,20
3158,20
3344,20
3427,20
3072,20
3253,20
3265,20
3358,20
3545,20
3437,20
3171,20
3083,20
3189,20
3456,20
3377,20
3286,20
3400,20
3485,20
3636,20
3430,20
3114,20
3239,20
3759,20
3558,20
3363,20
3690,20
3896,20
3048,20
3167,20
3824,20
4036,20
3607,20
3487,20
3956,20
4174,20
3280,20
4318,20
3745,20
4469,20
4095,20
3885,20
4401,20
3411,20
4243,20
4029,20
3541,20
4331,20
4176,20
3679,20
3816,20
3954,20
4101,20
4259,20
2367,20
2449,20
2282,20
2290,20
2542,20
2371,20
2381,20
2455,20
2725,20
2627,20
2743,20
2638,20
2552,20
2821,20
2567,20
2468,20
2662,20
2842,20
2763,20
3004,20
2916,20
3213,20
3100,20
3028,20
2941,20
2868,20
3318,20
3125,20
3078,20
3050,20
3241,20
2972,20
3162,20
3465,20
3356,20
3268,20
3586,20
3428,20
3392,20
3198,20
3511,20
3315,20
1967,20
2214,20
2043,20
2135,20
2300,20
2480,20
2225,20
2396,20
2311,20
2587,20
2413,20
2690,20
2509,20
2785,20
2607,20
2899,20
2719,20
3007,20
2822,20
2931,20
4346,20
4260,20
4188,20
4507,20
4643,20
4419,20
4402,20
4481,20
4104,20
4323,20
4564,20
4466,20
4244,20
4706,20
4929,20
4780,20
4391,20
4616,20
4772,20
5008,20
4853,20
4768,20
4546,20
4924,20
5085,20
4695,20
4854,20
4611,20
4544,20
6109,20
6182,20
6366,20
6046,20
6294,20
6577,20
5981,20
6225,20
6504,20
6829,20
5980,21
6058,21
6185,21
6498,21
6228,21
6147,21
6354,21
6273,21
5519,21
5616,21
5705,21
5775,21
6087,21
6246,21
6025,21
6330,21
5893,21
6170,21
5736,21
5818,21
6415,21
5948,21
6099,21
5874,21
6258,21
6333,21
6411,21
6487,21
7103,21
6597,21
6668,21
7508,21
6576,21
6994,21
6513,21
6443,21
6861,21
6680,21
6764,21
6811,21
6732,21
7189,21
6903,21
6646,21
7329,21
7084,21
6986,21
6906,21
1050,22
1004,22
1091,22
1129,22
1142,22
1177,22
1217,22
1190,22
1274,22
1321,22
1237,22
1374,22
1526,22
1293,22
1478,22
1430,22
1547,22
1460,22
1343,22
1405,22
1650,22
1600,22
1584,22
1669,22
1728,22
1716,22
2027,22
2052,22
2175,22
2108,22
2606,22
2211,22
2254,22
2333,22
2123,22
2443,22
2183,22
2280,22
2429,22
2538,22
2418,22
2325,22
2350,22
2518,22
2583,22
2688,22
2267,22
2595,22
2504,22
2576,22
2410,22
2484,22
2666,22
2489,22
2675,22
2656,22
2483,22
2574,22
2745,22
2578,22
2835,22
2750,22
2659,22
2926,22
2415,22
2843,22
2487,22
3024,22
2669,22
2758,22
2584,22
2503,22
2935,22
2946,22
2857,22
2695,22
2596,22
3037,22
2678,22
2770,22
2871,22
2788,22
2969,22
2894,22
3053,22
1864,22
1939,22
2016,22
1798,22
2096,22
1853,22
1930,22
1785,22
2161,22
2086,22
2008,22
2247,22
2001,22
2082,22
2242,22
2159,22
2406,22
2317,22
2315,22
2157,22
2244,22
2408,22
2322,22
1773,22
1616,22
1704,22
1697,22
1921,22
1765,22
1847,22
1996,22
1843,22
1919,22
2081,22
2000,22
2160,22
2250,22
2164,22
2330,22
2085,22
2258,22
3160,22
3077,22
3257,22
2999,22
2914,22
3183,22
3374,22
3101,22
3405,22
3599,22
3492,22
3218,22
3293,22
3031,22
3529,22
3333,22
3138,22
3726,22
3254,22
3650,22
3445,22
3574,22
3372,22
3700,22
3500,22
1103,22
1325,22
1211,22
1270,22
1163,22
1442,22
1384,22
1505,22
1484,22
1569,22
1634,22
1558,22
2364,22
2457,22
2563,22
2844,22
2945,22
2660,22
2767,22
3064,22
2878,22
3622,22
3297,22
3181,22
2991,22
3751,22
3418,22
3550,22
3103,22
3684,22
3224,22
3888,22
3818,22
3351,22
3478,22
3951,22
3601,22
3743,22
3884,22
2765,22
2847,22
2752,22
2746,22
2839,22
2834,22
2927,22
2922,22
2921,22
3015,22
3013,22
3016,22
2427,22
2341,22
2517,22
2438,22
2608,22
2712,22
2539,22
2809,22
2632,22
2737,22
2729,23
2702,23
2636,23
2681,23
2748,23
2771,23
2622,23
2605,23
2658,23
2566,23
2798,23
2591,23
2556,23
2580,23
2543,23
2534,23
2525,23
2515,23
2510,23
2507,23
2500,23
2495,23
2493,23
2885,23
2909,23
2932,23
2795,23
2777,23
2865,23
2840,23
2818,23
2955,23
2766,23
2723,23
2747,23
2734,23
2710,23
2699,23
2691,23
2674,23
2679,23
2667,23
2657,23
2653,23
2649,23
2644,23
3073,23
2978,23
3093,23
2953,23
3047,23
3025,23
2938,23
3001,23
2923,23
3118,23
2908,23
2881,23
2893,23
2867,23
2858,23
2848,23
2837,23
2830,23
2823,23
2816,23
2808,23
2805,23
2803,23
3193,23
3112,23
3228,23
3267,23
3084,23
3357,23
3052,23
3314,23
3156,23
2994,23
3441,23
3022,23
3498,23
3543,23
3398,23
3592,23
3649,23
3030,23
2992,23
2950,23
3143,23
3066,23
2891,23
2920,23
3190,23
3325,23
3098,23
2832,23
2862,23
3229,23
3271,23
3370,23
3420,23
3399,23
3424,23
3305,23
3373,23
3327,23
3352,23
3452,23
3275,23
3489,23
3258,23
3663,23
3701,23
3520,23
3620,23
3582,23
3551,23
3141,23
3233,23
3256,23
3212,23
3187,23
3166,23
3281,23
3319,23
3353,23
3446,23
3386,23
3494,23
3413,23
3113,23
3095,23
3068,23
3051,23
3080,23
3041,23
3018,23
3029,23
3005,23
2987,23
2998,23
2981,23
2975,23
2970,23
2966,23
2962,23
3362,23
3396,23
3321,23
3279,23
3527,23
3573,23
3434,23
3248,23
3154,23
3219,23
3484,23
3186,23
3611,23
3216,23
3202,23
3246,23
3227,23
3178,23
3191,23
3169,23
3149,23
3142,23
3159,23
3137,23
3131,23
3127,23
3123,23
3567,23
3604,23
3530,23
3741,23
3654,23
3788,23
3699,23
3843,23
3341,24
3412,24
3389,24
3473,24
3436,24
3364,24
3316,24
3683,24
3756,24
3720,24
3641,24
3537,24
3504,24
3596,24
3569,24
3269,24
3291,24
3237,24
3208,24
3222,24
3255,24
3195,24
3182,24
3165,24
3175,24
3152,24
3146,24
3140,24
3133,24
3130,24
3124,24
3122,24
3724,24
3748,24
3696,24
3810,24
3675,24
3648,24
3775,24
3552,24
3597,24
3538,24
3626,24
3510,24
3568,24
3525,24
3583,24
3501,24
3493,24
3482,24
3462,24
3474,24
3459,24
3454,24
3451,24
3448,24
3578,24
3603,24
3483,24
3506,24
3531,24
3555,24
3433,24
3640,24
3455,24
3674,24
3707,24
3736,24
3719,24
3704,24
3680,24
3769,24
3692,24
3752,24
3734,24
3667,24
3645,24
3655,24
3639,24
3634,24
3628,24
3623,24
3615,24
3613,24
3401,24
3369,24
3415,24
3388,24
3361,24
3346,24
3336,24
3326,24
3317,24
3302,24
3311,24
3296,24
3292,24
3287,24
3282,24
3812,24
3773,24
3842,25
3874,25
4024,25
3985,25
4068,25
3910,25
3939,25
4064,25
4086,25
4116,25
4013,25
4038,25
4154,25
4190,25
3988,25
3964,25
4220,25
4258,25
4338,25
4293,25
3886,25
3922,25
3870,25
3901,25
3935,25
3861,25
3845,25
3825,25
3836,25
3814,25
3807,25
3799,25
3791,25
3784,25
3780,25
3778,25
3867,25
3891,25
3921,25
3943,25
3819,25
3982,25
3841,25
4016,25
3794,25
4049,25
4115,25
4079,25
4335,25
4425,25
4203,25
4238,25
4379,25
4277,25
4163,25
4530,25
4479,25
3890,25
3927,25
3980,25
3855,25
4023,25
31,26
29,26
68,26
33,26
113,26
39,26
86,26
63,26
73,26
50,26
78,26
102,26
57,26
122,26
23,26
131,26
25,26
21,26
27,26
139,26
19,26
17,26
15,26
13,26
11,26
9,26
7,26
5,26
3,26
1,26
159,26
175,26
189,26
258,26
200,26
218,26
240,26
273,26
295,26
322,26
342,26
362,26
419,26
392,26
443,26
475,26
507,26
570,26
534,26
606,26
637,26
681,26
718,26
753,26
802,26
889,26
842,26
936,26
981,26
1087,26
1039,26
1147,26
1199,26
1262,26
1318,26
1383,26
1446,26
1581,26
1515,26
1654,26
1809,26
1726,26
1880,26
4881,27
5031,27
4789,27
4718,27
4938,27
4863,27
5249,27
5088,27
5012,27
5168,27
4925,27
5426,27
5084,27
4014,27
3771,27
4060,27
3925,27
4142,27
3984,27
3856,27
3902,27
4110,27
4267,27
4196,27
3833,27
4494,27
4252,27
4039,27
4333,27
4412,27
3963,27
4553,27
4179,27
4471,27
4625,27
4395,27
4542,27
4242,27
4851,27
4319,27
4773,27
4464,27
4030,27
4699,27
4697,27
4766,27
4098,27
4612,27
4393,27
4615,27
4172,27
4478,27
4549,27
4322,27
4251,27
4409,27
4096,27
4034,27
4186,27
4341,27
5449,27
5532,27
5381,27
5298,27
5566,27
5644,27
5835,27
5234,27
5906,27
5423,27
5357,27
5768,27
5161,27
6062,27
5765,27
5993,27
5617,27
5496,27
5698,27
5091,27
5554,27
5280,27
5702,27
6231,27
5921,27
6169,27
5484,27
6439,27
5033,27
5221,27
5627,27
5862,27
5420,27
6094,27
6363,27
6654,27
5174,27
5011,27
4928,27
5095,27
4776,27
4859,27
5350,27
5197,27
5026,27
5268,27
4946,27
5118,27
5052,27
4880,27
4807,27
4712,27
4638,27
4982,27
4734,27
4910,27
4570,27
4672,27
4504,27
4845,27
7963,28
7734,28
7792,28
7667,28
7778,28
7920,28
8039,28
7919,28
7878,28
8002,28
7830,28
8414,28
8642,28
8514,28
8488,28
8579,28
8649,28
8586,28
8500,28
8637,28
8625,28
8560,28
8658,28
8569,28
7055,28
7443,28
7593,28
7206,28
7456,28
7728,28
7661,28
7071,28
6933,28
7675,28
7573,28
7623,28
7221,28
7696,28
7260,28
7761,28
6814,28
7799,28
7487,28
7741,28
7535,28
7818,28
7869,28
8099,28
8181,28
8204,28
8323,28
8304,28
8262,28
8282,28
8457,28
8407,28
8422,28
8473,28
8499,28
8443,28
8485,28
8375,28
8429,28
8537,28
8338,28
8393,28
8359,28
8546,28
8523,28
8558,28
8879,28
8878,28
8818,28
8933,28
8931,28
8877,28
8930,28
8982,28
8935,28
8932,28
8983,28
8875,28
9072,28
9029,28
8984,28
9028,28
8934,28
8985,28
9074,28
9031,28
8988,28
9077,28
9033,28
8938,28
8989,28
9079,28
9036,28
8693,28
8704,28
8765,28
8700,28
8767,28
8758,28
8709,28
8716,28
8772,28
8770,28
8775,28
8831,28
8835,28
8825,28
8821,28
8832,28
8880,28
8833,28
8882,28
8883,28
9112,28
9115,28
9151,28
9119,28
9155,28
5771,29
5847,29
5932,29
6020,29
6111,29
6297,29
6202,29
6113,29
6313,29
6496,29
6471,29
6430,29
6217,29
6401,29
6518,29
6337,29
6656,29
6621,29
6864,29
6564,29
6759,29
7729,29
7780,29
6624,29
6721,29
7496,29
7606,29
7672,29
7592,29
7522,29
6802,29
7275,29
6819,29
7043,29
7658,29
7582,29
7808,29
7856,29
7719,29
6926,29
7164,29
7835,29
7881,29
6907,29
7337,29
7274,29
7130,29
7897,29
7014,29
7941,29
7977,29
7485,29
7140,29
8337,29
8244,29
8203,29
8224,29
8322,29
8353,29
8283,29
8303,29
8463,29
8264,29
8320,29
8368,29
8383,29
8307,29
8398,29
8452,29
8477,29
8438,29
8539,29
8620,29
8520,29
8425,29
8613,29
8550,29
8531,29
8605,29
8415,29
8513,29
8503,29
8600,29
8403,29
8593,29
8494,29
8584,29
6723,29
6603,29
6978,29
6706,29
6835,29
6950,29
7110,29
7706,29
7982,29
7855,29
7763,29
8098,29
8120,29
7893,29
8013,29
8172,29
7930,29
8070,29
8044,29
7967,29
8147,29
8067,29
8000,29
8034,29
8195,29
8129,29
8101,29
8155,29
8218,29
8239,29
8816,29
8814,29
8812,29
8874,29
8687,29
8682,29
8754,29
8680,29
8750,29
8672,29
8748,29
8667,29
8744,29
5138,30
4960,30
5198,30
5232,30
5055,30
5278,30
5109,30
5379,30
5322,30
5524,30
5458,30
5259,30
5684,30
5349,30
5434,30
5504,30
5177,30
5755,30
5589,30
5612,30
5334,30
5669,30
5578,30
5410,30
5506,30
5584,30
5414,30
5335,30
5246,30
5924,30
5671,30
5752,30
5839,30
5498,30
5606,30
5687,30
5852,30
5766,30
6023,30
5794,30
5931,30
5879,30
6077,30
6043,30
6296,30
6165,30
6132,30
5958,30
6375,30
6245,30
6212,30
5719,30
6452,30
6367,30
5985,30
5843,30
6054,30
5914,30
6001,30
6138,30
6139,30
6285,30
6208,30
6544,30
6461,30
6312,30
6745,30
6925,30
6834,30
6623,30
6579,30
6653,30
6374,30
6502,30
6536,30
6715,30
7026,30
8188,30
8291,30
8168,30
8146,30
8276,30
8392,30
7588,30
7648,30
7343,30
7195,30
7083,30
7769,30
6982,30
7511,30
7815,30
7917,30
7340,30
7950,30
6888,30
7882,30
7721,30
6807,30
7678,30
7203,30
6734,30
8072,30
8048,30
7106,30
7847,30
7621,30
8021,30
7016,30
7558,30
7816,30
7994,30
77,31
88,31
123,31
74,31
137,31
146,31
129,31
100,31
80,31
197,31
64,31
67,31
164,31
70,31
109,31
116,31
186,31
61,31
177,31
207,31
58,31
55,31
52,31
49,31
47,31
44,31
42,31
40,31
37,31
35,31
229,31
246,31
319,31
356,31
296,31
262,31
276,31
338,31
380,31
409,31
514,31
451,31
431,31
485,31
539,31
575,31
608,31
635,31
711,31
676,31
791,31
746,31
831,31
866,31
920,31
961,31
1058,31
1010,31
1102,31
1332,31
1215,31
1165,31
1279,31
1398,31
1458,31
4053,32
4075,32
4021,32
4102,32
4135,32
3946,32
4003,32
4234,32
4168,32
3978,32
4207,32
4313,32
4272,32
3878,32
3898,32
3926,32
3913,32
3853,32
3865,32
3838,32
3821,32
3830,32
3800,32
3809,32
3795,32
3786,32
3781,32
3779,32
4385,32
4197,32
4066,32
4167,32
4148,32
4221,32
4051,32
4100,32
4078,32
4037,32
4117,32
4018,32
4274,32
4348,32
4249,32
4310,32
4377,32
4414,32
4389,32
4369,32
4206,32
4192,32
4175,32
4157,32
4164,32
4149,32
4138,32
4130,32
4127,32
4122,32
4120,32
4372,32
4361,32
4351,32
4336,32
4314,32
4324,32
4308,32
4301,32
4295,32
4291,32
4288,32
4230,32
4268,32
4253,32
4347,32
4290,32
4218,32
4315,32
4011,32
3997,32
3979,32
3986,32
3971,32
3965,32
3958,32
3953,32
3948,32
132,33
136,33
141,33
128,33
184,33
191,33
199,33
174,33
155,33
124,33
208,33
165,33
226,33
119,33
267,33
242,33
277,33
253,33
115,33
298,33
111,33
107,33
105,33
101,33
98,33
95,33
92,33
90,33
87,33
84,33
316,33
335,33
350,33
436,33
454,33
365,33
394,33
416,33
536,33
488,33
512,33
566,33
628,33
600,33
655,33
697,33
727,33
757,33
805,33
927,33
841,33
884,33
967,33
1019,33
1063,33
198,34
203,34
209,34
183,34
283,34
264,34
274,34
236,34
224,34
304,34
256,34
188,34
245,34
320,34
178,34
193,34
173,34
169,34
166,34
162,34
158,34
154,34
152,34
149,34
145,34
143,34
333,34
347,34
360,34
402,34
383,34
423,34
486,34
510,34
455,34
549,34
439,34
530,34
587,34
613,34
669,34
705,34
638,34
733,34
768,34
808,34
840,34
876,34
921,34
959,34
3711,35
3686,35
3793,35
3735,35
3661,35
3762,35
3638,35
3609,35
3542,35
3593,35
3559,35
3576,35
3533,35
3519,35
3507,35
3497,35
3477,35
3486,35
3467,35
3461,35
3457,35
3453,35
3449,35
3394,35
3380,35
3366,35
3355,35
3342,35
3330,35
3313,35
3320,35
3308,35
3299,35
3294,35
3289,35
3284,35
3715,35
3777,35
3742,35
3725,35
3761,35
3695,35
3685,35
3672,35
3662,35
3651,35
3591,35
3657,35
3624,35
3835,35
3789,35
3689,35
3722,35
3753,35
3566,35
3540,35
3495,35
3518,35
3468,35
3444,35
3410,35
3426,35
3643,35
3637,35
3630,35
3625,35
3621,35
3614,35
3863,35
3828,35
3892,35
3924,35
4081,35
3967,35
4129,35
4008,35
4180,35
4047,35
3806,35
3871,35
3911,35
3906,35
3834,35
3877,35
3858,35
3928,35
9174,36
9209,36
9205,36
9200,36
9237,36
9232,36
9228,36
9262,36
9194,36
9222,36
9287,36
9259,36
9306,36
9254,36
9283,36
9250,36
9309,36
9219,36
9302,36
9246,36
9298,36
9239,36
9274,36
9280,36
9213,36
9292,36
9270,36
9264,36
9312,36
9286,36
9234,36
9258,36
9307,36
9282,36
9303,36
9251,36
9226,36
9322,36
9276,36
9297,36
8914,36
8911,36
8899,36
8907,36
8902,36
8945,36
8948,36
8947,36
8990,36
8898,36
8987,36
8944,36
8943,36
8980,36
8897,36
8974,36
9014,36
8927,36
8970,36
9007,36
8923,36
8966,36
8998,36
9035,36
9030,36
9032,36
9025,36
9071,36
9066,36
9022,36
9017,36
9054,36
9064,36
9106,36
9103,36
9048,36
9099,36
9060,36
9132,36
9089,36
9095,36
9124,36
9127,36
9084,36
9117,36
9078,36
9148,36
9109,36
9042,36
9068,36
9141,36
8991,36
8993,36
8949,36
9321,36
9329,36
9325,36
9317,36
9341,36
9338,36
9334,36
9330,36
9349,36
9353,36
9362,36
9346,36
9345,36
9359,36
9370,36
9355,36
9326,36
9365,36
9372,36
9342,36
9367,36
9378,36
9376,36
9356,36
9337,36
9383,36
9364,36
9374,36
9352,36
9382,36
9386,36
9387,36
9380,36
9389,36
9137,36
9164,36
9169,36
9140,36
9160,36
9185,36
9191,36
9154,36
9179,36
9208,36
9171,36
9201,36
8646,37
8702,37
8655,37
8707,37
8712,37
8720,37
8811,37
8867,37
8813,37
8865,37
8810,37
8864,37
8862,37
8869,37
8861,37
8915,37
8910,37
8913,37
8957,37
8817,37
8916,37
9003,37
9002,37
9040,37
9041,37
9045,37
9044,37
9086,37
9080,37
9088,37
9085,37
9047,37
9125,37
9082,37
9123,37
9076,37
9158,37
9120,37
9128,37
9165,37
9193,37
9189,37
9162,37
9156,37
9131,37
9116,37
9152,37
9177,37
9186,37
9147,37
9196,37
9144,37
9113,37
9110,37
9168,37
9181,37
9199,37
9204,37
9212,37
9220,37
9215,37
9223,37
9245,37
9241,37
9248,37
9266,37
9227,37
9271,37
9253,37
9275,37
9291,37
9294,37
9231,37
9256,37
9313,37
9279,37
9299,37
9316,37
8476,37
8591,37
8917,37
8919,37
8918,37
9038,37
9037,37
9073,37
8416,37
8762,37
8766,37
8756,37
8952,37
8956,37
8950,37
8994,37
8995,37
8955,37
8953,37
8954,37
8997,37
8999,37
9000,37
9332,37
8179,38
8071,38
8132,38
8038,38
8104,38
8161,38
8153,38
8126,38
8211,38
8278,38
8231,38
8205,38
8290,38
8234,38
8347,38
8309,38
8257,38
8329,38
8255,38
8458,38
8678,38
8445,38
8528,38
8683,38
8367,38
8617,38
8606,38
8599,38
8689,38
8518,38
8668,38
8540,38
8623,38
8664,38
8589,38
8659,38
8630,38
8696,38
8640,38
8796,38
8729,38
8794,38
8800,38
8732,38
8791,38
8738,38
8858,38
8725,38
8808,38
8805,38
8856,38
8743,38
8789,38
8859,38
8747,38
8855,38
8854,38
8959,38
8960,38
8905,38
8908,38
8958,38
8909,38
8853,38
8906,38
8961,38
8904,38
8852,38
8903,38
9006,38
9004,38
8901,38
8962,38
9008,38
8964,38
9009,38
9011,38
8965,38
9012,38
9049,38
9051,38
9092,38
9053,38
9094,38
9055,38
9097,38
9134,38
9100,38
9058,38
9138,38
9172,38
8498,38
8447,38
8462,38
8417,38
8401,38
8509,38
8472,38
8482,38
8551,38
8434,38
8384,38
8521,38
8580,38
8572,38
8561,38
8300,38
8381,38
8318,38
8339,38
8399,38
8364,38
8751,38
7590,39
7713,39
7657,39
7226,39
6960,39
7065,39
7430,39
7939,39
7851,39
7762,39
7890,39
7903,39
8027,39
7974,39
8109,39
8035,39
7807,39
7932,39
8054,39
8083,39
7971,39
8003,39
8187,39
8209,39
8160,39
8066,39
8005,39
8135,39
8249,39
8186,39
8226,39
8095,39
8269,39
8140,39
8284,39
8404,39
8265,39
8164,39
8301,39
8389,39
8315,39
8248,39
8377,39
8332,39
8418,39
8352,39
8431,39
8363,39
8507,39
8581,39
8497,39
8486,39
8651,39
8475,39
8564,39
8348,39
8575,39
8557,39
8464,39
8644,39
8641,39
8455,39
8547,39
8633,39
8442,39
8541,39
8627,39
8722,39
8714,39
8787,39
8710,39
8783,39
8850,39
8706,39
8845,39
8778,39
8900,39
7867,40
7659,40
7709,40
7998,40
7826,40
7598,40
7528,40
7972,40
7785,40
7400,40
7745,40
7943,40
7245,40
7701,40
7913,40
8118,40
8096,40
8232,40
8075,40
8213,40
8333,40
9015,41
9052,41
9050,41
9043,41
9046,41
9091,41
9083,41
9087,41
9122,41
9118,41
9039,41
9069,41
9108,41
9114,41
9146,41
9081,41
9126,41
9075,41
9142,41
9104,41
9063,41
9135,41
9166,41
9098,41
9130,41
9161,41
9056,41
9121,41
9090,41
9153,41
9182,41
8969,41
8968,41
9010,41
9013,41
8971,41
8967,41
9005,41
8963,41
9001,41
8996,41
9034,41
8992,41
9027,41
8986,41
9020,41
8926,41
9187,41
9192,41
9183,41
9150,41
9157,41
9159,41
9178,41
9211,41
9207,41
9173,41
9202,41
9230,41
9197,41
9224,41
9190,41
9217,41
9242,41
8979,42
8978,42
8937,42
8981,42
8939,42
9021,42
9067,42
9061,42
9070,42
9024,42
9062,42
8977,42
9065,42
9026,42
9023,42
9016,42
9018,42
9057,42
9059,42
9019,42
9093,42
8976,42
8973,42
8975,42
8972,42
8839,42
8838,42
8836,42
8884,42
9107,42
9105,42
9102,42
9101,42
9111,42
9096,42
9139,42
9143,42
9145,42
9149,42
9136,42
9133,42
9129,42
8889,42
8894,42
8890,42
8940,42
8886,42
8929,42
8936,42
8928,42
8892,42
8942,42
8941,42
9195,42
9170,42
9163,42
9167,42
1947,43
1932,43
1990,43
1906,43
1972,43
1862,43
1872,43
1849,43
2115,43
2091,43
2010,43
1887,43
1817,43
2061,43
1837,43
1804,43
2028,43
1825,43
1796,43
1791,43
1776,43
1783,43
1771,43
1766,43
1760,43
1757,43
2097,43
2114,43
2018,43
2071,43
2136,43
2266,43
2238,43
2053,43
2156,43
1992,43
2005,43
1957,43
2029,43
2178,43
2210,43
1970,43
1980,43
1946,43
1942,43
1934,43
1916,43
1922,43
1910,43
1907,43
1902,43
1900,43
2313,43
2416,43
2395,43
2436,43
2376,43
2461,43
2329,43
2349,43
2299,43
2572,43
2274,43
2479,43
2288,43
2544,43
2251,43
2513,43
2261,43
2241,43
2230,43
2223,43
2218,43
2209,43
2203,43
2196,43
2191,43
2189,43
2243,43
2265,43
2163,43
2285,43
2179,43
2149,43
2222,43
2198,43
2113,43
2140,43
2308,43
2124,43
2328,43
2101,43
2094,43
2083,43
2074,43
2067,43
2062,43
2057,43
2051,43
2048,43
2045,43
2293,43
2353,43
2319,43
2579,43
2391,43
2426,43
2458,43
2709,43
2617,43
2491,43
2540,43
2661,43
2753,43
2854,43
2904,43
2796,43
3011,43
2949,43
3117,43
3067,43
3184,43
2472,43
2445,43
2735,43
2776,43
2511,43
2419,43
2359,43
2614,43
2582,43
2388,43
2547,43
2698,43
2652,43
2912,43
2825,43
2869,43
2958,43
2142,43
2170,43
2273,43
2204,43
2336,43
2304,43
2422,43
2239,43
2383,43
2551,43
2460,43
2501,43
2593,43
2634,43
2692,43
2738,43
2602,43
2631,43
2670,43
2705,43
2772,43
2940,43
2740,43
2902,43
2860,43
2813,43
3079,43
2988,43
3132,43
3188,43
3038,43
3238,43
2828,43
2789,43
2866,43
2760,43
2731,43
2937,43
2980,43
2700,43
3155,43
3065,43
2903,43
3023,43
3107,43
3205,43
3251,43
3303,43
2568,43
2548,43
2506,43
2612,43
2592,43
2527,43
2637,43
2783,43
2845,43
2673,43
3017,43
2948,43
2900,43
3075,43
2478,43
2467,43
2450,43
2411,43
2425,43
2437,43
2389,43
2401,43
2382,43
2374,43
2366,43
2355,43
2351,43
2347,43
2345,43
2339,43
3019,43
3295,43
3115,43
3180,43
3234,43
3071,43
3360,43
9351,44
9357,44
9296,44
9318,44
9293,44
9314,44
9331,44
9335,44
9310,44
9328,44
9288,44
9344,44
9347,44
9305,44
9340,44
9323,44
9319,44
9300,44
9339,44
9336,44
9315,44
9333,44
9348,44
9327,44
9311,44
9343,44
9221,44
9216,44
9247,44
9243,44
9238,44
9269,44
9265,44
9235,44
9260,44
9284,44
9255,44
9278,44
9249,44
9295,44
9272,44
9267,44
9290,44
9273,44
9354,44
9358,44
9350,44
9363,44
9366,44
9361,44
9373,44
9369,44
9375,44
9360,44
9381,44
9371,44
9379,44
9385,44
9368,44
9377,44
9384,44
9388,44
9390,44
9301,45
9304,45
9320,45
9308,45
9324,45
9225,45
9229,45
9252,45
9206,45
9203,45
9175,45
9176,45
9180,45
9198,45
9210,45
9184,45
9214,45
9188,45
9218,45
9233,45
9261,45
9236,45
9257,45
9281,45
9240,45
9277,45
9263,45
9285,45
9244,45
9268,45
9289,45
