id,bin
1,5
2,5
3,5
4,5
5,5
6,5
7,5
8,5
9,5
10,5
11,5
12,5
13,5
14,5
15,5
16,5
17,5
18,5
19,5
20,5
21,5
22,5
23,5
24,5
25,5
26,5
27,5
28,5
29,5
30,5
31,5
32,5
33,5
34,7
35,7
36,7
37,7
38,7
39,5
40,7
41,7
42,7
43,7
44,7
45,5
46,7
47,7
48,7
49,5
50,7
51,7
52,7
53,5
54,7
55,7
56,5
57,7
58,7
59,5
60,7
61,7
62,5
63,7
64,5
65,7
66,7
67,5
68,7
69,7
70,5
71,7
72,5
73,7
74,7
75,5
76,7
77,5
78,7
79,7
80,5
81,9
82,9
83,9
84,9
85,9
86,9
87,7
88,9
89,9
90,9
91,5
92,9
93,7
94,9
95,9
96,9
97,7
98,5
99,9
100,9
101,9
102,7
103,9
104,5
105,9
106,7
107,9
108,5
109,9
110,7
111,9
112,9
113,7
114,5
115,9
116,9
117,7
118,5
119,9
120,7
121,9
122,5
123,9
124,7
125,9
126,5
127,7
128,9
129,9
130,7
131,5
132,9
133,7
134,9
135,5
136,9
137,7
138,14
139,14
140,14
141,14
142,14
143,14
144,9
145,14
146,14
147,5
148,14
149,14
150,7
151,9
152,14
153,14
154,14
155,5
156,9
157,14
158,7
159,14
160,14
161,9
162,14
163,7
164,5
165,14
166,9
167,14
168,14
169,7
170,9
171,5
172,14
173,14
174,9
175,7
176,14
177,5
178,14
179,9
180,7
181,14
182,9
183,14
184,5
185,14
186,7
187,9
188,14
189,5
190,14
191,7
192,9
193,14
194,9
195,5
196,7
197,14
198,14
199,9
200,7
201,5
202,14
203,8
204,8
205,8
206,9
207,8
208,8
209,8
210,8
211,14
212,8
213,8
214,7
215,8
216,9
217,8
218,5
219,14
220,8
221,8
222,8
223,14
224,7
225,9
226,8
227,8
228,5
229,14
230,8
231,9
232,8
233,7
234,14
235,8
236,8
237,5
238,9
239,14
240,8
241,7
242,8
243,14
244,9
245,8
246,5
247,8
248,7
249,14
250,8
251,9
252,14
253,8
254,5
255,7
256,8
257,9
258,14
259,8
260,7
261,8
262,5
263,14
264,9
265,8
266,14
267,8
268,9
269,7
270,5
271,8
272,14
273,9
274,8
275,8
276,8
277,7
278,8
279,8
280,8
281,14
282,8
283,5
284,8
285,1
286,8
287,8
288,8
289,9
290,8
291,14
292,8
293,8
294,7
295,8
296,8
297,5
298,1
299,8
300,9
301,14
302,8
303,1
304,8
305,7
306,8
307,14
308,9
309,1
310,8
311,5
312,8
313,7
314,14
315,1
316,8
317,9
318,8
319,1
320,5
321,8
322,14
323,7
324,8
325,1
326,9
327,8
328,14
329,8
330,1
331,5
332,7
333,9
334,8
335,14
336,1
337,8
338,8
339,5
340,1
341,9
342,14
343,1
344,8
345,1
346,8
347,14
348,9
349,5
350,1
351,8
352,1
353,8
354,14
355,12
356,12
357,12
358,12
359,12
360,9
361,12
362,1
363,12
364,12
365,8
366,1
367,12
368,5
369,12
370,14
371,12
372,8
373,1
374,12
375,12
376,9
377,12
378,8
379,12
380,1
381,1
382,14
383,12
384,1
385,8
386,12
387,1
388,12
389,1
390,12
391,8
392,14
393,1
394,12
395,5
396,8
397,12
398,1
399,1
400,12
401,14
402,8
403,12
404,1
405,1
406,12
407,1
408,8
409,1
410,14
411,12
412,1
413,12
414,8
415,1
416,12
417,1
418,14
419,1
420,8
421,1
422,12
423,12
424,8
425,1
426,1
427,1
428,1
429,12
430,8
431,1
432,12
433,1
434,14
435,12
436,1
437,1
438,8
439,12
440,15
441,15
442,15
443,1
444,15
445,15
446,15
447,15
448,8
449,1
450,1
451,15
452,12
453,15
454,15
455,1
456,15
457,1
458,1
459,12
460,15
461,8
462,15
463,14
464,15
465,12
466,15
467,1
468,8
469,15
470,1
471,1
472,15
473,12
474,1
475,15
476,1
477,8
478,15
479,12
480,1
481,15
482,1
483,1
484,15
485,12
486,8
487,1
488,1
489,15
490,1
491,12
492,15
493,8
494,15
495,1
496,12
497,1
498,1
499,15
500,1
501,1
502,8
503,15
504,12
505,15
506,1
507,1
508,1
509,8
510,12
511,15
512,1
513,1
514,15
515,12
516,8
517,1
518,15
519,1
520,1
521,12
522,15
523,1
524,1
525,8
526,1
527,15
528,12
529,1
530,1
531,6
532,15
533,6
534,6
535,6
536,6
537,8
538,6
539,6
540,12
541,6
542,15
543,1
544,6
545,1
546,6
547,1
548,6
549,1
550,6
551,15
552,8
553,1
554,12
555,6
556,6
557,1
558,15
559,6
560,6
561,12
562,8
563,1
564,6
565,1
566,15
567,1
568,6
569,1
570,1
571,6
572,12
573,15
574,8
575,6
576,6
577,1
578,15
579,12
580,1
581,6
582,1
583,1
584,1
585,8
586,6
587,15
588,12
589,6
590,1
591,15
592,6
593,1
594,8
595,1
596,1
597,6
598,12
599,15
600,1
601,6
602,1
603,8
604,15
605,6
606,12
607,1
608,6
609,1
610,1
611,15
612,12
613,6
614,1
615,1
616,1
617,1
618,15
619,6
620,1
621,6
622,1
623,1
624,8
625,15
626,6
627,1
628,6
629,6
630,6
631,6
632,1
633,6
634,6
635,1
636,6
637,12
638,6
639,15
640,6
641,6
642,1
643,6
644,6
645,1
646,6
647,6
648,1
649,1
650,6
651,1
652,15
653,1
654,6
655,6
656,6
657,1
658,1
659,6
660,15
661,6
662,1
663,6
664,1
665,1
666,6
667,1
668,6
669,1
670,15
671,6
672,1
673,6
674,1
675,6
676,6
677,1
678,15
679,1
680,6
681,1
682,1
683,6
684,1
685,6
686,1
687,1
688,6
689,15
690,6
691,6
692,1
693,1
694,1
695,1
696,6
697,15
698,1
699,6
700,1
701,6
702,1
703,6
704,6
705,1
706,1
707,15
708,1
709,6
710,6
711,1
712,1
713,1
714,6
715,15
716,1
717,1
718,1
719,1
720,6
721,6
722,15
723,6
724,1
725,6
726,1
727,1
728,6
729,6
730,6
731,6
732,6
733,6
734,1
735,1
736,6
737,6
738,1
739,6
740,15
741,6
742,6
743,6
744,1
745,6
746,6
747,1
748,6
749,6
750,6
751,1
752,6
753,1
754,1
755,6
756,1
757,1
758,6
759,6
760,6
761,1
762,1
763,6
764,6
765,1
766,6
767,15
768,6
769,1
770,1
771,6
772,6
773,6
774,1
775,1
776,6
777,1
778,1
779,6
780,6
781,1
782,6
783,6
784,1
785,1
786,6
787,6
788,1
789,1
790,1
791,1
792,6
793,6
794,1
795,6
796,6
797,1
798,6
799,1
800,1
801,6
802,6
803,1
804,1
805,6
806,1
807,1
808,6
809,6
810,1
811,6
812,1
813,1
814,1
815,6
816,6
817,6
818,1
819,6
820,1
821,1
822,1
823,1
824,6
825,6
826,1
827,1
828,1
829,6
830,6
831,6
832,1
833,6
834,6
835,6
836,6
837,6
838,6
839,1
840,6
841,1
842,6
843,1
844,6
845,6
846,6
847,1
848,6
849,6
850,1
851,1
852,6
853,6
854,6
855,1
856,1
857,6
858,6
859,6
860,6
861,6
862,1
863,1
864,6
865,6
866,1
867,6
868,1
869,1
870,6
871,6
872,6
873,1
874,6
875,6
876,1
877,1
878,6
879,1
880,6
881,6
882,1
883,6
884,1
885,1
886,6
887,1
888,6
889,6
890,6
891,6
892,6
893,1
894,1
895,6
896,1
897,1
898,1
899,6
900,6
901,1
902,1
903,6
904,6
905,6
906,1
907,6
908,1
909,6
910,1
911,6
912,6
913,6
914,1
915,1
916,1
917,1
918,6
919,6
920,1
921,6
922,6
923,6
924,1
925,1
926,1
927,6
928,6
929,6
930,1
931,1
932,1
933,6
934,6
935,1
936,1
937,1
938,1
939,6
940,1
941,6
942,1
943,6
944,6
945,6
946,6
947,6
948,6
949,6
950,6
951,6
952,6
953,6
954,1
955,6
956,1
957,1
958,6
959,6
960,6
961,6
962,1
963,6
964,6
965,1
966,1
967,1
968,6
969,6
970,6
971,1
972,6
973,6
974,6
975,1
976,6
977,1
978,1
979,6
980,6
981,1
982,1
983,6
984,1
985,6
986,6
987,6
988,6
989,1
990,6
991,1
992,6
993,1
994,6
995,1
996,1
997,6
998,1
999,1
1000,6
1001,1
1002,6
1003,6
1004,1
1005,6
1006,6
1007,6
1008,1
1009,6
1010,1
1011,6
1012,1
1013,6
1014,1
1015,1
1016,6
1017,1
1018,1
1019,6
1020,6
1021,1
1022,6
1023,1
1024,1
1025,6
1026,6
1027,6
1028,1
1029,6
1030,6
1031,1
1032,1
1033,1
1034,1
1035,6
1036,6
1037,6
1038,1
1039,1
1040,1
1041,1
1042,6
1043,6
1044,6
1045,6
1046,1
1047,6
1048,6
1049,1
1050,1
1051,1
1052,6
1053,1
1054,1
1055,1
1056,6
1057,3
1058,3
1059,3
1060,3
1061,6
1062,3
1063,6
1064,1
1065,3
1066,6
1067,3
1068,1
1069,3
1070,3
1071,3
1072,6
1073,1
1074,6
1075,6
1076,1
1077,3
1078,1
1079,3
1080,1
1081,1
1082,3
1083,6
1084,6
1085,3
1086,1
1087,6
1088,3
1089,1
1090,6
1091,1
1092,6
1093,3
1094,1
1095,3
1096,1
1097,1
1098,6
1099,6
1100,1
1101,3
1102,6
1103,1
1104,6
1105,3
1106,6
1107,3
1108,6
1109,1
1110,1
1111,1
1112,3
1113,1
1114,1
1115,6
1116,1
1117,6
1118,6
1119,3
1120,1
1121,6
1122,3
1123,1
1124,1
1125,6
1126,3
1127,1
1128,6
1129,6
1130,6
1131,3
1132,6
1133,1
1134,1
1135,1
1136,1
1137,1
1138,3
1139,1
1140,6
1141,3
1142,6
1143,6
1144,1
1145,1
1146,6
1147,3
1148,1
1149,6
1150,1
1151,6
1152,3
1153,1
1154,6
1155,1
1156,1
1157,6
1158,6
1159,3
1160,1
1161,1
1162,1
1163,1
1164,6
1165,3
1166,6
1167,6
1168,1
1169,3
1170,1
1171,1
1172,6
1173,3
1174,3
1175,3
1176,6
1177,1
1178,3
1179,3
1180,6
1181,3
1182,3
1183,1
1184,3
1185,1
1186,3
1187,6
1188,3
1189,1
1190,3
1191,3
1192,1
1193,3
1194,6
1195,6
1196,3
1197,1
1198,6
1199,1
1200,3
1201,3
1202,1
1203,1
1204,3
1205,6
1206,3
1207,6
1208,1
1209,6
1210,3
1211,3
1212,1
1213,3
1214,1
1215,1
1216,1
1217,3
1218,6
1219,3
1220,1
1221,6
1222,1
1223,3
1224,1
1225,6
1226,1
1227,3
1228,3
1229,1
1230,6
1231,3
1232,6
1233,3
1234,3
1235,1
1236,6
1237,1
1238,6
1239,1
1240,1
1241,1
1242,1
1243,3
1244,6
1245,3
1246,3
1247,1
1248,1
1249,1
1250,6
1251,3
1252,6
1253,6
1254,3
1255,3
1256,1
1257,1
1258,1
1259,1
1260,1
1261,3
1262,3
1263,6
1264,6
1265,1
1266,1
1267,1
1268,6
1269,1
1270,3
1271,3
1272,3
1273,6
1274,1
1275,1
1276,6
1277,1
1278,3
1279,3
1280,6
1281,1
1282,1
1283,1
1284,1
1285,3
1286,6
1287,1
1288,1
1289,3
1290,6
1291,1
1292,3
1293,1
1294,3
1295,3
1296,3
1297,3
1298,6
1299,3
1300,1
1301,1
1302,3
1303,3
1304,3
1305,3
1306,1
1307,1
1308,3
1309,3
1310,6
1311,3
1312,1
1313,3
1314,1
1315,3
1316,3
1317,1
1318,3
1319,1
1320,3
1321,6
1322,1
1323,3
1324,1
1325,1
1326,3
1327,1
1328,3
1329,1
1330,1
1331,6
1332,3
1333,3
1334,3
1335,1
1336,3
1337,1
1338,3
1339,1
1340,1
1341,3
1342,3
1343,1
1344,1
1345,3
1346,1
1347,6
1348,1
1349,1
1350,3
1351,3
1352,1
1353,1
1354,3
1355,3
1356,1
1357,3
1358,6
1359,3
1360,1
1361,6
1362,1
1363,3
1364,3
1365,1
1366,1
1367,1
1368,1
1369,3
1370,1
1371,3
1372,1
1373,1
1374,3
1375,1
1376,1
1377,3
1378,3
1379,6
1380,3
1381,1
1382,3
1383,1
1384,1
1385,3
1386,1
1387,3
1388,1
1389,1
1390,1
1391,1
1392,3
1393,6
1394,1
1395,1
1396,3
1397,1
1398,1
1399,3
1400,3
1401,1
1402,3
1403,1
1404,3
1405,1
1406,1
1407,6
1408,1
1409,3
1410,3
1411,1
1412,1
1413,3
1414,1
1415,1
1416,1
1417,3
1418,1
1419,13
1420,13
1421,13
1422,1
1423,13
1424,13
1425,13
1426,1
1427,1
1428,3
1429,13
1430,1
1431,3
1432,3
1433,13
1434,1
1435,13
1436,1
1437,13
1438,1
1439,13
1440,3
1441,1
1442,13
1443,3
1444,1
1445,3
1446,13
1447,1
1448,3
1449,1
1450,13
1451,1
1452,13
1453,1
1454,3
1455,13
1456,1
1457,1
1458,1
1459,1
1460,3
1461,1
1462,1
1463,3
1464,13
1465,1
1466,13
1467,3
1468,3
1469,1
1470,13
1471,1
1472,1
1473,1
1474,13
1475,1
1476,3
1477,1
1478,3
1479,1
1480,1
1481,13
1482,3
1483,1
1484,13
1485,3
1486,1
1487,1
1488,13
1489,3
1490,1
1491,1
1492,1
1493,3
1494,3
1495,13
1496,1
1497,1
1498,1
1499,1
1500,1
1501,13
1502,1
1503,1
1504,3
1505,3
1506,3
1507,1
1508,1
1509,13
1510,1
1511,13
1512,3
1513,1
1514,3
1515,1
1516,1
1517,3
1518,13
1519,1
1520,1
1521,1
1522,1
1523,3
1524,1
1525,1
1526,13
1527,1
1528,1
1529,3
1530,1
1531,13
1532,1
1533,3
1534,3
1535,1
1536,13
1537,1
1538,1
1539,3
1540,1
1541,1
1542,3
1543,13
1544,1
1545,2
1546,3
1547,2
1548,2
1549,1
1550,2
1551,2
1552,2
1553,1
1554,2
1555,13
1556,2
1557,3
1558,1
1559,3
1560,2
1561,1
1562,1
1563,1
1564,1
1565,1
1566,2
1567,2
1568,1
1569,13
1570,1
1571,1
1572,3
1573,2
1574,3
1575,2
1576,3
1577,2
1578,13
1579,1
1580,1
1581,2
1582,1
1583,1
1584,1
1585,2
1586,3
1587,1
1588,13
1589,1
1590,2
1591,1
1592,3
1593,2
1594,1
1595,1
1596,13
1597,1
1598,1
1599,3
1600,2
1601,1
1602,1
1603,1
1604,2
1605,3
1606,13
1607,3
1608,2
1609,1
1610,1
1611,1
1612,1
1613,3
1614,1
1615,1
1616,2
1617,13
1618,1
1619,2
1620,1
1621,3
1622,1
1623,3
1624,1
1625,2
1626,13
1627,2
1628,1
1629,1
1630,1
1631,1
1632,1
1633,1
1634,13
1635,1
1636,3
1637,3
1638,2
1639,1
1640,1
1641,1
1642,1
1643,1
1644,1
1645,2
1646,13
1647,3
1648,2
1649,3
1650,1
1651,1
1652,1
1653,13
1654,2
1655,1
1656,1
1657,1
1658,1
1659,3
1660,2
1661,1
1662,1
1663,13
1664,1
1665,1
1666,3
1667,1
1668,2
1669,1
1670,1
1671,1
1672,1
1673,3
1674,1
1675,13
1676,1
1677,2
1678,2
1679,2
1680,2
1681,2
1682,2
1683,3
1684,2
1685,1
1686,2
1687,1
1688,2
1689,2
1690,13
1691,2
1692,1
1693,3
1694,1
1695,2
1696,1
1697,2
1698,1
1699,2
1700,2
1701,1
1702,1
1703,1
1704,2
1705,3
1706,1
1707,13
1708,1
1709,1
1710,2
1711,2
1712,3
1713,1
1714,2
1715,1
1716,2
1717,1
1718,13
1719,2
1720,1
1721,2
1722,1
1723,1
1724,3
1725,1
1726,1
1727,2
1728,3
1729,1
1730,2
1731,2
1732,13
1733,1
1734,2
1735,1
1736,1
1737,2
1738,2
1739,3
1740,3
1741,1
1742,1
1743,13
1744,1
1745,2
1746,1
1747,1
1748,1
1749,1
1750,2
1751,1
1752,2
1753,1
1754,1
1755,1
1756,3
1757,1
1758,2
1759,1
1760,13
1761,3
1762,2
1763,2
1764,1
1765,2
1766,1
1767,2
1768,1
1769,13
1770,3
1771,1
1772,1
1773,1
1774,3
1775,2
1776,1
1777,1
1778,1
1779,2
1780,1
1781,1
1782,2
1783,1
1784,13
1785,1
1786,3
1787,2
1788,2
1789,1
1790,1
1791,1
1792,3
1793,1
1794,1
1795,13
1796,2
1797,2
1798,1
1799,1
1800,3
1801,2
1802,1
1803,1
1804,13
1805,1
1806,3
1807,1
1808,1
1809,2
1810,1
1811,2
1812,2
1813,2
1814,2
1815,2
1816,2
1817,1
1818,1
1819,2
1820,1
1821,2
1822,1
1823,1
1824,2
1825,2
1826,2
1827,2
1828,2
1829,13
1830,2
1831,1
1832,1
1833,2
1834,2
1835,3
1836,1
1837,1
1838,1
1839,2
1840,1
1841,2
1842,2
1843,3
1844,1
1845,2
1846,2
1847,13
1848,1
1849,1
1850,2
1851,1
1852,1
1853,2
1854,2
1855,2
1856,3
1857,1
1858,1
1859,2
1860,1
1861,1
1862,1
1863,2
1864,1
1865,1
1866,2
1867,1
1868,1
1869,1
1870,2
1871,1
1872,2
1873,1
1874,2
1875,2
1876,1
1877,13
1878,1
1879,1
1880,1
1881,2
1882,2
1883,2
1884,2
1885,1
1886,1
1887,1
1888,1
1889,1
1890,1
1891,1
1892,2
1893,1
1894,2
1895,2
1896,1
1897,1
1898,1
1899,1
1900,1
1901,2
1902,1
1903,1
1904,2
1905,2
1906,2
1907,1
1908,1
1909,1
1910,1
1911,2
1912,1
1913,2
1914,1
1915,1
1916,2
1917,1
1918,1
1919,2
1920,1
1921,1
1922,1
1923,1
1924,1
1925,2
1926,2
1927,1
1928,1
1929,1
1930,1
1931,1
1932,2
1933,1
1934,2
1935,1
1936,2
1937,2
1938,1
1939,1
1940,1
1941,1
1942,1
1943,4
1944,1
1945,4
1946,2
1947,4
1948,2
1949,2
1950,4
1951,4
1952,1
1953,4
1954,1
1955,4
1956,4
1957,1
1958,1
1959,2
1960,4
1961,1
1962,1
1963,1
1964,1
1965,1
1966,4
1967,2
1968,1
1969,4
1970,2
1971,1
1972,4
1973,2
1974,4
1975,1
1976,1
1977,4
1978,1
1979,2
1980,1
1981,1
1982,2
1983,1
1984,4
1985,1
1986,1
1987,1
1988,2
1989,4
1990,1
1991,1
1992,4
1993,2
1994,2
1995,1
1996,4
1997,1
1998,4
1999,1
2000,2
2001,2
2002,1
2003,1
2004,1
2005,4
2006,2
2007,1
2008,1
2009,1
2010,1
2011,1
2012,1
2013,4
2014,2
2015,1
2016,1
2017,1
2018,4
2019,1
2020,2
2021,1
2022,1
2023,2
2024,2
2025,4
2026,1
2027,4
2028,1
2029,1
2030,1
2031,2
2032,2
2033,2
2034,4
2035,1
2036,1
2037,1
2038,1
2039,1
2040,1
2041,1
2042,4
2043,1
2044,2
2045,1
2046,1
2047,2
2048,1
2049,4
2050,2
2051,1
2052,1
2053,2
2054,1
2055,1
2056,4
2057,1
2058,1
2059,1
2060,2
2061,1
2062,4
2063,2
2064,1
2065,2
2066,1
2067,4
2068,1
2069,1
2070,1
2071,1
2072,1
2073,2
2074,1
2075,2
2076,1
2077,4
2078,1
2079,1
2080,1
2081,2
2082,1
2083,4
2084,4
2085,4
2086,4
2087,4
2088,4
2089,2
2090,2
2091,4
2092,1
2093,1
2094,4
2095,4
2096,1
2097,1
2098,1
2099,1
2100,4
2101,4
2102,1
2103,1
2104,4
2105,2
2106,4
2107,1
2108,2
2109,4
2110,1
2111,2
2112,4
2113,1
2114,4
2115,4
2116,1
2117,1
2118,2
2119,1
2120,4
2121,4
2122,1
2123,1
2124,1
2125,2
2126,4
2127,1
2128,2
2129,1
2130,1
2131,1
2132,4
2133,4
2134,1
2135,1
2136,1
2137,2
2138,4
2139,1
2140,4
2141,1
2142,4
2143,2
2144,2
2145,4
2146,1
2147,1
2148,1
2149,2
2150,4
2151,4
2152,1
2153,1
2154,1
2155,1
2156,4
2157,1
2158,1
2159,1
2160,2
2161,2
2162,1
2163,1
2164,4
2165,4
2166,2
2167,1
2168,1
2169,1
2170,1
2171,4
2172,4
2173,1
2174,2
2175,4
2176,1
2177,2
2178,1
2179,1
2180,2
2181,4
2182,1
2183,4
2184,1
2185,1
2186,2
2187,1
2188,4
2189,1
2190,1
2191,1
2192,2
2193,1
2194,1
2195,1
2196,4
2197,4
2198,1
2199,1
2200,2
2201,1
2202,1
2203,2
2204,1
2205,4
2206,4
2207,1
2208,2
2209,1
2210,4
2211,1
2212,1
2213,1
2214,1
2215,2
2216,4
2217,2
2218,4
2219,1
2220,1
2221,4
2222,4
2223,1
2224,4
2225,2
2226,1
2227,4
2228,4
2229,1
2230,4
2231,1
2232,4
2233,4
2234,1
2235,4
2236,1
2237,2
2238,4
2239,1
2240,4
2241,1
2242,4
2243,4
2244,2
2245,4
2246,1
2247,1
2248,4
2249,1
2250,4
2251,1
2252,2
2253,1
2254,1
2255,4
2256,4
2257,1
2258,2
2259,4
2260,1
2261,1
2262,4
2263,1
2264,4
2265,4
2266,1
2267,4
2268,2
2269,2
2270,4
2271,2
2272,1
2273,4
2274,1
2275,4
2276,1
2277,4
2278,1
2279,1
2280,1
2281,1
2282,1
2283,4
2284,1
2285,4
2286,1
2287,1
2288,4
2289,1
2290,2
2291,2
2292,2
2293,1
2294,1
2295,4
2296,4
2297,4
2298,4
2299,1
2300,1
2301,1
2302,4
2303,4
2304,2
2305,4
2306,1
2307,1
2308,1
2309,1
2310,2
2311,1
2312,4
2313,1
2314,1
2315,1
2316,1
2317,4
2318,1
2319,4
2320,4
2321,1
2322,1
2323,2
2324,1
2325,4
2326,1
2327,4
2328,1
2329,2
2330,2
2331,4
2332,1
2333,1
2334,4
2335,1
2336,1
2337,2
2338,4
2339,1
2340,4
2341,1
2342,4
2343,1
2344,2
2345,4
2346,1
2347,1
2348,1
2349,1
2350,4
2351,1
2352,1
2353,1
2354,1
2355,4
2356,1
2357,2
2358,1
2359,4
2360,4
2361,4
2362,1
2363,1
2364,2
2365,4
2366,4
2367,1
2368,4
2369,4
2370,1
2371,4
2372,1
2373,4
2374,4
2375,1
2376,4
2377,2
2378,2
2379,1
2380,4
2381,4
2382,4
2383,1
2384,4
2385,4
2386,4
2387,1
2388,4
2389,1
2390,4
2391,1
2392,1
2393,2
2394,4
2395,4
2396,4
2397,1
2398,2
2399,1
2400,4
2401,1
2402,4
2403,1
2404,1
2405,1
2406,1
2407,4
2408,4
2409,1
2410,1
2411,1
2412,4
2413,4
2414,1
2415,1
2416,4
2417,2
2418,4
2419,4
2420,2
2421,4
2422,1
2423,4
2424,4
2425,1
2426,1
2427,1
2428,4
2429,1
2430,4
2431,1
2432,1
2433,1
2434,1
2435,4
2436,4
2437,1
2438,4
2439,2
2440,2
2441,4
2442,1
2443,1
2444,4
2445,1
2446,1
2447,1
2448,1
2449,4
2450,4
2451,4
2452,1
2453,4
2454,1
2455,1
2456,4
2457,1
2458,1
2459,2
2460,2
2461,4
2462,4
2463,1
2464,1
2465,4
2466,1
2467,4
2468,4
2469,1
2470,1
2471,1
2472,4
2473,1
2474,1
2475,1
2476,1
2477,4
2478,2
2479,1
2480,1
2481,4
2482,2
2483,1
2484,4
2485,4
2486,4
2487,1
2488,4
2489,1
2490,1
2491,1
2492,1
2493,1
2494,4
2495,1
2496,4
2497,2
2498,1
2499,4
2500,2
2501,1
2502,4
2503,1
2504,1
2505,4
2506,4
2507,1
2508,1
2509,4
2510,10
2511,10
2512,10
2513,10
2514,10
2515,1
2516,1
2517,1
2518,10
2519,4
2520,10
2521,2
2522,10
2523,1
2524,1
2525,10
2526,4
2527,1
2528,4
2529,1
2530,10
2531,1
2532,1
2533,2
2534,4
2535,1
2536,4
2537,10
2538,10
2539,1
2540,10
2541,4
2542,4
2543,10
2544,2
2545,1
2546,1
2547,1
2548,10
2549,4
2550,1
2551,4
2552,4
2553,10
2554,1
2555,4
2556,1
2557,2
2558,1
2559,10
2560,1
2561,1
2562,1
2563,1
2564,10
2565,1
2566,4
2567,1
2568,4
2569,2
2570,1
2571,1
2572,1
2573,10
2574,4
2575,4
2576,10
2577,4
2578,1
2579,1
2580,10
2581,2
2582,1
2583,1
2584,4
2585,4
2586,4
2587,10
2588,4
2589,1
2590,4
2591,1
2592,1
2593,10
2594,1
2595,1
2596,1
2597,4
2598,1
2599,1
2600,4
2601,10
2602,1
2603,4
2604,1
2605,1
2606,2
2607,1
2608,10
2609,4
2610,4
2611,1
2612,4
2613,1
2614,10
2615,4
2616,1
2617,1
2618,1
2619,1
2620,4
2621,4
2622,10
2623,1
2624,1
2625,1
2626,4
2627,2
2628,4
2629,10
2630,4
2631,1
2632,4
2633,1
2634,1
2635,1
2636,10
2637,4
2638,1
2639,1
2640,1
2641,1
2642,4
2643,4
2644,10
2645,1
2646,4
2647,1
2648,1
2649,1
2650,2
2651,1
2652,1
2653,10
2654,4
2655,1
2656,4
2657,1
2658,4
2659,1
2660,1
2661,1
2662,4
2663,1
2664,1
2665,1
2666,1
2667,1
2668,10
2669,1
2670,1
2671,1
2672,1
2673,1
2674,4
2675,4
2676,1
2677,10
2678,1
2679,4
2680,1
2681,1
2682,1
2683,4
2684,1
2685,2
2686,1
2687,4
2688,1
2689,1
2690,1
2691,10
2692,1
2693,4
2694,1
2695,1
2696,1
2697,1
2698,1
2699,4
2700,1
2701,1
2702,1
2703,10
2704,4
2705,4
2706,1
2707,4
2708,1
2709,1
2710,10
2711,4
2712,1
2713,1
2714,1
2715,1
2716,1
2717,4
2718,1
2719,1
2720,4
2721,1
2722,4
2723,4
2724,1
2725,10
2726,1
2727,1
2728,1
2729,1
2730,1
2731,1
2732,1
2733,1
2734,1
2735,10
2736,4
2737,1
2738,4
2739,4
2740,1
2741,1
2742,1
2743,4
2744,4
2745,1
2746,1
2747,10
2748,1
2749,1
2750,4
2751,1
2752,1
2753,1
2754,4
2755,1
2756,10
2757,4
2758,1
2759,4
2760,1
2761,1
2762,1
2763,1
2764,4
2765,1
2766,1
2767,4
2768,1
2769,1
2770,10
2771,1
2772,1
2773,4
2774,1
2775,1
2776,1
2777,1
2778,4
2779,1
2780,10
2781,4
2782,1
2783,1
2784,1
2785,4
2786,1
2787,1
2788,4
2789,1
2790,4
2791,1
2792,1
2793,10
2794,4
2795,1
2796,1
2797,1
2798,1
2799,1
2800,11
2801,11
2802,4
2803,11
2804,11
2805,11
2806,1
2807,10
2808,11
2809,1
2810,4
2811,11
2812,1
2813,1
2814,11
2815,4
2816,1
2817,4
2818,1
2819,4
2820,11
2821,11
2822,1
2823,1
2824,1
2825,1
2826,11
2827,10
2828,1
2829,1
2830,11
2831,4
2832,11
2833,1
2834,4
2835,4
2836,11
2837,1
2838,1
2839,1
2840,10
2841,11
2842,1
2843,1
2844,4
2845,4
2846,11
2847,1
2848,1
2849,1
2850,1
2851,1
2852,11
2853,1
2854,19
2855,18
2856,18
2857,18
2858,18
2859,18
2860,18
2861,18
2862,19
2863,19
2864,18
2865,19
2866,17
2867,19
2868,17
2869,18
2870,18
2871,18
2872,18
2873,18
2874,19
2875,17
2876,18
2877,18
2878,19
2879,18
2880,18
2881,17
2882,18
2883,18
2884,18
2885,18
2886,17
2887,18
2888,19
2889,19
2890,19
2891,19
2892,18
2893,19
2894,18
2895,17
2896,19
2897,18
2898,19
2899,18
2900,18
2901,19
2902,18
2903,18
2904,17
2905,19
2906,19
2907,18
2908,18
2909,17
2910,18
2911,18
2912,19
2913,19
2914,18
2915,18
2916,18
2917,18
2918,17
2919,19
2920,18
2921,18
2922,18
2923,17
2924,18
2925,18
2926,18
2927,19
2928,18
2929,18
2930,19
2931,19
2932,17
2933,19
2934,19
2935,19
2936,18
2937,17
2938,18
2939,19
2940,18
2941,18
2942,18
2943,18
2944,18
2945,18
2946,19
2947,18
2948,18
2949,19
2950,17
2951,17
2952,17
2953,17
2954,17
2955,19
2956,17
2957,18
2958,17
2959,17
2960,18
2961,19
2962,17
2963,18
2964,17
2965,17
2966,18
2967,18
2968,17
2969,19
2970,19
2971,18
2972,17
2973,19
2974,17
2975,18
2976,18
2977,17
2978,18
2979,19
2980,17
2981,19
2982,18
2983,18
2984,18
2985,17
2986,19
2987,17
2988,19
2989,18
2990,18
2991,17
2992,18
2993,18
2994,18
2995,18
2996,18
2997,19
2998,17
2999,17
3000,17
3001,19
3002,18
3003,19
3004,17
3005,18
3006,18
3007,18
3008,18
3009,17
3010,17
3011,18
3012,18
3013,18
3014,18
3015,17
3016,19
3017,19
3018,18
3019,19
3020,17
3021,19
3022,19
3023,17
3024,19
3025,17
3026,18
3027,18
3028,18
3029,19
3030,18
3031,17
3032,19
3033,18
3034,18
3035,18
3036,17
3037,19
3038,18
3039,17
3040,17
3041,19
3042,17
3043,18
3044,18
3045,19
3046,18
3047,17
3048,19
3049,18
3050,18
3051,17
3052,18
3053,17
3054,18
3055,19
3056,17
3057,17
3058,18
3059,18
3060,18
3061,17
3062,19
3063,18
3064,17
3065,19
3066,19
3067,17
3068,18
3069,17
3070,18
3071,19
3072,17
3073,18
3074,19
3075,19
3076,18
3077,19
3078,18
3079,19
3080,17
3081,18
3082,18
3083,18
3084,17
3085,17
3086,17
3087,19
3088,18
3089,17
3090,19
3091,18
3092,19
3093,18
3094,17
3095,19
3096,17
3097,17
3098,17
3099,17
3100,17
3101,17
3102,17
3103,17
3104,17
3105,17
3106,18
3107,17
3108,18
3109,18
3110,19
3111,17
3112,18
3113,18
3114,18
3115,19
3116,17
3117,17
3118,17
3119,19
3120,17
3121,18
3122,18
3123,19
3124,17
3125,17
3126,18
3127,17
3128,17
3129,17
3130,17
3131,17
3132,17
3133,19
3134,19
3135,17
3136,18
3137,17
3138,18
3139,18
3140,17
3141,17
3142,19
3143,17
3144,19
3145,19
3146,17
3147,17
3148,17
3149,18
3150,18
3151,17
3152,19
3153,19
3154,17
3155,19
3156,18
3157,18
3158,18
3159,18
3160,17
3161,18
3162,19
3163,17
3164,17
3165,17
3166,18
3167,17
3168,18
3169,19
3170,17
3171,18
3172,17
3173,17
3174,19
3175,17
3176,19
3177,17
3178,17
3179,18
3180,18
3181,17
3182,19
3183,18
3184,18
3185,17
3186,17
3187,19
3188,17
3189,18
3190,17
3191,17
3192,17
3193,18
3194,18
3195,17
3196,18
3197,18
3198,17
3199,17
3200,19
3201,18
3202,18
3203,19
3204,19
3205,19
3206,17
3207,17
3208,17
3209,19
3210,17
3211,19
3212,18
3213,19
3214,18
3215,17
3216,18
3217,18
3218,18
3219,17
3220,19
3221,17
3222,17
3223,17
3224,17
3225,18
3226,19
3227,19
3228,19
3229,18
3230,17
3231,17
3232,17
3233,17
3234,17
3235,18
3236,18
3237,17
3238,19
3239,17
3240,17
3241,18
3242,17
3243,18
3244,17
3245,18
3246,17
3247,17
3248,17
3249,18
3250,17
3251,17
3252,19
3253,17
3254,17
3255,18
3256,18
3257,17
3258,18
3259,17
3260,17
3261,17
3262,17
3263,17
3264,19
3265,19
3266,17
3267,17
3268,17
3269,17
3270,17
3271,19
3272,18
3273,19
3274,17
3275,17
3276,19
3277,17
3278,17
3279,19
3280,17
3281,19
3282,18
3283,17
3284,17
3285,17
3286,17
3287,18
3288,19
3289,19
3290,17
3291,17
3292,18
3293,18
3294,18
3295,19
3296,18
3297,17
3298,18
3299,17
3300,17
3301,17
3302,17
3303,17
3304,18
3305,18
3306,17
3307,17
3308,19
3309,17
3310,17
3311,19
3312,17
3313,17
3314,18
3315,17
3316,19
3317,18
3318,17
3319,17
3320,18
3321,18
3322,19
3323,17
3324,17
3325,17
3326,17
3327,17
3328,17
3329,18
3330,17
3331,17
3332,18
3333,18
3334,17
3335,19
3336,17
3337,19
3338,18
3339,19
3340,17
3341,19
3342,18
3343,19
3344,19
3345,17
3346,19
3347,17
3348,17
3349,17
3350,18
3351,18
3352,18
3353,19
3354,18
3355,17
3356,18
3357,17
3358,17
3359,17
3360,17
3361,17
3362,17
3363,19
3364,19
3365,17
3366,19
3367,18
3368,17
3369,17
3370,17
3371,17
3372,19
3373,18
3374,17
3375,18
3376,17
3377,17
3378,18
3379,17
3380,18
3381,17
3382,18
3383,19
3384,17
3385,18
3386,17
3387,17
3388,18
3389,17
3390,17
3391,17
3392,17
3393,17
3394,17
3395,17
3396,19
3397,17
3398,17
3399,18
3400,17
3401,17
3402,17
3403,17
3404,19
3405,19
3406,17
3407,19
3408,17
3409,17
3410,18
3411,19
3412,17
3413,17
3414,19
3415,17
3416,17
3417,17
3418,17
3419,17
3420,17
3421,19
3422,18
3423,17
3424,19
3425,18
3426,17
3427,17
3428,18
3429,17
3430,19
3431,17
3432,18
3433,18
3434,17
3435,18
3436,17
3437,17
3438,17
3439,17
3440,18
3441,18
3442,17
3443,19
3444,17
3445,17
3446,17
3447,17
3448,19
3449,20
3450,17
3451,18
3452,17
3453,18
3454,17
3455,17
3456,17
3457,17
3458,19
3459,17
3460,20
3461,17
3462,17
3463,17
3464,20
3465,17
3466,17
3467,18
3468,17
3469,18
3470,18
3471,20
3472,19
3473,18
3474,17
3475,17
3476,19
3477,19
3478,18
3479,19
3480,18
3481,19
3482,20
3483,19
3484,17
3485,17
3486,17
3487,17
3488,18
3489,17
3490,19
3491,17
3492,17
3493,18
3494,19
3495,17
3496,18
3497,17
3498,20
3499,17
3500,17
3501,17
3502,19
3503,19
3504,18
3505,20
3506,17
3507,18
3508,17
3509,17
3510,20
3511,19
3512,17
3513,18
3514,18
3515,17
3516,17
3517,17
3518,18
3519,17
3520,20
3521,18
3522,17
3523,18
3524,17
3525,17
3526,17
3527,20
3528,18
3529,17
3530,17
3531,18
3532,18
3533,20
3534,20
3535,20
3536,20
3537,19
3538,19
3539,17
3540,20
3541,20
3542,20
3543,19
3544,19
3545,17
3546,20
3547,17
3548,18
3549,20
3550,20
3551,19
3552,17
3553,20
3554,19
3555,20
3556,17
3557,17
3558,17
3559,17
3560,20
3561,18
3562,18
3563,17
3564,20
3565,19
3566,17
3567,20
3568,18
3569,20
3570,19
3571,18
3572,18
3573,17
3574,20
3575,17
3576,17
3577,17
3578,20
3579,20
3580,18
3581,18
3582,17
3583,19
3584,17
3585,20
3586,17
3587,18
3588,20
3589,20
3590,20
3591,18
3592,17
3593,17
3594,18
3595,20
3596,17
3597,19
3598,17
3599,20
3600,20
3601,17
3602,17
3603,20
3604,20
3605,17
3606,17
3607,17
3608,17
3609,19
3610,20
3611,20
3612,18
3613,19
3614,19
3615,18
3616,18
3617,18
3618,18
3619,19
3620,19
3621,20
3622,18
3623,20
3624,17
3625,20
3626,20
3627,17
3628,19
3629,18
3630,17
3631,19
3632,17
3633,17
3634,17
3635,17
3636,17
3637,20
3638,20
3639,20
3640,17
3641,19
3642,18
3643,20
3644,19
3645,18
3646,17
3647,17
3648,20
3649,20
3650,20
3651,20
3652,19
3653,17
3654,17
3655,18
3656,18
3657,20
3658,17
3659,17
3660,18
3661,20
3662,18
3663,18
3664,17
3665,20
3666,17
3667,17
3668,17
3669,20
3670,17
3671,18
3672,20
3673,20
3674,18
3675,19
3676,19
3677,20
3678,20
3679,20
3680,20
3681,17
3682,19
3683,20
3684,19
3685,17
3686,20
3687,20
3688,20
3689,17
3690,20
3691,20
3692,20
3693,20
3694,19
3695,19
3696,17
3697,20
3698,17
3699,20
3700,17
3701,18
3702,20
3703,18
3704,20
3705,17
3706,20
3707,19
3708,19
3709,18
3710,20
3711,20
3712,20
3713,18
3714,18
3715,17
3716,20
3717,17
3718,20
3719,20
3720,17
3721,17
3722,20
3723,20
3724,18
3725,18
3726,19
3727,20
3728,20
3729,20
3730,18
3731,20
3732,20
3733,17
3734,17
3735,20
3736,18
3737,20
3738,17
3739,17
3740,20
3741,18
3742,20
3743,17
3744,20
3745,20
3746,20
3747,20
3748,17
3749,20
3750,17
3751,19
3752,19
3753,19
3754,18
3755,20
3756,20
3757,18
3758,18
3759,20
3760,20
3761,19
3762,18
3763,18
3764,19
3765,17
3766,20
3767,20
3768,17
3769,17
3770,17
3771,20
3772,19
3773,20
3774,18
3775,20
3776,18
3777,20
3778,17
3779,17
3780,20
3781,17
3782,20
3783,19
3784,18
3785,20
3786,18
3787,20
3788,20
3789,20
3790,18
3791,17
3792,20
3793,20
3794,17
3795,20
3796,18
3797,17
3798,17
3799,19
3800,17
3801,18
3802,20
3803,20
3804,20
3805,17
3806,20
3807,17
3808,18
3809,20
3810,17
3811,20
3812,18
3813,17
3814,20
3815,20
3816,18
3817,20
3818,20
3819,20
3820,20
3821,20
3822,20
3823,19
3824,19
3825,18
3826,17
3827,20
3828,20
3829,20
3830,19
3831,20
3832,19
3833,20
3834,20
3835,17
3836,20
3837,20
3838,19
3839,20
3840,17
3841,19
3842,20
3843,17
3844,20
3845,17
3846,20
3847,20
3848,20
3849,18
3850,18
3851,20
3852,19
3853,20
3854,20
3855,18
3856,17
3857,20
3858,17
3859,17
3860,18
3861,20
3862,20
3863,20
3864,20
3865,20
3866,17
3867,20
3868,20
3869,18
3870,19
3871,18
3872,20
3873,20
3874,20
3875,20
3876,17
3877,18
3878,20
3879,17
3880,17
3881,20
3882,17
3883,20
3884,20
3885,20
3886,18
3887,20
3888,18
3889,19
3890,20
3891,20
3892,20
3893,20
3894,17
3895,20
3896,20
3897,19
3898,19
3899,20
3900,17
3901,17
3902,19
3903,20
3904,20
3905,18
3906,20
3907,19
3908,20
3909,20
3910,18
3911,17
3912,18
3913,19
3914,17
3915,20
3916,17
3917,19
3918,20
3919,17
3920,20
3921,17
3922,18
3923,20
3924,20
3925,18
3926,20
3927,20
3928,20
3929,19
3930,20
3931,18
3932,20
3933,18
3934,20
3935,17
3936,20
3937,18
3938,20
3939,20
3940,20
3941,20
3942,20
3943,17
3944,17
3945,19
3946,17
3947,18
3948,20
3949,17
3950,17
3951,20
3952,20
3953,20
3954,20
3955,20
3956,17
3957,20
3958,20
3959,20
3960,17
3961,20
3962,20
3963,20
3964,17
3965,20
3966,18
3967,20
3968,20
3969,20
3970,20
3971,20
3972,20
3973,18
3974,20
3975,19
3976,19
3977,20
3978,20
3979,18
3980,19
3981,20
3982,19
3983,17
3984,20
3985,17
3986,18
3987,20
3988,20
3989,17
3990,20
3991,20
3992,19
3993,20
3994,20
3995,20
3996,18
3997,20
3998,20
3999,20
4000,20
4001,20
4002,18
4003,18
4004,20
4005,19
4006,17
4007,17
4008,17
4009,18
4010,20
4011,20
4012,17
4013,20
4014,20
4015,17
4016,20
4017,20
4018,19
4019,17
4020,20
4021,17
4022,20
4023,20
4024,20
4025,18
4026,20
4027,20
4028,17
4029,20
4030,17
4031,18
4032,20
4033,20
4034,20
4035,20
4036,18
4037,20
4038,20
4039,19
4040,20
4041,18
4042,17
4043,20
4044,20
4045,20
4046,20
4047,17
4048,17
4049,19
4050,20
4051,20
4052,20
4053,19
4054,20
4055,20
4056,20
4057,19
4058,17
4059,18
4060,20
4061,19
4062,17
4063,20
4064,20
4065,18
4066,18
4067,17
4068,19
4069,17
4070,19
4071,20
4072,20
4073,20
4074,17
4075,20
4076,18
4077,20
4078,20
4079,20
4080,20
4081,19
4082,16
4083,17
4084,16
4085,16
4086,16
4087,20
4088,16
4089,20
4090,18
4091,20
4092,16
4093,18
4094,20
4095,16
4096,20
4097,17
4098,16
4099,20
4100,16
4101,20
4102,20
4103,16
4104,20
4105,20
4106,17
4107,16
4108,20
4109,19
4110,17
4111,17
4112,17
4113,20
4114,16
4115,20
4116,18
4117,20
4118,16
4119,17
4120,17
4121,16
4122,20
4123,20
4124,18
4125,16
4126,20
4127,20
4128,16
4129,20
4130,20
4131,20
4132,17
4133,19
4134,20
4135,18
4136,17
4137,20
4138,16
4139,20
4140,19
4141,20
4142,18
4143,19
4144,16
4145,20
4146,18
4147,20
4148,19
4149,16
4150,20
4151,20
4152,20
4153,17
4154,18
4155,16
4156,17
4157,20
4158,17
4159,17
4160,18
4161,19
4162,20
4163,20
4164,16
4165,19
4166,17
4167,18
4168,17
4169,20
4170,20
4171,20
4172,16
4173,20
4174,20
4175,16
4176,20
4177,20
4178,17
4179,16
4180,19
4181,17
4182,18
4183,20
4184,16
4185,20
4186,16
4187,18
4188,20
4189,20
4190,20
4191,16
4192,17
4193,20
4194,16
4195,19
4196,20
4197,16
4198,20
4199,18
4200,16
4201,20
4202,16
4203,16
4204,16
4205,20
4206,16
4207,20
4208,16
4209,17
4210,16
4211,16
4212,16
4213,20
4214,17
4215,16
4216,17
4217,20
4218,16
4219,20
4220,18
4221,20
4222,19
4223,16
4224,20
4225,16
4226,17
4227,18
4228,17
4229,16
4230,19
4231,17
4232,16
4233,16
4234,18
4235,19
4236,18
4237,16
4238,20
4239,16
4240,19
4241,17
4242,16
4243,20
4244,20
4245,20
4246,20
4247,16
4248,18
4249,16
4250,16
4251,20
4252,20
4253,20
4254,16
4255,19
4256,16
4257,20
4258,16
4259,20
4260,16
4261,16
4262,18
4263,18
4264,16
4265,17
4266,20
4267,16
4268,19
4269,16
4270,17
4271,17
4272,20
4273,17
4274,20
4275,16
4276,19
4277,16
4278,17
4279,16
4280,16
4281,20
4282,18
4283,20
4284,16
4285,20
4286,17
4287,16
4288,20
4289,20
4290,16
4291,20
4292,16
4293,17
4294,16
4295,20
4296,16
4297,19
4298,17
4299,16
4300,20
4301,20
4302,16
4303,18
4304,18
4305,16
4306,18
4307,20
4308,16
4309,16
4310,18
4311,16
4312,16
4313,16
4314,16
4315,18
4316,16
4317,16
4318,20
4319,16
4320,16
4321,19
4322,16
4323,20
4324,16
4325,20
4326,16
4327,17
4328,17
4329,16
4330,18
4331,20
4332,16
4333,20
4334,16
4335,17
4336,17
4337,16
4338,16
4339,16
4340,17
4341,17
4342,19
4343,20
4344,20
4345,19
4346,16
4347,16
4348,18
4349,20
4350,16
4351,16
4352,16
4353,16
4354,16
4355,17
4356,16
4357,16
4358,19
4359,20
4360,20
4361,16
4362,20
4363,20
4364,20
4365,16
4366,18
4367,16
4368,16
4369,16
4370,20
4371,16
4372,17
4373,16
4374,20
4375,17
4376,16
4377,16
4378,16
4379,19
4380,19
4381,20
4382,16
4383,20
4384,17
4385,16
4386,18
4387,16
4388,20
4389,20
4390,17
4391,16
4392,16
4393,16
4394,16
4395,16
4396,16
4397,16
4398,16
4399,16
4400,20
4401,16
4402,16
4403,16
4404,20
4405,16
4406,17
4407,20
4408,16
4409,16
4410,18
4411,17
4412,16
4413,16
4414,20
4415,18
4416,16
4417,18
4418,16
4419,16
4420,16
4421,20
4422,20
4423,16
4424,18
4425,16
4426,16
4427,17
4428,16
4429,19
4430,16
4431,18
4432,17
4433,20
4434,16
4435,16
4436,16
4437,18
4438,16
4439,16
4440,16
4441,16
4442,16
4443,18
4444,20
4445,16
4446,16
4447,16
4448,16
4449,16
4450,16
4451,16
4452,16
4453,20
4454,16
4455,16
4456,16
4457,16
4458,16
4459,16
4460,20
4461,19
4462,16
4463,20
4464,16
4465,16
4466,16
4467,20
4468,17
4469,17
4470,17
4471,16
4472,16
4473,16
4474,16
4475,18
4476,16
4477,16
4478,16
4479,20
4480,20
4481,17
4482,16
4483,19
4484,16
4485,20
4486,16
4487,16
4488,16
4489,16
4490,16
4491,16
4492,16
4493,16
4494,16
4495,16
4496,16
4497,16
4498,16
4499,20
4500,16
4501,16
4502,16
4503,19
4504,16
4505,16
4506,16
4507,16
4508,17
4509,16
4510,16
4511,16
4512,16
4513,18
4514,16
4515,16
4516,16
4517,16
4518,16
4519,16
4520,16
4521,16
4522,20
4523,16
4524,20
4525,16
4526,16
4527,16
4528,16
4529,16
4530,16
4531,16
4532,16
4533,16
4534,20
4535,17
4536,16
4537,16
4538,16
4539,16
4540,16
4541,16
4542,16
4543,20
4544,16
4545,20
4546,16
4547,16
4548,16
4549,16
4550,16
4551,16
4552,16
4553,16
4554,16
4555,17
4556,16
4557,16
4558,16
4559,16
4560,16
4561,16
4562,16
4563,16
4564,16
4565,16
4566,16
4567,16
4568,16
4569,16
4570,16
4571,16
4572,16
4573,16
4574,16
4575,16
4576,16
4577,19
4578,16
4579,16
4580,16
4581,16
4582,16
4583,16
4584,16
4585,16
4586,16
4587,16
4588,17
4589,16
4590,16
4591,16
4592,16
4593,16
4594,16
4595,16
4596,16
4597,16
4598,16
4599,19
4600,16
4601,16
4602,20
4603,18
4604,16
4605,16
4606,16
4607,18
4608,20
4609,16
4610,16
4611,18
4612,16
4613,20
4614,20
4615,16
4616,16
4617,18
4618,16
4619,16
4620,20
4621,16
4622,16
4623,16
4624,16
4625,18
4626,16
4627,20
4628,20
4629,20
4630,17
4631,16
4632,17
4633,16
4634,16
4635,18
4636,16
4637,17
4638,16
4639,16
4640,16
4641,20
4642,18
4643,19
4644,20
4645,16
4646,16
4647,16
4648,16
4649,16
4650,17
4651,18
4652,16
4653,16
4654,16
4655,16
4656,16
4657,20
4658,20
4659,19
4660,20
4661,16
4662,16
4663,17
4664,16
4665,20
4666,16
4667,17
4668,17
4669,16
4670,16
4671,20
4672,20
4673,16
4674,16
4675,20
4676,16
4677,20
4678,20
4679,19
4680,16
4681,19
4682,17
4683,16
4684,20
4685,17
4686,20
4687,16
4688,20
4689,16
4690,16
4691,17
4692,16
4693,20
4694,20
4695,18
4696,18
4697,16
4698,18
4699,17
4700,16
4701,17
4702,16
4703,18
4704,19
4705,18
4706,20
4707,16
4708,16
4709,16
4710,18
4711,20
4712,16
4713,19
4714,20
4715,20
4716,18
4717,20
4718,16
4719,16
4720,20
4721,16
4722,17
4723,20
4724,17
4725,18
4726,20
4727,17
4728,20
4729,16
4730,19
4731,16
4732,16
4733,16
4734,20
4735,16
4736,18
4737,20
4738,17
4739,20
4740,16
4741,17
4742,16
4743,17
4744,16
4745,20
4746,20
4747,16
4748,20
4749,20
4750,16
4751,20
4752,17
4753,16
4754,18
4755,20
4756,19
4757,16
4758,20
4759,18
4760,18
4761,20
4762,18
4763,16
4764,16
4765,18
4766,17
4767,20
4768,18
4769,16
4770,18
4771,17
4772,20
4773,16
4774,16
4775,20
4776,16
4777,19
4778,18
4779,17
4780,16
4781,20
4782,20
4783,20
4784,16
4785,16
4786,20
4787,16
4788,16
4789,17
4790,17
4791,18
4792,20
4793,19
4794,17
4795,20
4796,16
4797,16
4798,20
4799,20
4800,16
4801,19
4802,17
4803,18
4804,16
4805,16
4806,17
4807,20
4808,16
4809,20
4810,20
4811,16
4812,20
4813,16
4814,17
4815,18
4816,20
4817,18
4818,20
4819,18
4820,18
4821,19
4822,17
4823,16
4824,20
4825,20
4826,16
4827,16
4828,18
4829,20
4830,19
4831,17
4832,16
4833,17
4834,20
4835,16
4836,18
4837,17
4838,16
4839,16
4840,20
4841,20
4842,19
4843,16
4844,20
4845,20
4846,20
4847,17
4848,20
4849,17
4850,20
4851,18
4852,16
4853,16
4854,16
4855,16
4856,20
4857,16
4858,19
4859,17
4860,18
4861,20
4862,19
4863,20
4864,20
4865,18
4866,18
4867,20
4868,16
4869,20
4870,18
4871,17
4872,16
4873,16
4874,17
4875,20
4876,16
4877,16
4878,18
4879,17
4880,20
4881,17
4882,19
4883,18
4884,20
4885,16
4886,17
4887,20
4888,17
4889,16
4890,16
4891,20
4892,16
4893,16
4894,19
4895,18
4896,20
4897,20
4898,16
4899,17
4900,20
4901,20
4902,20
4903,19
4904,18
4905,16
4906,16
4907,20
4908,16
4909,17
4910,16
4911,16
4912,20
4913,18
4914,17
4915,18
4916,20
4917,20
4918,17
4919,18
4920,20
4921,18
4922,19
4923,16
4924,20
4925,17
4926,17
4927,19
4928,18
4929,16
4930,20
4931,16
4932,17
4933,16
4934,20
4935,18
4936,16
4937,20
4938,16
4939,19
4940,20
4941,17
4942,20
4943,16
4944,18
4945,20
4946,17
4947,16
4948,20
4949,20
4950,16
4951,19
4952,16
4953,20
4954,18
4955,19
4956,16
4957,17
4958,17
4959,18
4960,16
4961,17
4962,18
4963,17
4964,16
4965,20
4966,20
4967,20
4968,18
4969,16
4970,17
4971,20
4972,20
4973,18
4974,18
4975,16
4976,17
4977,16
4978,16
4979,19
4980,20
4981,16
4982,19
4983,20
4984,20
4985,18
4986,17
4987,16
4988,20
4989,19
4990,16
4991,20
4992,16
4993,20
4994,18
4995,20
4996,20
4997,17
4998,16
4999,17
5000,20
5001,17
5002,16
5003,17
5004,18
5005,19
5006,17
5007,18
5008,20
5009,20
5010,16
5011,16
5012,19
5013,18
5014,17
5015,16
5016,20
5017,17
5018,18
5019,20
5020,16
5021,20
5022,16
5023,16
5024,18
5025,20
5026,20
5027,18
5028,16
5029,20
5030,16
5031,19
5032,20
5033,19
5034,20
5035,16
5036,16
5037,17
5038,18
5039,17
5040,17
5041,18
5042,16
5043,20
5044,17
5045,20
5046,17
5047,20
5048,17
5049,18
5050,16
5051,17
5052,20
5053,16
5054,16
5055,18
5056,18
5057,20
5058,20
5059,19
5060,19
5061,20
5062,16
5063,18
5064,20
5065,20
5066,16
5067,16
5068,18
5069,20
5070,20
5071,18
5072,16
5073,17
5074,17
5075,17
5076,17
5077,20
5078,20
5079,17
5080,16
5081,17
5082,19
5083,20
5084,16
5085,16
5086,18
5087,19
5088,20
5089,17
5090,16
5091,20
5092,18
5093,20
5094,16
5095,18
5096,20
5097,16
5098,18
5099,16
5100,20
5101,16
5102,20
5103,18
5104,20
5105,19
5106,18
5107,16
5108,17
5109,17
5110,20
5111,17
5112,17
5113,18
5114,16
5115,20
5116,18
5117,17
5118,16
5119,16
5120,20
5121,20
5122,17
5123,20
5124,20
5125,17
5126,20
5127,18
5128,16
5129,19
5130,20
5131,18
5132,18
5133,16
5134,16
5135,19
5136,16
5137,20
5138,18
5139,20
5140,18
5141,17
5142,17
5143,17
5144,20
5145,20
5146,17
5147,20
5148,16
5149,20
5150,16
5151,17
5152,16
5153,16
5154,20
5155,18
5156,18
5157,19
5158,17
5159,20
5160,18
5161,20
5162,17
5163,16
5164,20
5165,18
5166,16
5167,16
5168,16
5169,17
5170,16
5171,20
5172,20
5173,17
5174,20
5175,19
5176,18
5177,17
5178,20
5179,20
5180,17
5181,19
5182,18
5183,20
5184,18
5185,20
5186,17
5187,16
5188,20
5189,16
5190,16
5191,16
5192,17
5193,18
5194,18
5195,17
5196,18
5197,19
5198,16
5199,20
5200,20
5201,20
5202,20
5203,20
5204,17
5205,20
5206,18
5207,16
5208,17
5209,20
5210,17
5211,20
5212,16
5213,16
5214,17
5215,16
5216,18
5217,17
5218,18
5219,19
5220,18
5221,16
5222,17
5223,19
5224,16
5225,20
5226,20
5227,20
5228,16
5229,20
5230,20
5231,20
5232,18
5233,20
5234,20
5235,17
5236,20
5237,18
5238,17
5239,18
5240,16
5241,17
5242,19
5243,17
5244,18
5245,16
5246,16
5247,17
5248,16
5249,20
5250,20
5251,20
5252,18
5253,20
5254,20
5255,16
5256,17
5257,18
5258,20
5259,18
5260,19
5261,20
5262,16
5263,20
5264,17
5265,18
5266,16
5267,19
5268,17
5269,16
5270,16
5271,20
5272,17
5273,20
5274,17
5275,20
5276,18
5277,18
5278,20
5279,18
5280,17
5281,16
5282,20
5283,19
5284,20
5285,16
5286,20
5287,17
5288,17
5289,16
5290,20
5291,20
5292,18
5293,18
5294,20
5295,17
5296,16
5297,17
5298,20
5299,19
5300,18
5301,20
5302,17
5303,16
5304,20
5305,17
5306,19
5307,20
5308,16
5309,17
5310,16
5311,18
5312,20
5313,16
5314,18
5315,18
5316,20
5317,20
5318,17
5319,17
5320,20
5321,16
5322,19
5323,20
5324,20
5325,16
5326,16
5327,17
5328,20
5329,18
5330,17
5331,18
5332,18
5333,20
5334,16
5335,19
5336,16
5337,16
5338,20
5339,17
5340,17
5341,20
5342,20
5343,16
5344,19
5345,20
5346,18
5347,18
5348,17
5349,20
5350,18
5351,17
5352,20
5353,16
5354,16
5355,20
5356,17
5357,16
5358,17
5359,19
5360,20
5361,16
5362,20
5363,18
5364,17
5365,18
5366,17
5367,20
5368,20
5369,17
5370,16
5371,16
5372,18
5373,20
5374,17
5375,20
5376,16
5377,18
5378,20
5379,16
5380,18
5381,17
5382,19
5383,20
5384,16
5385,17
5386,18
5387,17
5388,20
5389,16
5390,20
5391,17
5392,20
5393,19
5394,17
5395,18
5396,20
5397,16
5398,16
5399,17
5400,18
5401,20
5402,20
5403,17
5404,16
5405,16
5406,18
5407,20
5408,20
5409,18
5410,20
5411,17
5412,16
5413,18
5414,17
5415,16
5416,20
5417,20
5418,19
5419,18
5420,17
5421,16
5422,16
5423,20
5424,17
5425,20
5426,17
5427,18
5428,16
5429,18
5430,17
5431,20
5432,18
5433,20
5434,16
5435,20
5436,20
5437,17
5438,18
5439,16
5440,18
5441,20
5442,17
5443,16
5444,18
5445,17
5446,20
5447,20
5448,20
5449,16
5450,18
5451,19
5452,17
5453,17
5454,20
5455,17
5456,16
5457,18
5458,20
5459,20
5460,16
5461,18
5462,18
5463,20
5464,17
5465,20
5466,17
5467,16
5468,18
5469,16
5470,17
5471,16
5472,18
5473,20
5474,18
5475,20
5476,16
5477,20
5478,17
5479,17
5480,17
5481,18
5482,20
5483,16
5484,18
5485,16
5486,19
5487,20
5488,20
5489,16
5490,18
5491,17
5492,20
5493,17
5494,18
5495,20
5496,16
5497,17
5498,20
5499,20
5500,16
5501,18
5502,18
5503,17
5504,17
5505,20
5506,16
5507,20
5508,20
5509,17
5510,18
5511,16
5512,18
5513,16
5514,16
5515,19
5516,20
5517,20
5518,20
5519,17
5520,17
5521,18
5522,16
5523,17
5524,18
5525,20
5526,20
5527,20
5528,16
5529,20
5530,16
5531,18
5532,17
5533,18
5534,17
5535,16
5536,20
5537,20
5538,20
5539,17
5540,18
5541,16
5542,17
5543,16
5544,17
5545,20
5546,18
5547,20
5548,18
5549,20
5550,17
5551,20
5552,16
5553,18
5554,17
5555,20
5556,16
5557,18
5558,20
5559,17
5560,16
5561,18
5562,20
5563,20
5564,17
5565,17
5566,20
5567,18
5568,17
5569,16
5570,20
5571,16
5572,16
5573,20
5574,17
5575,20
5576,18
5577,18
5578,17
5579,20
5580,16
5581,18
5582,20
5583,18
5584,17
5585,16
5586,20
5587,20
5588,18
5589,16
5590,20
5591,17
5592,17
5593,20
5594,18
5595,20
5596,20
5597,16
5598,17
5599,17
5600,18
5601,16
5602,20
5603,16
5604,18
5605,20
5606,17
5607,18
5608,20
5609,18
5610,20
5611,20
5612,18
5613,17
5614,16
5615,17
5616,20
5617,16
5618,20
5619,16
5620,18
5621,17
5622,17
5623,20
5624,20
5625,18
5626,16
5627,20
5628,17
5629,20
5630,18
5631,16
5632,18
5633,16
5634,18
5635,20
5636,20
5637,17
5638,17
5639,18
5640,20
5641,20
5642,17
5643,16
5644,18
5645,17
5646,16
5647,16
5648,20
5649,20
5650,18
5651,17
5652,20
5653,17
5654,20
5655,18
5656,17
5657,20
5658,18
5659,16
5660,16
5661,17
5662,20
5663,16
5664,17
5665,18
5666,20
5667,17
5668,18
5669,20
5670,20
5671,17
5672,18
5673,16
5674,20
5675,16
5676,16
5677,17
5678,17
5679,20
5680,18
5681,17
5682,20
5683,20
5684,18
5685,20
5686,18
5687,17
5688,20
5689,16
5690,16
5691,16
5692,18
5693,17
5694,20
5695,18
5696,20
5697,17
5698,17
5699,20
5700,20
5701,16
5702,20
5703,17
5704,18
5705,16
5706,16
5707,20
5708,18
5709,17
5710,18
5711,20
5712,17
5713,18
5714,20
5715,17
5716,20
5717,20
5718,16
5719,16
5720,16
5721,17
5722,20
5723,17
5724,20
5725,18
5726,20
5727,17
5728,18
5729,20
5730,18
5731,17
5732,16
5733,20
5734,16
5735,16
5736,18
5737,20
5738,17
5739,20
5740,17
5741,20
5742,17
5743,20
5744,16
5745,20
5746,17
5747,16
5748,20
5749,18
5750,16
5751,17
5752,18
5753,18
5754,20
5755,18
5756,20
5757,17
5758,20
5759,17
5760,20
5761,16
5762,20
5763,17
5764,16
5765,16
5766,17
5767,20
5768,18
5769,20
5770,18
5771,18
5772,20
5773,16
5774,18
5775,20
5776,20
5777,16
5778,17
5779,20
5780,16
5781,17
5782,17
5783,17
5784,20
5785,16
5786,20
5787,20
5788,16
5789,18
5790,20
5791,18
5792,16
5793,20
5794,20
5795,18
5796,17
5797,17
5798,17
5799,17
5800,17
5801,20
5802,16
5803,20
5804,20
5805,16
5806,20
5807,16
5808,20
5809,18
5810,18
5811,18
5812,17
5813,17
5814,16
5815,17
5816,17
5817,17
5818,16
5819,20
5820,20
5821,16
5822,20
5823,20
5824,20
5825,18
5826,18
5827,18
5828,17
5829,16
5830,17
5831,17
5832,17
5833,16
5834,20
5835,20
5836,20
5837,20
5838,20
5839,20
5840,16
5841,16
5842,18
5843,18
5844,17
5845,17
5846,17
5847,16
5848,17
5849,17
5850,20
5851,20
5852,20
5853,20
5854,20
5855,16
5856,16
5857,16
5858,20
5859,20
5860,17
5861,17
5862,17
5863,20
5864,17
5865,18
5866,17
5867,20
5868,20
5869,18
5870,16
5871,16
5872,20
5873,20
5874,20
5875,20
5876,20
5877,17
5878,17
5879,17
5880,17
5881,17
5882,18
5883,16
5884,18
5885,16
5886,16
5887,20
5888,20
5889,20
5890,20
5891,20
5892,17
5893,17
5894,17
5895,17
5896,16
5897,18
5898,18
5899,16
5900,20
5901,20
5902,20
5903,20
5904,16
5905,20
5906,17
5907,17
5908,17
5909,17
5910,16
5911,17
5912,18
5913,16
5914,20
5915,16
5916,20
5917,20
5918,20
5919,20
5920,16
5921,17
5922,17
5923,17
5924,16
5925,17
5926,18
5927,20
5928,20
5929,20
5930,16
5931,20
5932,20
5933,17
5934,16
5935,17
5936,17
5937,20
5938,17
5939,18
5940,20
5941,16
5942,20
5943,20
5944,16
5945,20
5946,17
5947,16
5948,17
5949,17
5950,20
5951,17
5952,18
5953,20
5954,16
5955,20
5956,20
5957,16
5958,20
5959,17
5960,20
5961,17
5962,16
5963,17
5964,20
5965,17
5966,20
5967,16
5968,20
5969,20
5970,16
5971,17
5972,16
5973,17
5974,20
5975,17
5976,20
5977,16
5978,17
5979,20
5980,16
5981,20
5982,17
5983,20
5984,17
5985,16
5986,20
5987,17
5988,17
5989,20
5990,16
5991,20
5992,20
5993,20
5994,16
5995,17
5996,20
5997,17
5998,16
5999,20
6000,17
6001,20
6002,16
6003,20
6004,20
6005,17
6006,16
6007,17
6008,20
6009,17
6010,20
6011,16
6012,20
6013,20
6014,16
6015,17
6016,20
6017,17
6018,16
6019,20
6020,17
6021,20
6022,20
6023,17
6024,20
6025,16
6026,17
6027,20
6028,17
6029,16
6030,20
6031,20
6032,20
6033,16
6034,17
6035,20
6036,16
6037,17
6038,20
6039,16
6040,20
6041,20
6042,20
6043,17
6044,16
6045,17
6046,20
6047,16
6048,20
6049,16
6050,20
6051,17
6052,20
6053,17
6054,16
6055,20
6056,16
6057,20
6058,17
6059,20
6060,16
6061,17
6062,20
6063,20
6064,20
6065,16
6066,20
6067,17
6068,20
6069,16
6070,16
6071,20
6072,20
6073,17
6074,16
6075,20
6076,16
6077,20
6078,20
6079,17
6080,16
6081,20
6082,20
6083,20
6084,16
6085,20
6086,20
6087,16
6088,20
6089,16
6090,20
6091,20
6092,16
6093,20
6094,20
6095,20
6096,16
6097,20
6098,20
6099,20
6100,16
6101,20
6102,16
6103,20
6104,16
6105,20
6106,16
6107,20
6108,20
6109,16
6110,20
6111,16
6112,16
6113,20
6114,16
6115,16
