Id,bin
1,9
2,9
3,9
4,9
5,9
6,9
7,9
8,9
9,9
10,9
11,9
12,9
13,9
14,9
15,9
16,9
17,9
18,9
19,9
20,9
21,9
22,9
23,9
24,9
25,9
26,9
27,9
28,9
29,9
30,9
31,9
32,9
33,9
34,10
35,10
36,10
37,10
38,10
39,9
40,10
41,10
42,10
43,10
44,10
45,9
46,10
47,10
48,10
49,9
50,10
51,10
52,10
53,9
54,10
55,10
56,9
57,10
58,10
59,9
60,10
61,10
62,9
63,10
64,9
65,10
66,10
67,9
68,10
69,10
70,9
71,10
72,9
73,10
74,10
75,9
76,10
77,9
78,10
79,10
80,9
81,24
82,24
83,24
84,24
85,24
86,24
87,10
88,24
89,24
90,24
91,9
92,24
93,10
94,24
95,24
96,24
97,10
98,9
99,24
100,24
101,24
102,10
103,24
104,9
105,24
106,10
107,24
108,9
109,24
110,10
111,24
112,24
113,10
114,9
115,24
116,24
117,10
118,9
119,24
120,10
121,24
122,9
123,24
124,10
125,24
126,9
127,10
128,24
129,24
130,10
131,9
132,24
133,10
134,24
135,9
136,24
137,10
138,14
139,14
140,14
141,14
142,14
143,14
144,24
145,14
146,14
147,9
148,14
149,14
150,10
151,24
152,14
153,14
154,14
155,9
156,24
157,14
158,10
159,14
160,14
161,24
162,14
163,10
164,9
165,14
166,24
167,14
168,14
169,10
170,24
171,9
172,14
173,14
174,24
175,10
176,14
177,2
178,14
179,24
180,10
181,14
182,24
183,14
184,2
185,14
186,10
187,24
188,14
189,2
190,14
191,10
192,24
193,14
194,24
195,2
196,10
197,14
198,14
199,24
200,10
201,2
202,14
203,13
204,13
205,13
206,24
207,13
208,13
209,13
210,13
211,14
212,13
213,13
214,2
215,13
216,24
217,13
218,2
219,14
220,13
221,13
222,13
223,14
224,2
225,24
226,13
227,13
228,2
229,14
230,13
231,24
232,13
233,2
234,14
235,13
236,13
237,2
238,24
239,14
240,13
241,2
242,13
243,14
244,24
245,13
246,2
247,13
248,2
249,14
250,13
251,24
252,14
253,13
254,2
255,2
256,13
257,2
258,14
259,13
260,2
261,13
262,2
263,14
264,2
265,13
266,14
267,13
268,2
269,2
270,2
271,13
272,14
273,2
274,13
275,21
276,21
277,2
278,21
279,21
280,21
281,14
282,21
283,2
284,21
285,13
286,21
287,21
288,21
289,2
290,21
291,14
292,13
293,21
294,2
295,21
296,21
297,2
298,13
299,21
300,2
301,14
302,21
303,13
304,21
305,2
306,21
307,14
308,2
309,13
310,21
311,2
312,21
313,2
314,14
315,13
316,21
317,2
318,21
319,13
320,2
321,21
322,14
323,2
324,21
325,13
326,2
327,21
328,14
329,21
330,13
331,2
332,2
333,2
334,21
335,14
336,13
337,21
338,21
339,2
340,13
341,2
342,14
343,2
344,21
345,13
346,21
347,14
348,2
349,2
350,2
351,21
352,13
353,21
354,14
355,15
356,15
357,15
358,15
359,15
360,2
361,15
362,13
363,15
364,15
365,21
366,2
367,15
368,2
369,15
370,14
371,15
372,21
373,13
374,15
375,15
376,2
377,15
378,21
379,15
380,2
381,13
382,14
383,15
384,2
385,21
386,15
387,2
388,15
389,13
390,15
391,21
392,2
393,2
394,15
395,2
396,21
397,15
398,13
399,2
400,15
401,2
402,21
403,15
404,2
405,2
406,15
407,2
408,21
409,2
410,2
411,15
412,2
413,15
414,21
415,2
416,15
417,2
418,2
419,2
420,21
421,2
422,15
423,15
424,21
425,2
426,2
427,2
428,2
429,15
430,21
431,2
432,15
433,2
434,2
435,15
436,2
437,2
438,21
439,15
440,20
441,20
442,20
443,2
444,20
445,20
446,20
447,20
448,21
449,2
450,2
451,20
452,15
453,20
454,20
455,2
456,20
457,2
458,2
459,15
460,20
461,21
462,20
463,2
464,20
465,15
466,20
467,2
468,21
469,20
470,2
471,2
472,20
473,15
474,2
475,20
476,2
477,21
478,20
479,15
480,2
481,20
482,2
483,2
484,20
485,15
486,21
487,2
488,2
489,20
490,2
491,15
492,20
493,2
494,20
495,2
496,15
497,2
498,2
499,20
500,2
501,2
502,2
503,20
504,15
505,20
506,2
507,2
508,2
509,2
510,15
511,20
512,2
513,2
514,20
515,15
516,2
517,2
518,20
519,2
520,2
521,15
522,20
523,2
524,2
525,2
526,2
527,20
528,15
529,2
530,2
531,28
532,20
533,28
534,28
535,28
536,28
537,2
538,28
539,28
540,15
541,28
542,20
543,2
544,28
545,2
546,28
547,2
548,28
549,2
550,28
551,20
552,2
553,2
554,15
555,28
556,28
557,2
558,20
559,28
560,28
561,15
562,2
563,2
564,28
565,2
566,20
567,2
568,28
569,2
570,2
571,28
572,15
573,20
574,2
575,28
576,28
577,2
578,20
579,15
580,2
581,28
582,2
583,2
584,2
585,2
586,28
587,20
588,15
589,28
590,2
591,20
592,28
593,2
594,2
595,2
596,2
597,28
598,15
599,20
600,2
601,28
602,2
603,2
604,20
605,28
606,1
607,2
608,28
609,2
610,2
611,20
612,1
613,28
614,2
615,2
616,2
617,2
618,20
619,28
620,1
621,28
622,2
623,2
624,2
625,20
626,27
627,2
628,27
629,27
630,28
631,27
632,2
633,27
634,27
635,2
636,27
637,1
638,27
639,20
640,27
641,28
642,2
643,27
644,27
645,2
646,27
647,28
648,2
649,2
650,27
651,1
652,1
653,2
654,27
655,27
656,28
657,2
658,2
659,27
660,1
661,27
662,1
663,28
664,2
665,2
666,27
667,2
668,27
669,2
670,1
671,28
672,2
673,27
674,1
675,27
676,28
677,2
678,1
679,2
680,27
681,2
682,2
683,27
684,2
685,28
686,1
687,2
688,27
689,1
690,28
691,27
692,2
693,2
694,1
695,2
696,27
697,1
698,2
699,28
700,2
701,27
702,2
703,27
704,28
705,1
706,2
707,1
708,2
709,27
710,28
711,2
712,2
713,2
714,27
715,1
716,1
717,2
718,2
719,2
720,27
721,28
722,1
723,27
724,1
725,1
726,2
727,2
728,30
729,30
730,30
731,27
732,30
733,30
734,2
735,2
736,30
737,30
738,2
739,30
740,1
741,30
742,1
743,27
744,2
745,30
746,30
747,2
748,30
749,27
750,30
751,2
752,1
753,1
754,2
755,30
756,2
757,2
758,30
759,27
760,30
761,2
762,2
763,1
764,30
765,2
766,27
767,1
768,30
769,2
770,2
771,30
772,27
773,1
774,2
775,2
776,30
777,2
778,1
779,30
780,27
781,2
782,30
783,1
784,2
785,2
786,30
787,27
788,2
789,2
790,1
791,2
792,30
793,1
794,2
795,27
796,30
797,2
798,30
799,1
800,2
801,1
802,27
803,2
804,2
805,30
806,2
807,2
808,30
809,27
810,2
811,1
812,1
813,2
814,2
815,30
816,27
817,30
818,2
819,1
820,2
821,2
822,1
823,2
824,30
825,27
826,2
827,2
828,2
829,30
830,1
831,27
832,1
833,19
834,19
835,19
836,19
837,30
838,19
839,2
840,19
841,2
842,19
843,2
844,19
845,19
846,1
847,2
848,30
849,27
850,2
851,2
852,19
853,19
854,19
855,1
856,2
857,30
858,19
859,27
860,19
861,1
862,2
863,2
864,19
865,30
866,2
867,19
868,2
869,1
870,19
871,27
872,30
873,2
874,19
875,1
876,2
877,2
878,19
879,2
880,30
881,1
882,2
883,19
884,1
885,2
886,19
887,2
888,1
889,30
890,19
891,1
892,19
893,1
894,2
895,30
896,1
897,2
898,2
899,1
900,19
901,2
902,2
903,1
904,19
905,30
906,2
907,19
908,1
909,1
910,1
911,1
912,1
913,19
914,2
915,2
916,2
917,2
918,19
919,1
920,2
921,1
922,1
923,19
924,2
925,1
926,1
927,1
928,19
929,1
930,2
931,1
932,2
933,19
934,1
935,2
936,2
937,1
938,1
939,19
940,2
941,1
942,2
943,8
944,1
945,8
946,8
947,8
948,8
949,1
950,19
951,8
952,8
953,8
954,2
955,8
956,1
957,2
958,19
959,1
960,8
961,1
962,1
963,8
964,8
965,2
966,2
967,1
968,8
969,19
970,8
971,2
972,1
973,1
974,8
975,2
976,19
977,1
978,2
979,8
980,8
981,1
982,2
983,1
984,1
985,19
986,8
987,1
988,8
989,2
990,19
991,2
992,8
993,1
994,1
995,2
996,2
997,8
998,1
999,1
1000,1
1001,2
1002,19
1003,8
1004,2
1005,1
1006,8
1007,19
1008,1
1009,8
1010,1
1011,1
1012,2
1013,1
1014,2
1015,2
1016,8
1017,2
1018,1
1019,19
1020,8
1021,2
1022,1
1023,2
1024,1
1025,19
1026,1
1027,8
1028,1
1029,8
1030,19
1031,1
1032,2
1033,2
1034,2
1035,1
1036,8
1037,1
1038,2
1039,1
1040,1
1041,2
1042,19
1043,8
1044,1
1045,8
1046,2
1047,1
1048,19
1049,1
1050,2
1051,1
1052,8
1053,1
1054,2
1055,2
1056,1
1057,17
1058,17
1059,17
1060,17
1061,19
1062,17
1063,8
1064,2
1065,17
1066,1
1067,17
1068,2
1069,17
1070,17
1071,17
1072,8
1073,1
1074,19
1075,1
1076,1
1077,17
1078,2
1079,17
1080,1
1081,2
1082,17
1083,8
1084,1
1085,17
1086,2
1087,19
1088,17
1089,2
1090,1
1091,2
1092,8
1093,17
1094,1
1095,17
1096,1
1097,2
1098,19
1099,8
1100,1
1101,17
1102,1
1103,2
1104,1
1105,17
1106,8
1107,17
1108,19
1109,2
1110,1
1111,2
1112,17
1113,2
1114,2
1115,1
1116,1
1117,8
1118,1
1119,17
1120,1
1121,19
1122,17
1123,2
1124,2
1125,8
1126,17
1127,1
1128,1
1129,1
1130,19
1131,17
1132,8
1133,2
1134,1
1135,1
1136,2
1137,2
1138,17
1139,2
1140,8
1141,17
1142,1
1143,19
1144,2
1145,1
1146,1
1147,17
1148,2
1149,8
1150,1
1151,19
1152,17
1153,1
1154,1
1155,2
1156,2
1157,1
1158,8
1159,17
1160,1
1161,2
1162,2
1163,1
1164,19
1165,17
1166,8
1167,1
1168,1
1169,17
1170,2
1171,1
1172,1
1173,16
1174,16
1175,16
1176,19
1177,1
1178,16
1179,16
1180,8
1181,16
1182,17
1183,2
1184,16
1185,2
1186,16
1187,1
1188,16
1189,2
1190,16
1191,17
1192,2
1193,16
1194,8
1195,19
1196,16
1197,2
1198,1
1199,1
1200,16
1201,17
1202,1
1203,1
1204,16
1205,1
1206,16
1207,8
1208,2
1209,19
1210,17
1211,16
1212,2
1213,16
1214,2
1215,1
1216,1
1217,16
1218,8
1219,17
1220,1
1221,1
1222,1
1223,16
1224,2
1225,19
1226,1
1227,16
1228,17
1229,2
1230,8
1231,16
1232,1
1233,17
1234,16
1235,2
1236,1
1237,2
1238,19
1239,1
1240,1
1241,2
1242,1
1243,16
1244,8
1245,17
1246,16
1247,1
1248,2
1249,1
1250,19
1251,16
1252,1
1253,8
1254,17
1255,16
1256,2
1257,1
1258,1
1259,2
1260,1
1261,17
1262,16
1263,8
1264,19
1265,2
1266,2
1267,1
1268,1
1269,1
1270,16
1271,17
1272,16
1273,8
1274,2
1275,1
1276,19
1277,1
1278,16
1279,17
1280,1
1281,1
1282,1
1283,1
1284,2
1285,16
1286,8
1287,1
1288,2
1289,17
1290,19
1291,2
1292,16
1293,1
1294,6
1295,6
1296,6
1297,6
1298,1
1299,6
1300,8
1301,1
1302,6
1303,17
1304,16
1305,6
1306,1
1307,2
1308,6
1309,6
1310,19
1311,6
1312,1
1313,16
1314,1
1315,6
1316,17
1317,1
1318,6
1319,8
1320,6
1321,1
1322,2
1323,16
1324,1
1325,2
1326,6
1327,1
1328,6
1329,1
1330,2
1331,1
1332,17
1333,6
1334,16
1335,8
1336,6
1337,2
1338,6
1339,1
1340,1
1341,16
1342,17
1343,1
1344,1
1345,6
1346,1
1347,1
1348,1
1349,8
1350,6
1351,16
1352,1
1353,2
1354,17
1355,6
1356,2
1357,6
1358,1
1359,16
1360,2
1361,1
1362,8
1363,6
1364,17
1365,1
1366,1
1367,1
1368,1
1369,16
1370,2
1371,6
1372,1
1373,1
1374,6
1375,8
1376,1
1377,17
1378,16
1379,1
1380,6
1381,1
1382,6
1383,2
1384,1
1385,16
1386,1
1387,17
1388,2
1389,8
1390,1
1391,1
1392,6
1393,1
1394,1
1395,1
1396,16
1397,1
1398,2
1399,6
1400,17
1401,8
1402,6
1403,1
1404,16
1405,1
1406,1
1407,1
1408,1
1409,6
1410,17
1411,1
1412,1
1413,16
1414,4
1415,8
1416,1
1417,6
1418,1
1419,23
1420,23
1421,23
1422,1
1423,23
1424,23
1425,23
1426,1
1427,1
1428,3
1429,23
1430,1
1431,6
1432,16
1433,23
1434,1
1435,23
1436,1
1437,23
1438,8
1439,23
1440,6
1441,1
1442,23
1443,16
1444,1
1445,3
1446,23
1447,1
1448,6
1449,1
1450,23
1451,1
1452,23
1453,1
1454,16
1455,23
1456,1
1457,1
1458,3
1459,1
1460,6
1461,1
1462,1
1463,3
1464,23
1465,1
1466,23
1467,6
1468,16
1469,1
1470,23
1471,1
1472,1
1473,3
1474,23
1475,1
1476,3
1477,1
1478,6
1479,1
1480,1
1481,23
1482,16
1483,1
1484,23
1485,6
1486,1
1487,1
1488,23
1489,3
1490,3
1491,4
1492,4
1493,16
1494,6
1495,23
1496,4
1497,1
1498,1
1499,1
1500,1
1501,23
1502,1
1503,1
1504,3
1505,6
1506,16
1507,1
1508,1
1509,23
1510,3
1511,23
1512,6
1513,1
1514,16
1515,1
1516,1
1517,3
1518,23
1519,4
1520,3
1521,1
1522,1
1523,6
1524,4
1525,1
1526,23
1527,4
1528,1
1529,16
1530,1
1531,23
1532,1
1533,3
1534,6
1535,1
1536,23
1537,3
1538,1
1539,16
1540,1
1541,1
1542,6
1543,23
1544,1
1545,11
1546,3
1547,11
1548,11
1549,1
1550,11
1551,11
1552,11
1553,1
1554,11
1555,23
1556,11
1557,6
1558,4
1559,16
1560,11
1561,4
1562,3
1563,4
1564,1
1565,1
1566,11
1567,11
1568,1
1569,23
1570,1
1571,4
1572,3
1573,11
1574,6
1575,11
1576,16
1577,11
1578,23
1579,1
1580,1
1581,11
1582,3
1583,1
1584,1
1585,11
1586,6
1587,1
1588,23
1589,3
1590,11
1591,1
1592,3
1593,11
1594,1
1595,1
1596,23
1597,4
1598,4
1599,6
1600,11
1601,4
1602,3
1603,4
1604,11
1605,3
1606,23
1607,3
1608,11
1609,1
1610,1
1611,1
1612,1
1613,6
1614,1
1615,1
1616,11
1617,23
1618,1
1619,11
1620,3
1621,3
1622,3
1623,6
1624,1
1625,11
1626,23
1627,11
1628,1
1629,4
1630,1
1631,4
1632,4
1633,1
1634,23
1635,1
1636,6
1637,3
1638,11
1639,4
1640,3
1641,3
1642,1
1643,1
1644,4
1645,11
1646,23
1647,6
1648,11
1649,3
1650,1
1651,1
1652,1
1653,23
1654,11
1655,3
1656,3
1657,1
1658,1
1659,6
1660,11
1661,4
1662,1
1663,23
1664,4
1665,4
1666,3
1667,1
1668,11
1669,4
1670,3
1671,4
1672,3
1673,6
1674,1
1675,23
1676,3
1677,11
1678,12
1679,12
1680,12
1681,12
1682,12
1683,3
1684,12
1685,1
1686,12
1687,1
1688,12
1689,11
1690,23
1691,12
1692,1
1693,6
1694,1
1695,12
1696,3
1697,12
1698,3
1699,11
1700,12
1701,3
1702,1
1703,4
1704,12
1705,3
1706,4
1707,23
1708,1
1709,4
1710,12
1711,11
1712,6
1713,4
1714,12
1715,4
1716,12
1717,3
1718,23
1719,11
1720,1
1721,12
1722,4
1723,1
1724,3
1725,3
1726,1
1727,12
1728,6
1729,3
1730,11
1731,12
1732,23
1733,1
1734,12
1735,1
1736,3
1737,11
1738,12
1739,3
1740,6
1741,4
1742,4
1743,3
1744,4
1745,12
1746,4
1747,3
1748,3
1749,1
1750,11
1751,1
1752,12
1753,4
1754,1
1755,4
1756,3
1757,1
1758,12
1759,3
1760,23
1761,3
1762,11
1763,12
1764,1
1765,11
1766,3
1767,12
1768,3
1769,3
1770,3
1771,1
1772,1
1773,4
1774,3
1775,12
1776,3
1777,4
1778,4
1779,11
1780,1
1781,1
1782,12
1783,4
1784,3
1785,4
1786,3
1787,11
1788,12
1789,3
1790,3
1791,4
1792,3
1793,3
1794,4
1795,3
1796,12
1797,11
1798,1
1799,1
1800,3
1801,12
1802,1
1803,4
1804,3
1805,4
1806,3
1807,3
1808,1
1809,11
1810,4
1811,12
1812,18
1813,18
1814,18
1815,18
1816,18
1817,3
1818,3
1819,18
1820,4
1821,18
1822,3
1823,4
1824,18
1825,12
1826,18
1827,11
1828,18
1829,3
1830,18
1831,4
1832,1
1833,12
1834,18
1835,3
1836,3
1837,1
1838,4
1839,18
1840,3
1841,11
1842,18
1843,3
1844,3
1845,12
1846,18
1847,3
1848,3
1849,1
1850,18
1851,4
1852,4
1853,12
1854,11
1855,18
1856,3
1857,4
1858,4
1859,18
1860,3
1861,3
1862,3
1863,12
1864,3
1865,3
1866,18
1867,3
1868,4
1869,4
1870,11
1871,1
1872,18
1873,3
1874,12
1875,18
1876,3
1877,3
1878,3
1879,4
1880,4
1881,18
1882,11
1883,12
1884,18
1885,3
1886,3
1887,4
1888,4
1889,1
1890,3
1891,4
1892,18
1893,3
1894,11
1895,12
1896,4
1897,3
1898,3
1899,1
1900,3
1901,18
1902,4
1903,4
1904,18
1905,12
1906,11
1907,3
1908,3
1909,4
1910,3
1911,18
1912,3
1913,12
1914,3
1915,3
1916,18
1917,3
1918,4
1919,11
1920,3
1921,4
1922,4
1923,4
1924,3
1925,18
1926,12
1927,1
1928,3
1929,4
1930,4
1931,3
1932,18
1933,3
1934,11
1935,3
1936,12
1937,18
1938,3
1939,4
1940,4
1941,3
1942,3
1943,25
1944,3
1945,25
1946,18
1947,25
1948,12
1949,11
1950,25
1951,25
1952,3
1953,25
1954,3
1955,25
1956,25
1957,3
1958,4
1959,18
1960,25
1961,4
1962,3
1963,3
1964,4
1965,4
1966,25
1967,12
1968,4
1969,25
1970,3
1971,4
1972,25
1973,18
1974,25
1975,4
1976,3
1977,25
1978,3
1979,12
1980,4
1981,3
1982,18
1983,3
1984,25
1985,3
1986,3
1987,3
1988,3
1989,25
1990,4
1991,3
1992,25
1993,18
1994,12
1995,4
1996,25
1997,3
1998,25
1999,3
2000,18
2001,3
2002,4
2003,4
2004,4
2005,25
2006,12
2007,3
2008,3
2009,4
2010,3
2011,3
2012,4
2013,25
2014,18
2015,3
2016,4
2017,3
2018,25
2019,4
2020,3
2021,3
2022,3
2023,12
2024,18
2025,25
2026,4
2027,25
2028,3
2029,3
2030,4
2031,18
2032,12
2033,3
2034,25
2035,3
2036,3
2037,3
2038,4
2039,3
2040,4
2041,4
2042,25
2043,3
2044,18
2045,3
2046,4
2047,12
2048,4
2049,25
2050,3
2051,4
2052,3
2053,18
2054,3
2055,3
2056,25
2057,4
2058,3
2059,4
2060,12
2061,3
2062,25
2063,18
2064,3
2065,3
2066,3
2067,25
2068,4
2069,4
2070,3
2071,3
2072,3
2073,12
2074,4
2075,18
2076,4
2077,25
2078,3
2079,3
2080,4
2081,3
2082,4
2083,29
2084,29
2085,29
2086,29
2087,25
2088,29
2089,18
2090,12
2091,29
2092,4
2093,3
2094,29
2095,29
2096,3
2097,4
2098,3
2099,3
2100,29
2101,25
2102,3
2103,4
2104,29
2105,3
2106,29
2107,3
2108,18
2109,29
2110,3
2111,3
2112,25
2113,3
2114,29
2115,29
2116,4
2117,4
2118,18
2119,3
2120,29
2121,25
2122,4
2123,4
2124,4
2125,3
2126,29
2127,3
2128,3
2129,3
2130,3
2131,3
2132,29
2133,25
2134,4
2135,4
2136,3
2137,18
2138,29
2139,3
2140,29
2141,3
2142,25
2143,3
2144,3
2145,29
2146,3
2147,4
2148,4
2149,18
2150,29
2151,25
2152,3
2153,3
2154,4
2155,4
2156,29
2157,3
2158,3
2159,4
2160,3
2161,18
2162,3
2163,4
2164,29
2165,25
2166,3
2167,3
2168,3
2169,4
2170,4
2171,29
2172,25
2173,4
2174,18
2175,29
2176,3
2177,3
2178,3
2179,3
2180,3
2181,29
2182,3
2183,25
2184,3
2185,3
2186,18
2187,4
2188,29
2189,3
2190,4
2191,4
2192,3
2193,4
2194,4
2195,3
2196,25
2197,29
2198,3
2199,4
2200,3
2201,4
2202,3
2203,18
2204,3
2205,29
2206,25
2207,4
2208,3
2209,3
2210,29
2211,3
2212,4
2213,3
2214,3
2215,18
2216,25
2217,3
2218,29
2219,3
2220,3
2221,26
2222,26
2223,3
2224,26
2225,3
2226,3
2227,26
2228,26
2229,4
2230,29
2231,4
2232,26
2233,25
2234,4
2235,26
2236,4
2237,18
2238,26
2239,4
2240,26
2241,4
2242,29
2243,26
2244,3
2245,26
2246,3
2247,4
2248,25
2249,3
2250,26
2251,3
2252,3
2253,3
2254,3
2255,29
2256,26
2257,3
2258,18
2259,26
2260,3
2261,4
2262,26
2263,4
2264,29
2265,25
2266,3
2267,26
2268,3
2269,3
2270,26
2271,18
2272,4
2273,29
2274,4
2275,26
2276,3
2277,25
2278,4
2279,3
2280,3
2281,3
2282,4
2283,26
2284,4
2285,29
2286,3
2287,3
2288,26
2289,3
2290,3
2291,18
2292,3
2293,4
2294,4
2295,25
2296,26
2297,29
2298,26
2299,3
2300,3
2301,3
2302,26
2303,25
2304,18
2305,29
2306,4
2307,4
2308,3
2309,3
2310,3
2311,3
2312,26
2313,4
2314,4
2315,4
2316,3
2317,29
2318,3
2319,26
2320,25
2321,4
2322,3
2323,3
2324,3
2325,26
2326,3
2327,29
2328,4
2329,3
2330,3
2331,26
2332,3
2333,4
2334,25
2335,3
2336,4
2337,3
2338,26
2339,3
2340,29
2341,3
2342,26
2343,3
2344,3
2345,25
2346,3
2347,4
2348,4
2349,4
2350,29
2351,3
2352,4
2353,3
2354,4
2355,26
2356,4
2357,3
2358,4
2359,29
2360,26
2361,29
2362,3
2363,3
2364,3
2365,5
2366,5
2367,3
2368,5
2369,5
2370,3
2371,5
2372,3
2373,5
2374,26
2375,4
2376,5
2377,3
2378,3
2379,4
2380,29
2381,5
2382,5
2383,3
2384,29
2385,5
2386,26
2387,3
2388,5
2389,4
2390,5
2391,4
2392,4
2393,3
2394,29
2395,5
2396,26
2397,4
2398,3
2399,4
2400,5
2401,4
2402,29
2403,3
2404,3
2405,3
2406,3
2407,5
2408,26
2409,4
2410,3
2411,3
2412,29
2413,5
2414,4
2415,3
2416,5
2417,3
2418,26
2419,29
2420,3
2421,5
2422,3
2423,29
2424,5
2425,4
2426,4
2427,3
2428,26
2429,3
2430,5
2431,4
2432,3
2433,3
2434,4
2435,5
2436,29
2437,4
2438,29
2439,3
2440,3
2441,26
2442,3
2443,3
2444,5
2445,4
2446,4
2447,3
2448,4
2449,5
2450,26
2451,29
2452,3
2453,29
2454,4
2455,3
2456,5
2457,3
2458,4
2459,3
2460,3
2461,5
2462,26
2463,3
2464,3
2465,29
2466,3
2467,5
2468,29
2469,4
2470,4
2471,4
2472,26
2473,4
2474,3
2475,4
2476,3
2477,5
2478,3
2479,3
2480,3
2481,29
2482,3
2483,4
2484,5
2485,26
2486,29
2487,3
2488,5
2489,3
2490,4
2491,4
2492,3
2493,3
2494,29
2495,4
2496,26
2497,3
2498,3
2499,5
2500,3
2501,4
2502,3
2503,3
2504,3
2505,5
2506,26
2507,4
2508,4
2509,29
2510,7
2511,7
2512,7
2513,7
2514,7
2515,4
2516,4
2517,3
2518,7
2519,5
2520,7
2521,3
2522,7
2523,4
2524,3
2525,7
2526,26
2527,3
2528,3
2529,3
2530,7
2531,4
2532,3
2533,3
2534,5
2535,3
2536,29
2537,7
2538,7
2539,3
2540,7
2541,26
2542,5
2543,7
2544,3
2545,4
2546,3
2547,4
2548,7
2549,3
2550,4
2551,29
2552,5
2553,7
2554,4
2555,26
2556,3
2557,3
2558,4
2559,7
2560,3
2561,3
2562,3
2563,4
2564,7
2565,4
2566,5
2567,3
2568,29
2569,3
2570,3
2571,4
2572,3
2573,7
2574,3
2575,26
2576,7
2577,5
2578,4
2579,4
2580,7
2581,3
2582,3
2583,3
2584,29
2585,26
2586,5
2587,7
2588,3
2589,3
2590,3
2591,3
2592,4
2593,7
2594,4
2595,3
2596,4
2597,5
2598,3
2599,4
2600,26
2601,7
2602,3
2603,29
2604,4
2605,3
2606,3
2607,4
2608,7
2609,5
2610,3
2611,3
2612,3
2613,4
2614,7
2615,26
2616,4
2617,3
2618,3
2619,4
2620,29
2621,5
2622,7
2623,3
2624,3
2625,4
2626,3
2627,3
2628,26
2629,7
2630,5
2631,3
2632,3
2633,4
2634,3
2635,3
2636,7
2637,29
2638,4
2639,4
2640,3
2641,4
2642,5
2643,26
2644,7
2645,4
2646,3
2647,3
2648,3
2649,3
2650,3
2651,3
2652,4
2653,7
2654,29
2655,22
2656,3
2657,22
2658,5
2659,22
2660,22
2661,22
2662,29
2663,22
2664,4
2665,3
2666,22
2667,4
2668,7
2669,4
2670,22
2671,3
2672,22
2673,22
2674,3
2675,5
2676,22
2677,7
2678,3
2679,29
2680,4
2681,22
2682,4
2683,29
2684,3
2685,3
2686,22
2687,3
2688,3
2689,3
2690,4
2691,7
2692,22
2693,5
2694,4
2695,3
2696,22
2697,3
2698,3
2699,3
2700,4
2701,22
2702,4
2703,7
2704,29
2705,29
2706,22
2707,5
2708,3
2709,22
2710,7
2711,3
2712,3
2713,22
2714,4
2715,4
2716,4
2717,29
2718,3
2719,3
2720,5
2721,22
2722,29
2723,3
2724,3
2725,7
2726,4
2727,4
2728,3
2729,3
2730,22
2731,3
2732,4
2733,3
2734,22
2735,7
2736,5
2737,4
2738,29
2739,3
2740,4
2741,22
2742,3
2743,29
2744,3
2745,3
2746,4
2747,7
2748,22
2749,3
2750,5
2751,4
2752,3
2753,22
2754,29
2755,3
2756,7
2757,3
2758,22
2759,29
2760,3
2761,4
2762,4
2763,3
2764,5
2765,4
2766,3
2767,3
2768,4
2769,22
2770,7
2771,3
2772,4
2773,29
2774,4
2775,22
2776,4
2777,3
2778,5
2779,3
2780,7
2781,29
2782,3
2783,3
2784,22
2785,3
2786,4
2787,4
2788,3
2789,4
2790,29
2791,3
2792,22
2793,7
2794,5
2795,3
2796,4
2797,3
2798,4
2799,22
2800,23
2801,23
2802,29
2803,23
2804,23
2805,23
2806,3
2807,7
2808,23
2809,4
2810,29
2811,23
2812,4
2813,3
2814,23
2815,3
2816,3
2817,5
2818,22
2819,3
2820,23
2821,23
2822,3
2823,4
2824,3
2825,4
2826,23
2827,7
2828,3
2829,22
2830,23
2831,29
2832,23
2833,4
2834,29
2835,5
2836,23
2837,3
2838,22
2839,4
2840,7
2841,23
2842,4
2843,4
2844,3
2845,3
2846,23
2847,4
2848,3
2849,22
2850,3
2851,3
2852,23
2853,4
2854,44
2855,49
2856,41
2857,49
2858,49
2859,40
2860,41
2861,42
2862,44
2863,36
2864,40
2865,44
2866,40
2867,36
2868,40
2869,41
2870,49
2871,49
2872,41
2873,40
2874,36
2875,40
2876,42
2877,49
2878,36
2879,41
2880,41
2881,40
2882,42
2883,40
2884,49
2885,41
2886,40
2887,49
2888,36
2889,44
2890,36
2891,44
2892,42
2893,36
2894,41
2895,40
2896,44
2897,40
2898,36
2899,49
2900,41
2901,42
2902,49
2903,49
2904,40
2905,36
2906,36
2907,49
2908,40
2909,40
2910,42
2911,41
2912,36
2913,36
2914,41
2915,42
2916,40
2917,49
2918,40
2919,36
2920,49
2921,40
2922,49
2923,40
2924,40
2925,41
2926,42
2927,36
2928,40
2929,40
2930,42
2931,42
2932,40
2933,42
2934,44
2935,36
2936,49
2937,40
2938,41
2939,36
2940,49
2941,41
2942,40
2943,49
2944,49
2945,42
2946,44
2947,40
2948,41
2949,36
2950,38
2951,40
2952,40
2953,38
2954,40
2955,36
2956,38
2957,49
2958,38
2959,38
2960,40
2961,36
2962,38
2963,49
2964,38
2965,38
2966,42
2967,49
2968,38
2969,36
2970,36
2971,40
2972,38
2973,36
2974,38
2975,49
2976,49
2977,38
2978,40
2979,42
2980,38
2981,42
2982,41
2983,41
2984,42
2985,38
2986,36
2987,38
2988,44
2989,49
2990,40
2991,38
2992,49
2993,41
2994,40
2995,42
2996,40
2997,36
2998,38
2999,38
3000,38
3001,36
3002,49
3003,36
3004,38
3005,49
3006,42
3007,40
3008,40
3009,38
3010,38
3011,40
3012,49
3013,41
3014,41
3015,38
3016,36
3017,36
3018,49
3019,44
3020,38
3021,42
3022,36
3023,38
3024,36
3025,38
3026,42
3027,40
3028,41
3029,42
3030,49
3031,38
3032,36
3033,42
3034,40
3035,49
3036,38
3037,44
3038,40
3039,38
3040,38
3041,36
3042,38
3043,38
3044,42
3045,44
3046,41
3047,38
3048,44
3049,41
3050,49
3051,38
3052,40
3053,38
3054,49
3055,36
3056,38
3057,38
3058,40
3059,41
3060,49
3061,38
3062,42
3063,42
3064,38
3065,44
3066,42
3067,38
3068,42
3069,38
3070,40
3071,36
3072,38
3073,49
3074,36
3075,36
3076,49
3077,44
3078,40
3079,36
3080,38
3081,41
3082,40
3083,41
3084,37
3085,38
3086,38
3087,36
3088,49
3089,38
3090,44
3091,38
3092,44
3093,41
3094,38
3095,36
3096,37
3097,37
3098,37
3099,37
3100,38
3101,37
3102,38
3103,37
3104,38
3105,37
3106,42
3107,37
3108,40
3109,40
3110,42
3111,37
3112,49
3113,49
3114,42
3115,36
3116,37
3117,38
3118,37
3119,42
3120,37
3121,41
3122,49
3123,44
3124,38
3125,31
3126,41
3127,37
3128,38
3129,37
3130,31
3131,37
3132,37
3133,44
3134,36
3135,31
3136,40
3137,37
3138,41
3139,40
3140,37
3141,38
3142,36
3143,37
3144,36
3145,36
3146,38
3147,31
3148,38
3149,49
3150,49
3151,37
3152,44
3153,36
3154,31
3155,44
3156,40
3157,42
3158,42
3159,42
3160,31
3161,41
3162,36
3163,37
3164,37
3165,38
3166,38
3167,31
3168,41
3169,44
3170,38
3171,40
3172,31
3173,38
3174,36
3175,37
3176,44
3177,37
3178,31
3179,41
3180,49
3181,37
3182,44
3183,49
3184,40
3185,31
3186,37
3187,36
3188,38
3189,38
3190,38
3191,31
3192,38
3193,49
3194,40
3195,37
3196,42
3197,41
3198,37
3199,31
3200,44
3201,42
3202,41
3203,44
3204,36
3205,36
3206,31
3207,38
3208,37
3209,36
3210,38
3211,36
3212,49
3213,42
3214,40
3215,31
3216,41
3217,38
3218,49
3219,37
3220,44
3221,38
3222,37
3223,38
3224,31
3225,40
3226,44
3227,44
3228,42
3229,49
3230,37
3231,31
3232,37
3233,37
3234,37
3235,42
3236,42
3237,31
3238,44
3239,38
3240,37
3241,41
3242,48
3243,49
3244,48
3245,40
3246,31
3247,31
3248,48
3249,42
3250,31
3251,48
3252,42
3253,48
3254,48
3255,49
3256,40
3257,48
3258,49
3259,37
3260,48
3261,37
3262,37
3263,48
3264,44
3265,42
3266,48
3267,48
3268,31
3269,48
3270,37
3271,36
3272,49
3273,36
3274,48
3275,38
3276,44
3277,48
3278,48
3279,44
3280,37
3281,44
3282,40
3283,31
3284,31
3285,37
3286,48
3287,49
3288,42
3289,42
3290,48
3291,48
3292,41
3293,40
3294,41
3295,44
3296,42
3297,48
3298,49
3299,31
3300,37
3301,37
3302,48
3303,48
3304,49
3305,42
3306,37
3307,31
3308,44
3309,48
3310,37
3311,42
3312,48
3313,48
3314,49
3315,31
3316,42
3317,40
3318,37
3319,48
3320,40
3321,38
3322,44
3323,48
3324,48
3325,37
3326,37
3327,31
3328,37
3329,40
3330,48
3331,37
3332,41
3333,41
3334,48
3335,42
3336,31
3337,36
3338,41
3339,44
3340,48
3341,42
3342,49
3343,44
3344,44
3345,31
3346,44
3347,31
3348,48
3349,48
3350,40
3351,42
3352,38
3353,44
3354,49
3355,37
3356,40
3357,31
3358,37
3359,48
3360,48
3361,31
3362,37
3363,42
3364,44
3365,48
3366,42
3367,40
3368,37
3369,45
3370,48
3371,31
3372,44
3373,49
3374,31
3375,41
3376,37
3377,37
3378,49
3379,45
3380,40
3381,38
3382,41
3383,42
3384,48
3385,40
3386,37
3387,45
3388,49
3389,45
3390,45
3391,31
3392,45
3393,45
3394,31
3395,45
3396,42
3397,48
3398,45
3399,42
3400,45
3401,45
3402,48
3403,45
3404,44
3405,36
3406,45
3407,44
3408,31
3409,45
3410,49
3411,44
3412,31
3413,45
3414,44
3415,45
3416,48
3417,45
3418,38
3419,31
3420,31
3421,44
3422,42
3423,48
3424,42
3425,38
3426,45
3427,45
3428,49
3429,37
3430,44
3431,45
3432,49
3433,41
3434,45
3435,38
3436,48
3437,48
3438,45
3439,31
3440,40
3441,41
3442,45
3443,42
3444,37
3445,45
3446,31
3447,48
3448,42
3449,45
3450,45
3451,40
3452,48
3453,41
3454,45
3455,38
3456,48
3457,38
3458,42
3459,37
3460,45
3461,45
3462,48
3463,31
3464,45
3465,45
3466,48
3467,38
3468,37
3469,49
3470,49
3471,35
3472,44
3473,41
3474,48
3475,45
3476,44
3477,44
3478,49
3479,42
3480,40
3481,44
3482,45
3483,44
3484,45
3485,48
3486,45
3487,37
3488,41
3489,35
3490,44
3491,37
3492,31
3493,40
3494,44
3495,48
3496,37
3497,48
3498,35
3499,45
3500,45
3501,31
3502,42
3503,42
3504,41
3505,35
3506,48
3507,38
3508,45
3509,48
3510,35
3511,42
3512,45
3513,49
3514,49
3515,31
3516,48
3517,37
3518,40
3519,37
3520,35
3521,49
3522,35
3523,41
3524,38
3525,31
3526,48
3527,35
3528,40
3529,48
3530,45
3531,42
3532,41
3533,35
3534,35
3535,35
3536,35
3537,44
3538,44
3539,35
3540,35
3541,35
3542,35
3543,42
3544,44
3545,48
3546,35
3547,48
3548,38
3549,35
3550,35
3551,42
3552,45
3553,35
3554,44
3555,35
3556,45
3557,48
3558,35
3559,37
3560,35
3561,41
3562,42
3563,37
3564,35
3565,42
3566,31
3567,35
3568,40
3569,35
3570,44
3571,40
3572,49
3573,38
3574,35
3575,45
3576,35
3577,48
3578,35
3579,35
3580,38
3581,49
3582,45
3583,42
3584,48
3585,35
3586,45
3587,41
3588,35
3589,35
3590,35
3591,38
3592,45
3593,37
3594,49
3595,35
3596,37
3597,42
3598,31
3599,35
3600,46
3601,45
3602,48
3603,35
3604,46
3605,45
3606,48
3607,37
3608,35
3609,42
3610,46
3611,46
3612,40
3613,42
3614,44
3615,40
3616,41
3617,40
3618,41
3619,42
3620,44
3621,35
3622,38
3623,35
3624,45
3625,46
3626,46
3627,31
3628,42
3629,49
3630,31
3631,44
3632,48
3633,35
3634,38
3635,45
3636,37
3637,46
3638,35
3639,46
3640,48
3641,42
3642,41
3643,46
3644,44
3645,49
3646,45
3647,37
3648,46
3649,35
3650,46
3651,35
3652,41
3653,45
3654,45
3655,40
3656,38
3657,46
3658,31
3659,31
3660,38
3661,46
3662,40
3663,49
3664,35
3665,46
3666,48
3667,37
3668,35
3669,35
3670,38
3671,41
3672,46
3673,46
3674,49
3675,42
3676,42
3677,34
3678,34
3679,34
3680,34
3681,45
3682,44
3683,34
3684,42
3685,45
3686,34
3687,34
3688,35
3689,37
3690,46
3691,34
3692,35
3693,34
3694,44
3695,42
3696,35
3697,34
3698,48
3699,34
3700,31
3701,41
3702,34
3703,49
3704,34
3705,48
3706,34
3707,42
3708,44
3709,38
3710,34
3711,35
3712,34
3713,38
3714,38
3715,37
3716,46
3717,45
3718,34
3719,35
3720,45
3721,38
3722,35
3723,34
3724,40
3725,41
3726,44
3727,46
3728,34
3729,34
3730,49
3731,35
3732,34
3733,37
3734,48
3735,34
3736,49
3737,34
3738,45
3739,31
3740,35
3741,41
3742,34
3743,45
3744,34
3745,35
3746,34
3747,35
3748,45
3749,34
3750,31
3751,42
3752,42
3753,42
3754,38
3755,34
3756,34
3757,38
3758,49
3759,34
3760,35
3761,44
3762,38
3763,41
3764,42
3765,37
3766,34
3767,35
3768,48
3769,35
3770,45
3771,35
3772,42
3773,34
3774,42
3775,34
3776,40
3777,34
3778,37
3779,31
3780,34
3781,45
3782,35
3783,44
3784,41
3785,34
3786,49
3787,34
3788,35
3789,34
3790,40
3791,31
3792,34
3793,35
3794,35
3795,34
3796,41
3797,45
3798,37
3799,44
3800,48
3801,38
3802,34
3803,35
3804,34
3805,37
3806,46
3807,45
3808,38
3809,34
3810,48
3811,34
3812,40
3813,37
3814,43
3815,43
3816,49
3817,35
3818,43
3819,43
3820,34
3821,34
3822,43
3823,42
3824,42
3825,40
3826,35
3827,43
3828,34
3829,43
3830,42
3831,46
3832,42
3833,35
3834,43
3835,31
3836,43
3837,34
3838,42
3839,43
3840,45
3841,41
3842,43
3843,48
3844,43
3845,35
3846,34
3847,43
3848,34
3849,40
3850,49
3851,43
3852,42
3853,35
3854,46
3855,41
3856,37
3857,43
3858,48
3859,37
3860,37
3861,35
3862,34
3863,35
3864,34
3865,43
3866,31
3867,34
3868,43
3869,38
3870,42
3871,49
3872,43
3873,43
3874,34
3875,46
3876,45
3877,40
3878,43
3879,31
3880,35
3881,35
3882,48
3883,43
3884,35
3885,43
3886,38
3887,34
3888,49
3889,44
3890,35
3891,43
3892,43
3893,43
3894,48
3895,43
3896,46
3897,42
3898,42
3899,34
3900,37
3901,31
3902,42
3903,43
3904,43
3905,40
3906,43
3907,42
3908,35
3909,35
3910,37
3911,31
3912,49
3913,41
3914,45
3915,43
3916,35
3917,42
3918,43
3919,48
3920,43
3921,31
3922,41
3923,34
3924,35
3925,38
3926,34
3927,34
3928,43
3929,42
3930,43
3931,49
3932,46
3933,40
3934,43
3935,48
3936,35
3937,38
3938,43
3939,34
3940,34
3941,43
3942,43
3943,35
3944,35
3945,42
3946,31
3947,49
3948,35
3949,37
3950,31
3951,43
3952,32
3953,32
3954,32
3955,43
3956,45
3957,32
3958,43
3959,32
3960,37
3961,46
3962,32
3963,32
3964,48
3965,43
3966,40
3967,43
3968,32
3969,46
3970,34
3971,32
3972,43
3973,49
3974,43
3975,44
3976,42
3977,32
3978,43
3979,37
3980,42
3981,43
3982,42
3983,48
3984,32
3985,35
3986,41
3987,43
3988,46
3989,35
3990,43
3991,43
3992,42
3993,43
3994,43
3995,46
3996,41
3997,34
3998,43
3999,43
4000,46
4001,43
4002,38
4003,40
4004,43
4005,42
4006,45
4007,48
4008,48
4009,49
4010,43
4011,43
4012,31
4013,43
4014,32
4015,48
4016,32
4017,43
4018,42
4019,31
4020,32
4021,35
4022,34
4023,34
4024,46
4025,49
4026,32
4027,32
4028,45
4029,32
4030,35
4031,40
4032,46
4033,32
4034,43
4035,32
4036,37
4037,43
4038,32
4039,42
4040,32
4041,40
4042,45
4043,34
4044,32
4045,32
4046,34
4047,48
4048,48
4049,41
4050,46
4051,32
4052,32
4053,42
4054,46
4055,43
4056,43
4057,41
4058,48
4059,38
4060,32
4061,42
4062,31
4063,46
4064,32
4065,40
4066,41
4067,35
4068,44
4069,45
4070,42
4071,32
4072,32
4073,43
4074,31
4075,32
4076,49
4077,43
4078,34
4079,43
4080,32
4081,42
4082,47
4083,45
4084,47
4085,47
4086,47
4087,32
4088,47
4089,32
4090,49
4091,46
4092,47
4093,40
4094,32
4095,47
4096,46
4097,37
4098,47
4099,46
4100,47
4101,43
4102,43
4103,47
4104,32
4105,32
4106,48
4107,47
4108,43
4109,42
4110,48
4111,48
4112,35
4113,34
4114,47
4115,32
4116,40
4117,32
4118,47
4119,45
4120,31
4121,47
4122,32
4123,43
4124,38
4125,47
4126,32
4127,46
4128,47
4129,32
4130,43
4131,34
4132,35
4133,42
4134,43
4135,38
4136,31
4137,32
4138,47
4139,46
4140,41
4141,32
4142,41
4143,41
4144,47
4145,34
4146,49
4147,43
4148,42
4149,47
4150,32
4151,32
4152,32
4153,35
4154,49
4155,47
4156,37
4157,43
4158,48
4159,45
4160,38
4161,42
4162,47
4163,43
4164,47
4165,42
4166,48
4167,40
4168,45
4169,34
4170,46
4171,32
4172,47
4173,43
4174,32
4175,47
4176,43
4177,46
4178,31
4179,47
4180,42
4181,35
4182,40
4183,47
4184,47
4185,43
4186,47
4187,37
4188,32
4189,43
4190,32
4191,47
4192,31
4193,46
4194,47
4195,42
4196,47
4197,47
4198,34
4199,38
4200,33
4201,34
4202,33
4203,33
4204,33
4205,34
4206,33
4207,32
4208,33
4209,45
4210,47
4211,33
4212,47
4213,43
4214,48
4215,33
4216,35
4217,32
4218,33
4219,46
4220,49
4221,47
4222,41
4223,33
4224,43
4225,33
4226,48
4227,49
4228,31
4229,33
4230,41
4231,35
4232,47
4233,33
4234,38
4235,42
4236,49
4237,33
4238,32
4239,33
4240,42
4241,48
4242,33
4243,47
4244,34
4245,46
4246,43
4247,33
4248,40
4249,47
4250,33
4251,34
4252,32
4253,34
4254,33
4255,42
4256,33
4257,43
4258,33
4259,32
4260,47
4261,47
4262,37
4263,38
4264,33
4265,48
4266,46
4267,33
4268,42
4269,33
4270,45
4271,35
4272,32
4273,45
4274,43
4275,33
4276,42
4277,47
4278,35
4279,33
4280,47
4281,32
4282,38
4283,43
4284,33
4285,34
4286,48
4287,33
4288,43
4289,34
4290,33
4291,46
4292,33
4293,31
4294,33
4295,32
4296,47
4297,42
4298,48
4299,33
4300,43
4301,32
4302,33
4303,38
4304,49
4305,33
4306,49
4307,34
4308,39
4309,39
4310,41
4311,39
4312,33
4313,39
4314,39
4315,49
4316,39
4317,33
4318,43
4319,39
4320,47
4321,41
4322,39
4323,34
4324,33
4325,43
4326,39
4327,35
4328,45
4329,39
4330,40
4331,32
4332,33
4333,32
4334,39
4335,48
4336,46
4337,33
4338,33
4339,39
4340,37
4341,45
4342,41
4343,34
4344,32
4345,42
4346,39
4347,39
4348,38
4349,46
4350,39
4351,47
4352,33
4353,33
4354,39
4355,48
4356,39
4357,39
4358,41
4359,47
4360,32
4361,39
4362,43
4363,34
4364,43
4365,33
4366,38
4367,39
4368,39
4369,33
4370,34
4371,33
4372,31
4373,39
4374,32
4375,48
4376,39
4377,39
4378,33
4379,42
4380,41
4381,34
4382,39
4383,47
4384,35
4385,33
4386,37
4387,39
4388,46
4389,32
4390,35
4391,33
4392,39
4393,39
4394,39
4395,39
4396,39
4397,33
4398,39
4399,39
4400,46
4401,39
4402,39
4403,39
4404,32
4405,39
4406,45
4407,43
4408,39
4409,39
4410,49
4411,48
4412,33
4413,39
4414,32
4415,49
4416,39
4417,40
4418,39
4419,39
4420,39
4421,43
4422,34
4423,47
4424,41
4425,39
4426,39
4427,37
4428,33
4429,42
4430,39
4431,40
4432,45
4433,32
4434,39
4435,39
4436,39
4437,41
4438,39
4439,33
4440,39
4441,50
4442,39
4443,38
4444,43
4445,50
4446,50
4447,50
4448,50
4449,50
4450,39
4451,50
4452,50
4453,32
4454,50
4455,50
4456,39
4457,33
4458,50
4459,47
4460,32
4461,41
4462,50
4463,43
4464,33
4465,50
4466,50
4467,46
4468,48
4469,48
4470,35
4471,50
4472,33
4473,39
4474,50
4475,37
4476,39
4477,50
4478,50
4479,34
4480,32
4481,35
4482,50
4483,42
4484,50
4485,43
4486,50
4487,39
4488,50
4489,50
4490,50
4491,50
4492,50
4493,39
4494,50
4495,50
4496,39
4497,50
4498,50
4499,34
4500,50
4501,33
4502,50
4503,41
4504,50
4505,50
4506,39
4507,50
4508,45
4509,50
4510,33
4511,47
4512,50
4513,37
4514,50
4515,50
4516,50
4517,50
4518,50
4519,39
4520,50
4521,50
4522,32
4523,50
4524,32
4525,50
4526,50
4527,39
4528,50
4529,50
4530,50
4531,50
4532,50
4533,50
4534,43
4535,48
4536,50
4537,50
4538,50
4539,50
4540,50
4541,50
4542,50
4543,47
4544,50
4545,43
4546,50
4547,50
4548,50
4549,50
4550,50
4551,50
4552,50
4553,50
4554,50
4555,45
4556,50
4557,50
4558,33
4559,39
4560,50
4561,33
4562,50
4563,50
4564,50
4565,50
4566,50
4567,50
4568,50
4569,50
4570,50
4571,50
4572,50
4573,50
4574,50
4575,50
4576,50
4577,41
4578,50
4579,50
4580,50
4581,50
4582,50
4583,50
4584,50
4585,50
4586,50
4587,50
4588,31
4589,50
4590,39
4591,50
4592,50
4593,50
4594,50
4595,47
4596,50
4597,50
4598,50
4599,42
4600,50
4601,50
4602,43
4603,40
4604,50
4605,50
4606,39
4607,40
4608,46
4609,50
4610,50
4611,49
4612,50
4613,34
4614,46
4615,50
4616,50
4617,40
4618,50
4619,39
4620,32
4621,50
4622,39
4623,50
4624,33
4625,49
4626,50
4627,43
4628,32
4629,47
4630,35
4631,39
4632,45
4633,50
4634,50
4635,38
4636,50
4637,48
4638,50
4639,50
4640,33
4641,32
4642,41
4643,42
4644,43
4645,39
4646,39
4647,50
4648,33
4649,50
4650,35
4651,37
4652,50
4653,33
4654,50
4655,50
4656,39
4657,43
4658,32
4659,41
4660,47
4661,39
4662,50
4663,31
4664,39
4665,32
4666,33
4667,48
4668,45
4669,50
4670,50
4671,46
4672,34
4673,33
4674,50
4675,43
4676,39
4677,46
4678,32
4679,42
4680,50
4681,41
4682,31
4683,39
4684,43
4685,35
4686,47
4687,33
4688,32
4689,39
4690,50
4691,48
4692,33
4693,43
4694,32
4695,40
4696,49
4697,39
4698,38
4699,35
4700,50
4701,48
4702,39
4703,49
4704,41
4705,37
4706,32
4707,33
4708,47
4709,50
4710,49
4711,34
4712,33
4713,42
4714,43
4715,34
4716,31
4717,47
4718,39
4719,39
4720,43
4721,50
4722,45
4723,46
4724,48
4725,49
4726,32
4727,31
4728,32
4729,39
4730,41
4731,33
4732,39
4733,33
4734,46
4735,47
4736,41
4737,32
4738,31
4739,47
4740,50
4741,45
4742,39
4743,35
4744,39
4745,43
4746,34
4747,33
4748,47
4749,43
4750,50
4751,34
4752,48
4753,47
4754,41
4755,32
4756,42
4757,39
4758,46
4759,40
4760,38
4761,47
4762,40
4763,39
4764,50
4765,37
4766,45
4767,32
4768,40
4769,33
4770,37
4771,45
4772,46
4773,39
4774,50
4775,47
4776,47
4777,41
4778,49
4779,31
4780,39
4781,43
4782,43
4783,43
4784,50
4785,47
4786,32
4787,33
4788,39
4789,35
4790,45
4791,49
4792,34
4793,42
4794,48
4795,32
4796,33
4797,39
4798,46
4799,47
4800,39
4801,41
4802,48
4803,49
4804,39
4805,47
4806,35
4807,46
4808,39
4809,43
4810,43
4811,50
4812,32
4813,33
4814,45
4815,38
4816,43
4817,38
4818,47
4819,37
4820,40
4821,41
4822,31
4823,39
4824,47
4825,34
4826,50
4827,39
4828,49
4829,35
4830,42
4831,31
4832,47
4833,45
4834,34
4835,33
4836,49
4837,48
4838,50
4839,39
4840,32
4841,32
4842,41
4843,39
4844,47
4845,43
4846,47
4847,48
4848,46
4849,35
4850,43
4851,49
4852,50
4853,33
4854,33
4855,39
4856,34
4857,39
4858,42
4859,45
4860,49
4861,46
4862,41
4863,32
4864,47
4865,37
4866,37
4867,34
4868,47
4869,32
4870,38
4871,31
4872,33
4873,39
4874,35
4875,32
4876,33
4877,39
4878,40
4879,31
4880,43
4881,48
4882,49
4883,40
4884,46
4885,50
4886,35
4887,34
4888,48
4889,39
4890,47
4891,47
4892,33
4893,39
4894,41
4895,49
4896,32
4897,32
4898,50
4899,45
4900,32
4901,46
4902,34
4903,41
4904,40
4905,39
4906,39
4907,43
4908,33
4909,35
4910,50
4911,33
4912,47
4913,37
4914,31
4915,37
4916,47
4917,46
4918,31
4919,38
4920,43
4921,49
4922,42
4923,39
4924,32
4925,46
4926,48
4927,41
4928,38
4929,39
4930,32
4931,33
4932,45
4933,33
4934,34
4935,40
4936,39
4937,46
4938,47
4939,49
4940,43
4941,45
4942,47
4943,39
4944,40
4945,32
4946,35
4947,33
4948,43
4949,34
4950,50
4951,41
4952,33
4953,32
4954,40
4955,49
4956,47
4957,46
4958,31
4959,31
4960,39
4961,48
4962,37
4963,45
4964,50
4965,34
4966,47
4967,43
4968,38
4969,39
4970,45
4971,46
4972,32
4973,49
4974,38
4975,33
4976,35
4977,39
4978,50
4979,41
4980,43
4981,33
4982,41
4983,32
4984,34
4985,40
4986,35
4987,39
4988,47
4989,49
4990,39
4991,46
4992,33
4993,32
4994,40
4995,43
4996,47
4997,48
4998,33
4999,48
5000,34
5001,31
5002,39
5003,45
5004,37
5005,41
5006,45
5007,40
5008,32
5009,43
5010,50
5011,47
5012,49
5013,37
5014,35
5015,33
5016,34
5017,46
5018,38
5019,32
5020,39
5021,47
5022,33
5023,50
5024,49
5025,43
5026,46
5027,38
5028,39
5029,47
5030,33
5031,41
5032,34
5033,49
5034,43
5035,50
5036,39
5037,48
5038,38
5039,48
5040,45
5041,49
5042,33
5043,34
5044,35
5045,47
5046,31
5047,32
5048,35
5049,31
5050,39
5051,46
5052,43
5053,39
5054,47
5055,37
5056,38
5057,47
5058,34
5059,41
5060,49
5061,32
5062,33
5063,38
5064,34
5065,47
5066,39
5067,39
5068,40
5069,32
5070,43
5071,38
5072,33
5073,45
5074,48
5075,35
5076,48
5077,32
5078,47
5079,35
5080,33
5081,31
5082,49
5083,46
5084,50
5085,39
5086,38
5087,41
5088,32
5089,31
5090,47
5091,34
5092,49
5093,34
5094,33
5095,37
5096,32
5097,50
5098,40
5099,39
5100,43
5101,39
5102,47
5103,37
5104,43
5105,49
5106,49
5107,47
5108,45
5109,35
5110,32
5111,46
5112,45
5113,37
5114,33
5115,46
5116,40
5117,48
5118,39
5119,39
5120,34
5121,32
5122,48
5123,43
5124,47
5125,31
5126,43
5127,38
5128,33
5129,49
5130,32
5131,49
5132,37
5133,50
5134,33
5135,41
5136,39
5137,32
5138,38
5139,47
5140,37
5141,35
5142,46
5143,35
5144,34
5145,47
5146,45
5147,34
5148,50
5149,43
5150,33
5151,45
5152,39
5153,39
5154,43
5155,49
5156,38
5157,49
5158,48
5159,32
5160,40
5161,32
5162,48
5163,50
5164,47
5165,38
5166,47
5167,39
5168,33
5169,31
5170,39
5171,46
5172,34
5173,46
5174,34
5175,49
5176,40
5177,35
5178,43
5179,43
5180,45
5181,41
5182,37
5183,32
5184,38
5185,32
5186,45
5187,39
5188,47
5189,47
5190,39
5191,33
5192,48
5193,37
5194,49
5195,48
5196,40
5197,49
5198,50
5199,34
5200,34
5201,43
5202,46
5203,32
5204,46
5205,32
5206,38
5207,39
5208,31
5209,47
5210,46
5211,47
5212,33
5213,33
5214,35
5215,50
5216,40
5217,45
5218,31
5219,49
5220,38
5221,39
5222,48
5223,41
5224,39
5225,43
5226,32
5227,43
5228,33
5229,32
5230,47
5231,47
5232,37
5233,34
5234,34
5235,48
5236,46
5237,40
5238,46
5239,38
5240,39
5241,48
5242,49
5243,35
5244,37
5245,39
5246,33
5247,45
5248,47
5249,47
5250,47
5251,32
5252,31
5253,43
5254,43
5255,50
5256,45
5257,38
5258,34
5259,38
5260,49
5261,34
5262,39
5263,46
5264,48
5265,37
5266,39
5267,49
5268,46
5269,33
5270,50
5271,47
5272,35
5273,47
5274,48
5275,32
5276,38
5277,40
5278,43
5279,37
5280,45
5281,39
5282,43
5283,49
5284,43
5285,39
5286,34
5287,31
5288,45
5289,33
5290,34
5291,47
5292,38
5293,38
5294,47
5295,46
5296,39
5297,48
5298,32
5299,40
5300,31
5301,32
5302,46
5303,39
5304,32
5305,48
5306,49
5307,43
5308,33
5309,35
5310,50
5311,38
5312,34
5313,33
5314,37
5315,40
5316,47
5317,34
5318,45
5319,48
5320,47
5321,39
5322,49
5323,46
5324,32
5325,50
5326,39
5327,45
5328,32
5329,37
5330,46
5331,38
5332,31
5333,43
5334,33
5335,40
5336,47
5337,39
5338,43
5339,35
5340,45
5341,47
5342,34
5343,39
5344,49
5345,32
5346,37
5347,37
5348,35
5349,46
5350,38
5351,48
5352,32
5353,33
5354,39
5355,43
5356,45
5357,33
5358,46
5359,49
5360,43
5361,39
5362,47
5363,37
5364,31
5365,38
5366,35
5367,47
5368,34
5369,45
5370,50
5371,33
5372,40
5373,32
5374,35
5375,34
5376,33
5377,31
5378,32
5379,39
5380,37
5381,48
5382,49
5383,47
5384,50
5385,46
5386,38
5387,45
5388,43
5389,39
5390,47
5391,35
5392,34
5393,40
5394,31
5395,31
5396,32
5397,33
5398,39
5399,45
5400,38
5401,34
5402,32
5403,35
5404,47
5405,39
5406,40
5407,43
5408,46
5409,48
5410,47
5411,48
5412,50
5413,37
5414,45
5415,33
5416,47
5417,43
5418,49
5419,38
5420,46
5421,33
5422,39
5423,32
5424,48
5425,34
5426,45
5427,31
5428,50
5429,40
5430,35
5431,47
5432,37
5433,32
5434,39
5435,34
5436,47
5437,45
5438,38
5439,39
5440,48
5441,43
5442,35
5443,33
5444,37
5445,34
5446,32
5447,34
5448,33
5449,39
5450,38
5451,49
5452,48
5453,45
5454,32
5455,46
5456,39
5457,31
5458,47
5459,34
5460,33
5461,40
5462,37
5463,43
5464,45
5465,32
5466,35
5467,39
5468,48
5469,33
5470,34
5471,50
5472,38
5473,43
5474,31
5475,32
5476,39
5477,47
5478,35
5479,46
5480,48
5481,38
5482,34
5483,39
5484,48
5485,50
5486,40
5487,32
5488,47
5489,33
5490,37
5491,35
5492,34
5493,45
5494,40
5495,43
5496,39
5497,48
5498,32
5499,33
5500,39
5501,38
5502,31
5503,46
5504,35
5505,43
5506,33
5507,32
5508,47
5509,45
5510,37
5511,39
5512,48
5513,50
5514,33
5515,40
5516,34
5517,43
5518,32
5519,46
5520,35
5521,37
5522,39
5523,48
5524,40
5525,47
5526,32
5527,43
5528,39
5529,46
5530,50
5531,31
5532,35
5533,38
5534,45
5535,33
5536,47
5537,32
5538,43
5539,48
5540,37
5541,39
5542,46
5543,39
5544,35
5545,47
5546,40
5547,32
5548,31
5549,43
5550,45
5551,34
5552,33
5553,38
5554,46
5555,47
5556,39
5557,48
5558,32
5559,45
5560,50
5561,38
5562,43
5563,33
5564,46
5565,45
5566,32
5567,37
5568,35
5569,33
5570,43
5571,39
5572,50
5573,34
5574,45
5575,47
5576,31
5577,40
5578,46
5579,32
5580,33
5581,38
5582,43
5583,48
5584,35
5585,39
5586,34
5587,47
5588,37
5589,39
5590,32
5591,45
5592,35
5593,33
5594,37
5595,34
5596,32
5597,33
5598,45
5599,46
5600,31
5601,39
5602,43
5603,50
5604,38
5605,47
5606,35
5607,48
5608,34
5609,38
5610,32
5611,33
5612,37
5613,46
5614,33
5615,45
5616,43
5617,50
5618,47
5619,39
5620,31
5621,46
5622,35
5623,43
5624,47
5625,48
5626,33
5627,34
5628,35
5629,32
5630,38
5631,39
5632,45
5633,39
5634,37
5635,47
5636,43
5637,46
5638,45
5639,37
5640,33
5641,32
5642,34
5643,33
5644,31
5645,35
5646,39
5647,50
5648,32
5649,43
5650,48
5651,46
5652,47
5653,45
5654,43
5655,38
5656,46
5657,33
5658,37
5659,39
5660,50
5661,35
5662,32
5663,39
5664,34
5665,31
5666,47
5667,35
5668,48
5669,43
5670,47
5671,46
5672,48
5673,33
5674,43
5675,39
5676,39
5677,34
5678,45
5679,32
5680,38
5681,35
5682,43
5683,47
5684,37
5685,47
5686,31
5687,46
5688,43
5689,33
5690,50
5691,39
5692,48
5693,34
5694,32
5695,45
5696,32
5697,34
5698,45
5699,47
5700,43
5701,50
5702,33
5703,35
5704,37
5705,33
5706,39
5707,43
5708,37
5709,46
5710,31
5711,32
5712,34
5713,48
5714,32
5715,45
5716,34
5717,47
5718,33
5719,39
5720,39
5721,45
5722,43
5723,35
5724,32
5725,37
5726,32
5727,46
5728,31
5729,47
5730,48
5731,34
5732,50
5733,33
5734,33
5735,39
5736,48
5737,43
5738,45
5739,43
5740,35
5741,32
5742,35
5743,32
5744,50
5745,47
5746,46
5747,39
5748,33
5749,37
5750,39
5751,34
5752,31
5753,48
5754,43
5755,45
5756,43
5757,45
5758,32
5759,35
5760,47
5761,39
5762,47
5763,46
5764,39
5765,33
5766,34
5767,34
5768,31
5769,43
5770,31
5771,48
5772,32
5773,50
5774,45
5775,32
5776,47
5777,39
5778,35
5779,47
5780,33
5781,35
5782,46
5783,34
5784,43
5785,50
5786,43
5787,32
5788,39
5789,31
5790,32
5791,48
5792,39
5793,47
5794,33
5795,48
5796,45
5797,35
5798,35
5799,46
5800,34
5801,43
5802,50
5803,32
5804,32
5805,39
5806,47
5807,33
5808,47
5809,31
5810,48
5811,45
5812,35
5813,35
5814,50
5815,46
5816,34
5817,34
5818,39
5819,43
5820,32
5821,39
5822,32
5823,33
5824,47
5825,48
5826,48
5827,45
5828,35
5829,39
5830,35
5831,46
5832,34
5833,39
5834,43
5835,43
5836,33
5837,32
5838,47
5839,47
5840,50
5841,39
5842,48
5843,48
5844,45
5845,35
5846,46
5847,33
5848,34
5849,34
5850,47
5851,43
5852,32
5853,47
5854,32
5855,50
5856,39
5857,39
5858,33
5859,47
5860,35
5861,45
5862,46
5863,32
5864,34
5865,45
5866,43
5867,32
5868,43
5869,48
5870,50
5871,39
5872,33
5873,47
5874,47
5875,32
5876,43
5877,43
5878,34
5879,46
5880,35
5881,35
5882,45
5883,50
5884,48
5885,39
5886,39
5887,33
5888,47
5889,32
5890,32
5891,43
5892,34
5893,34
5894,46
5895,35
5896,39
5897,45
5898,48
5899,39
5900,33
5901,47
5902,32
5903,32
5904,50
5905,43
5906,34
5907,34
5908,46
5909,35
5910,39
5911,45
5912,45
5913,33
5914,33
5915,50
5916,47
5917,32
5918,32
5919,43
5920,39
5921,34
5922,46
5923,35
5924,39
5925,35
5926,45
5927,33
5928,47
5929,32
5930,50
5931,32
5932,43
5933,43
5934,39
5935,34
5936,46
5937,33
5938,35
5939,45
5940,33
5941,50
5942,47
5943,32
5944,39
5945,43
5946,43
5947,39
5948,34
5949,46
5950,33
5951,35
5952,45
5953,47
5954,39
5955,32
5956,32
5957,39
5958,43
5959,34
5960,33
5961,46
5962,50
5963,35
5964,33
5965,35
5966,47
5967,39
5968,32
5969,43
5970,39
5971,43
5972,50
5973,34
5974,33
5975,46
5976,47
5977,39
5978,35
5979,32
5980,39
5981,32
5982,43
5983,33
5984,34
5985,50
5986,47
5987,46
5988,35
5989,32
5990,39
5991,32
5992,39
5993,43
5994,50
5995,34
5996,33
5997,34
5998,39
5999,47
6000,46
6001,32
6002,39
6003,43
6004,33
6005,43
6006,39
6007,34
6008,47
6009,46
6010,32
6011,39
6012,32
6013,33
6014,50
6015,43
6016,47
6017,34
6018,39
6019,47
6020,46
6021,32
6022,39
6023,43
6024,33
6025,39
6026,34
6027,47
6028,34
6029,39
6030,32
6031,43
6032,33
6033,50
6034,43
6035,47
6036,39
6037,34
6038,32
6039,50
6040,33
6041,32
6042,47
6043,43
6044,39
6045,34
6046,47
6047,39
6048,32
6049,39
6050,33
6051,43
6052,47
6053,34
6054,39
6055,32
6056,50
6057,33
6058,43
6059,47
6060,39
6061,43
6062,32
6063,39
6064,32
6065,39
6066,47
6067,43
6068,32
6069,39
6070,50
6071,32
6072,33
6073,43
6074,39
6075,47
6076,50
6077,32
6078,33
6079,43
6080,39
6081,47
6082,32
6083,39
6084,39
6085,32
6086,47
6087,39
6088,32
6089,50
6090,32
6091,33
6092,39
6093,47
6094,33
6095,32
6096,39
6097,47
6098,39
6099,32
6100,50
6101,47
6102,39
6103,47
6104,50
6105,33
6106,39
6107,47
6108,33
6109,39
6110,33
6111,39
6112,50
6113,39
6114,39
6115,39
