-1.433288e+00,4.730090e-01,3.245287e+00,3.325997e+00,-1.788284e+00,1.958599e+00,-6.299243e-01,1.546185e+00,4.185443e+00,3.029437e+00
-9.227367e-03,3.703711e+00,-2.883200e+00,-4.788399e+00,-7.699294e-04,2.088215e-03,1.105938e-03,2.535368e-03,2.050143e+00,-1.707084e+00
-4.608141e-01,5.331157e+00,-2.313404e+00,-3.794607e+00,-1.185674e+00,3.971987e+00,-5.942757e-01,4.068444e+00,2.034406e+00,3.057337e-01
-4.153973e-01,9.754267e-02,-2.582959e+00,9.896326e-01,3.797021e-01,1.795529e+00,4.157039e-01,1.772281e+00,2.650427e+00,-3.589849e+00
-1.845731e-03,6.812519e-01,2.108410e+00,-2.780775e+00,1.330496e-03,-2.373794e-03,2.985545e-05,2.634582e-03,-4.743911e+00,4.342916e+00
7.899668e+00,-1.044778e+00,1.520062e+00,1.773191e+00,2.022804e+00,-6.931656e+00,-9.588423e-01,-7.932817e+00,-3.250686e+00,2.727582e+00
3.863047e-03,1.487047e-01,2.166421e+00,-5.988050e-01,-8.203557e-04,-1.965859e-03,1.867778e-03,3.542406e-03,-2.896068e+00,-7.347657e-01
3.283214e-02,1.561192e+00,9.276247e-01,2.209707e+00,3.093990e-04,5.975028e-03,2.801831e-03,-9.704744e-03,-2.740276e+00,-2.786536e+00
1.600489e+00,-1.575743e+00,1.450359e+00,-2.748902e+00,-3.836955e-01,2.455424e+00,-1.742661e-01,4.569250e-01,-1.179000e+00,4.115388e+00
-2.009268e+00,5.822224e+00,-1.058590e-01,1.572123e+00,-5.099093e-01,-7.423810e-01,3.811198e-01,8.938392e-02,5.485024e-01,-1.969344e+00
