-1.422372e+00,2.722164e+00,1.289489e+00,-1.157273e+00,-1.787011e+00,1.959111e+00,-6.332265e-01,1.543201e+00,7.372099e-01,-1.754714e+00
4.122460e-03,-4.094273e-01,-2.714185e+00,2.860842e+00,-1.846669e-03,3.581467e-03,-2.193794e-03,1.049798e-03,-2.501625e+00,-1.656441e-01
-4.599700e-01,-2.813695e+00,-8.032442e-01,1.334138e+00,-1.186568e+00,3.974547e+00,-5.938764e-01,4.060284e+00,-1.095373e+00,2.410593e+00
-4.188870e-01,5.928413e+00,-7.230991e-01,-3.139385e+00,3.761239e-01,1.800161e+00,4.163622e-01,1.784277e+00,-1.880570e+00,-8.293924e-01
1.040273e-02,2.774095e+00,2.469713e-01,-2.304859e+00,1.178231e-03,1.077064e-03,-8.488254e-04,-6.695843e-03,2.207269e+00,7.480704e-01
7.944204e+00,-2.337635e+00,-5.813822e+00,-2.904670e+00,2.023449e+00,-6.932017e+00,-9.570072e-01,-7.927541e+00,-1.255895e+00,2.176120e-01
-7.150559e-03,-1.986811e+00,-3.117898e+00,-3.707800e+00,-3.052858e-04,2.174526e-03,-3.595456e-04,-1.321398e-03,-4.313371e-02,-3.478031e+00
1.788527e-02,-4.938941e+00,-5.965612e+00,-2.015708e+00,2.045718e-03,-2.150142e-03,2.902708e-03,-6.124492e-03,-4.904726e-01,-3.105494e+00
1.554420e+00,6.301237e-01,2.711068e+00,3.709398e+00,-3.848864e-01,2.458829e+00,-1.718233e-01,4.593230e-01,3.871232e+00,-2.427974e+00
-2.093249e+00,1.778094e+00,-4.242936e+00,-2.926453e+00,-5.111192e-01,-7.412193e-01,3.817372e-01,8.741995e-02,-2.332277e+00,-2.517973e+00
