-1.437283e+00,-1.736900e+00,-1.161146e+00,-5.063771e+00,-1.790756e+00,1.962582e+00,-6.263330e-01,1.543054e+00,-2.561200e+00,3.259168e+00
-1.155631e-02,-8.603679e-01,5.898200e+00,-3.144857e-01,3.215160e-04,7.625917e-04,-7.666549e-04,-6.678747e-04,-3.332564e+00,-3.088733e-01
-4.793320e-01,2.119933e+00,8.874705e-01,-7.417695e+00,-1.186443e+00,3.975825e+00,-5.953783e-01,4.057485e+00,4.806105e+00,5.440042e-01
-3.618435e-01,6.893265e-01,3.790927e-01,-4.654564e+00,3.772330e-01,1.798730e+00,4.228703e-01,1.779036e+00,-3.393821e+00,-2.101044e-01
8.963979e-03,1.132401e+00,3.192311e+00,2.854991e+00,-8.423047e-04,-1.159400e-04,-2.137131e-04,-1.770384e-03,-9.047115e-02,-6.695192e-01
7.901737e+00,-2.028786e+00,-5.936614e-01,-3.381719e-01,2.022205e+00,-6.935007e+00,-9.621875e-01,-7.928813e+00,3.781684e+00,1.727411e+00
-1.095108e-02,4.696885e-01,-1.718468e+00,-3.382599e+00,-1.361939e-03,-1.349974e-03,6.163702e-05,-2.915172e-03,-1.538292e+00,-2.233821e+00
3.810611e-02,-1.372205e+00,5.308917e+00,-2.627454e+00,3.067034e-03,-3.406192e-03,-7.830406e-04,-2.463938e-03,-5.199272e+00,2.292591e+00
1.560492e+00,-2.169415e+00,-1.107388e+00,-5.435336e-01,-3.863715e-01,2.460404e+00,-1.740144e-01,4.590518e-01,-5.463277e+00,1.201600e-01
-2.060943e+00,-1.304147e+00,-9.576178e-01,-2.522773e+00,-5.088016e-01,-7.383737e-01,3.804852e-01,8.285794e-02,3.724953e+00,-4.427699e+00
