-1.412821e+00,3.739806e+00,-2.182588e+00,-5.135062e-01,-1.788756e+00,1.960135e+00,-6.311502e-01,1.545570e+00,4.876259e+00,1.281967e+00
4.321581e-03,-6.362146e+00,1.107784e+00,-1.429498e+00,-2.807614e-04,1.633607e-03,-1.502968e-03,3.261309e-03,3.314099e-02,-2.048059e+00
-4.462793e-01,4.158967e+00,-3.362529e+00,-2.853791e+00,-1.187200e+00,3.971212e+00,-5.954766e-01,4.065913e+00,-4.939330e+00,-2.767559e+00
-3.402250e-01,4.331492e+00,5.239289e+00,4.343733e-01,3.782181e-01,1.797149e+00,4.189436e-01,1.775629e+00,4.858906e-01,-1.660418e+00
2.416649e-02,-3.747474e+00,-2.854907e-01,-1.474833e+00,-6.990028e-04,5.641903e-05,-1.886639e-03,1.346984e-03,-1.686980e+00,1.052861e+00
7.845013e+00,-7.711461e-01,5.842911e-01,2.122174e+00,2.021651e+00,-6.928801e+00,-9.603418e-01,-7.934398e+00,8.602125e-01,7.450998e-01
1.685638e-02,-2.358196e+00,-6.241932e-01,5.550355e-01,-5.699468e-04,6.309969e-04,-5.910416e-04,1.723357e-03,-7.310990e-01,-2.858150e+00
2.071276e-02,-2.036172e+00,3.041363e+00,-4.884534e+00,8.244082e-04,-1.336528e-04,2.403556e-03,-5.553006e-03,1.853205e+00,-1.706319e+00
1.552282e+00,1.090767e+00,-1.473685e-02,-3.887372e+00,-3.839337e-01,2.459096e+00,-1.762125e-01,4.436225e-01,-4.939560e-02,-2.803763e+00
-2.072083e+00,2.197569e+00,2.768261e+00,-3.746760e+00,-5.093977e-01,-7.405988e-01,3.815910e-01,8.481705e-02,-3.493555e+00,6.318414e-01
