-1.421125e+00,7.944865e-01,-2.885395e+00,-2.838532e+00,-1.788332e+00,1.962463e+00,-6.280858e-01,1.536002e+00,-2.395935e+00,-9.043109e-01
-1.810463e-02,1.110678e+00,1.279291e+00,-2.475928e-02,-1.888106e-03,2.381891e-03,1.098814e-04,2.094572e-03,-1.870297e+00,4.383368e+00
-4.855864e-01,-3.625380e+00,-2.819268e+00,-2.030433e+00,-1.185502e+00,3.967477e+00,-5.944302e-01,4.056151e+00,3.051662e+00,8.446360e-01
-4.169980e-01,-1.023146e+00,2.543188e+00,-6.085211e-01,3.792974e-01,1.799411e+00,4.215875e-01,1.773672e+00,-5.457275e+00,1.433230e+00
-4.589499e-03,-5.181147e+00,2.922654e+00,-3.586637e+00,2.685636e-03,4.036963e-03,-9.104893e-04,-5.793785e-03,-3.392124e+00,-2.154923e+00
7.883128e+00,2.577736e-02,-3.692066e+00,-5.746708e-01,2.021940e+00,-6.926197e+00,-9.616615e-01,-7.917070e+00,1.646378e+00,2.208617e+00
-2.898855e-02,-6.080218e-01,-1.157578e+00,-2.996382e+00,5.638809e-04,-3.983589e-03,-1.429868e-03,-3.647886e-03,-4.126363e+00,5.590795e+00
1.215301e-02,2.023380e+00,-7.867238e-01,9.831437e-01,1.961159e-03,-1.256187e-03,-6.740622e-05,-3.362158e-03,1.349985e+00,1.297032e+00
1.555572e+00,4.276866e-01,4.457466e+00,-6.478971e-01,-3.850767e-01,2.463202e+00,-1.704217e-01,4.541710e-01,-4.151843e-01,-1.412115e+00
-2.077924e+00,1.442141e+00,-1.718072e+00,4.182732e+00,-5.084930e-01,-7.401365e-01,3.809155e-01,8.624982e-02,1.833639e+00,-1.620916e+00
