-1.407996e+00,-2.303098e+00,3.738543e+00,-2.366703e+00,-1.788459e+00,1.962315e+00,-6.261505e-01,1.538686e+00,2.383635e+00,1.420853e-01
8.588789e-03,-2.560829e+00,1.773721e+00,-3.378047e+00,-5.598445e-05,-9.184737e-04,2.073375e-03,5.000380e-04,-5.654504e+00,-2.159569e+00
-4.485669e-01,-1.420653e+00,3.016527e-01,-1.820126e+00,-1.184512e+00,3.971574e+00,-5.921006e-01,4.062558e+00,1.860090e-01,-1.778800e-01
-4.172182e-01,2.690593e+00,-9.281975e-01,-2.357424e+00,3.753682e-01,1.792460e+00,4.180932e-01,1.794210e+00,-1.759292e+00,-1.983543e+00
-4.142915e-03,-2.572509e+00,1.149425e+00,4.203714e-01,-3.760077e-04,-3.137996e-03,1.912193e-03,-3.539560e-03,-1.731631e+00,2.460819e+00
7.822412e+00,-2.502798e+00,-2.628015e+00,-5.156321e+00,2.021466e+00,-6.928508e+00,-9.607502e-01,-7.913627e+00,-2.478183e+00,5.242488e+00
-3.397116e-03,-2.301388e+00,3.798504e+00,1.844491e+00,-7.172199e-04,1.440577e-04,1.009826e-03,8.527609e-04,3.836394e+00,-1.377072e+00
3.903974e-02,-3.321688e-01,1.184544e+00,-1.449086e+00,1.094100e-03,-2.402514e-03,-6.667496e-04,-1.386403e-04,3.873573e+00,-6.304806e+00
1.541697e+00,-4.804311e+00,-2.136934e+00,5.975386e-01,-3.869258e-01,2.456203e+00,-1.717720e-01,4.544096e-01,2.075905e+00,-2.509423e+00
-2.053092e+00,-3.066197e+00,-1.467651e-01,-2.872248e+00,-5.086929e-01,-7.396541e-01,3.821572e-01,9.220877e-02,6.884942e-01,7.578017e-01
