-1.409819e+00,-2.923094e-01,2.132484e+00,-2.682428e+00,-1.788091e+00,1.961044e+00,-6.296702e-01,1.543619e+00,2.274106e+00,-2.321946e+00
-3.104055e-02,-4.468548e-01,-1.678587e+00,-3.563783e-01,2.217087e-04,-3.549020e-03,3.699887e-04,3.207841e-03,3.284672e+00,2.001805e+00
-4.835941e-01,-5.817739e-01,1.418101e+00,-3.228067e+00,-1.185843e+00,3.971923e+00,-5.916577e-01,4.058527e+00,1.468678e+00,-9.067587e-01
-4.113602e-01,-1.480346e-01,1.653726e+00,3.701418e+00,3.776853e-01,1.799942e+00,4.135290e-01,1.782258e+00,-1.130387e+00,-4.760689e-01
-1.957210e-02,1.995901e+00,1.494234e+00,3.296009e+00,1.475191e-03,-1.340746e-03,-1.318736e-03,-1.990338e-04,4.481351e+00,-3.459390e+00
7.855723e+00,5.869162e+00,2.799518e+00,-1.855345e+00,2.022967e+00,-6.933474e+00,-9.582337e-01,-7.922433e+00,2.969130e+00,-1.127419e+00
-1.566401e-02,-1.783661e+00,-9.821948e-01,-1.709927e+00,-2.643953e-03,-7.747222e-04,-1.737363e-03,7.953757e-03,5.466163e-01,-2.417701e-01
-5.765101e-02,3.341622e+00,3.284739e-02,-4.363576e+00,2.182991e-03,-1.645114e-03,1.072022e-03,-7.882376e-03,4.599173e+00,-2.031560e+00
1.556258e+00,-4.687222e-02,-3.710738e+00,1.286942e+00,-3.862090e-01,2.460232e+00,-1.730539e-01,4.572068e-01,1.222749e-01,-3.336101e-01
-2.089572e+00,1.673252e-01,-2.639684e+00,-3.845493e+00,-5.087575e-01,-7.403620e-01,3.806075e-01,8.532147e-02,1.252613e+00,-7.996192e+00
