-1.450776e+00,4.823858e+00,-4.332963e+00,1.988470e-01,-1.790039e+00,1.963230e+00,-6.270240e-01,1.539667e+00,-6.113424e+00,2.157422e-02
1.797017e-02,-3.275315e+00,-6.957798e-01,-1.036219e+00,3.196908e-05,1.010780e-03,-4.962721e-04,-5.177881e-05,-1.434484e+00,-1.167804e+00
-4.110892e-01,-1.069553e-01,-1.843229e+00,-4.398733e+00,-1.184634e+00,3.970668e+00,-5.923309e-01,4.052583e+00,1.745625e+00,6.829682e-01
-4.324373e-01,1.259677e+00,1.945792e+00,-4.395292e-01,3.784152e-01,1.797745e+00,4.179936e-01,1.769351e+00,2.029390e+00,-1.444167e+00
1.798389e-03,6.252293e-01,1.913103e-01,6.209673e+00,-2.784974e-03,1.692261e-03,9.457164e-04,-2.633660e-03,-2.130878e+00,1.433447e+00
7.888115e+00,3.686367e+00,1.374582e+00,2.995101e+00,2.022726e+00,-6.929132e+00,-9.601884e-01,-7.930875e+00,-6.646971e+00,-2.841348e+00
-8.751807e-03,2.420218e+00,-2.083609e+00,8.235669e-01,1.029882e-03,7.758176e-04,1.555172e-03,5.400583e-03,3.006294e-01,1.547186e-01
-1.190501e-02,-7.321768e-01,-1.152177e+00,-5.411246e+00,-1.453318e-03,6.130445e-04,4.887907e-04,-7.786391e-03,3.067832e+00,-3.810199e+00
1.536326e+00,-3.979400e+00,-2.944593e+00,-4.251221e+00,-3.831242e-01,2.458884e+00,-1.713911e-01,4.581746e-01,-4.016214e+00,-8.916277e-01
-2.017699e+00,-2.506329e+00,-5.377524e-01,3.653881e+00,-5.072716e-01,-7.409150e-01,3.831357e-01,7.337385e-02,2.566722e-01,-2.203602e+00
