-1.427697e+00,-2.196445e+00,1.664048e+00,2.517422e+00,-1.788220e+00,1.962229e+00,-6.294105e-01,1.542108e+00,-2.954472e+00,-1.408396e+00
1.609548e-03,1.762345e+00,-1.347294e+00,-4.241821e+00,-3.415729e-04,-5.425927e-03,-3.474514e-04,5.314552e-03,1.252676e+00,7.774748e-01
-4.431017e-01,5.721440e-01,2.652571e+00,-3.713062e+00,-1.186322e+00,3.974166e+00,-5.952505e-01,4.060611e+00,-2.231420e+00,1.567192e+00
-3.902314e-01,2.069536e+00,-1.847772e+00,9.749701e-02,3.778886e-01,1.800694e+00,4.188796e-01,1.782099e+00,-1.461364e+00,-4.051419e+00
-1.398795e-02,4.041678e+00,6.586812e-01,4.768590e+00,5.444162e-04,2.132996e-03,3.294867e-04,-1.351047e-03,5.459416e+00,5.358463e+00
7.908868e+00,6.363368e-01,-1.830962e+00,4.529866e-01,2.021282e+00,-6.928108e+00,-9.631892e-01,-7.928932e+00,3.421704e+00,-2.774378e+00
8.364406e-04,-4.313887e+00,9.453989e-01,1.475809e+00,-1.116328e-03,-4.651135e-05,1.282140e-03,-7.607716e-04,1.397392e+00,1.048811e+00
-1.764182e-02,-1.567660e+00,-2.131691e+00,5.593484e+00,2.568989e-03,-1.754679e-03,8.610100e-04,-2.889230e-03,3.234232e+00,2.469095e+00
1.566674e+00,7.858489e-01,3.857812e+00,8.685187e-01,-3.852477e-01,2.458211e+00,-1.738118e-01,4.534212e-01,1.849550e+00,-4.434625e+00
-2.079869e+00,-1.440034e+00,4.552555e+00,1.270904e+00,-5.083482e-01,-7.376153e-01,3.789235e-01,8.405259e-02,-1.190451e+00,-1.251765e+00
