-1.430836e+00,3.999196e+00,8.197866e-01,-3.714855e+00,-1.787888e+00,1.959343e+00,-6.288802e-01,1.544622e+00,1.076084e+00,5.704433e+00
-1.585983e-02,-4.220163e+00,-3.559634e-01,1.375571e+00,-1.235232e-03,5.108764e-03,2.189009e-03,-8.739572e-04,-4.200581e+00,-2.577693e+00
-4.615861e-01,7.414920e-01,-2.433176e+00,2.118395e+00,-1.186750e+00,3.973628e+00,-5.925030e-01,4.065005e+00,2.381823e+00,-2.031069e+00
-4.251266e-01,3.576808e+00,4.585756e+00,2.073660e+00,3.767749e-01,1.792860e+00,4.195403e-01,1.778633e+00,3.956092e+00,5.109119e+00
1.410635e-02,-9.118523e-01,1.359481e+00,-3.649916e-01,4.561632e-04,4.837552e-04,7.209667e-04,-7.810352e-03,3.543552e+00,2.069192e+00
7.966610e+00,8.242253e-01,-3.271199e+00,3.921319e+00,2.022121e+00,-6.932433e+00,-9.566563e-01,-7.917213e+00,1.063042e+00,-7.061125e+00
-2.293514e-02,3.312090e+00,1.693415e+00,-6.932269e-01,-6.583467e-04,-1.084940e-03,-2.631310e-04,4.976322e-03,4.867182e+00,-1.206390e+00
1.427093e-02,-1.561437e-02,-1.596307e-01,-1.094828e+00,3.769533e-04,1.304558e-03,1.576984e-05,-7.165008e-03,3.072083e-01,-2.216900e+00
1.530904e+00,4.928728e+00,4.947180e+00,-2.420395e+00,-3.845298e-01,2.459721e+00,-1.720153e-01,4.553211e-01,1.425507e+00,3.179490e+00
-2.058074e+00,-2.219040e+00,-2.264134e+00,7.318855e-01,-5.101358e-01,-7.374115e-01,3.799155e-01,8.337092e-02,2.467187e+00,1.454068e+00
