-1.395187e+00,-2.036662e+00,-8.052845e-01,-1.985167e+00,-1.789072e+00,1.964713e+00,-6.271173e-01,1.540772e+00,4.021534e+00,3.596553e+00
5.759771e-03,6.142760e-01,3.829235e+00,-6.549847e-01,-8.280726e-04,-1.308951e-03,-1.621890e-03,6.411780e-04,-6.287768e-01,-1.098022e+00
-4.440308e-01,3.619774e-02,3.419106e+00,2.000823e+00,-1.185965e+00,3.975627e+00,-5.922699e-01,4.059773e+00,4.259462e+00,1.439797e+00
-3.973657e-01,-9.096238e-01,6.235503e-01,-1.781529e+00,3.825600e-01,1.795144e+00,4.169718e-01,1.778140e+00,8.087922e-01,-3.336226e+00
-1.827739e-02,-3.765284e-02,-1.787085e+00,-2.548164e+00,-5.272833e-04,3.073877e-03,-1.800142e-03,-4.125742e-03,-1.079483e+00,-9.235511e-01
7.850946e+00,-3.291486e+00,1.916860e+00,-2.680459e+00,2.022355e+00,-6.931266e+00,-9.602444e-01,-7.919431e+00,-1.357697e+00,2.239764e-02
-1.663150e-02,-1.487489e+00,1.427762e+00,1.238607e+00,-5.899600e-04,2.359690e-03,-7.470406e-04,3.171345e-03,-2.331379e+00,3.026705e+00
-1.061374e-04,1.176264e-01,1.370331e-01,3.570433e+00,-7.247295e-04,-4.281332e-03,4.306689e-03,-1.553980e-03,-3.999535e-01,5.222168e+00
1.588508e+00,-3.590765e+00,3.547749e-01,1.752375e+00,-3.859296e-01,2.460371e+00,-1.734757e-01,4.539366e-01,2.813380e+00,6.911721e+00
-2.052247e+00,-6.057867e-01,-7.886699e-01,-5.505107e-01,-5.070722e-01,-7.391968e-01,3.798591e-01,8.383119e-02,-7.611299e-01,-3.701525e-01
