-1.384671e+00,-1.210327e-01,3.485735e-01,5.489033e+00,-1.790456e+00,1.956688e+00,-6.281753e-01,1.546593e+00,-1.369640e+00,3.977634e+00
2.776357e-02,3.254545e+00,3.545121e-01,-2.146496e+00,5.401953e-04,-4.081035e-04,1.066873e-03,2.855377e-03,9.959725e-01,-4.422742e-01
-4.419497e-01,3.402652e+00,-5.811036e-01,3.543926e+00,-1.184981e+00,3.978602e+00,-5.918358e-01,4.062912e+00,3.438614e+00,-3.250445e+00
-4.043173e-01,-1.535613e+00,1.801936e+00,1.496548e+00,3.776500e-01,1.797334e+00,4.202451e-01,1.776757e+00,9.003666e-02,3.194484e+00
6.025106e-04,2.162271e+00,2.305274e+00,4.480255e+00,2.477687e-03,9.003328e-04,3.082804e-03,3.973134e-04,-1.997444e+00,-1.187621e+00
7.950125e+00,-1.527246e+00,-1.498331e-01,5.161944e+00,2.020417e+00,-6.925105e+00,-9.626357e-01,-7.924958e+00,6.743402e-01,-4.084155e-01
-3.638965e-02,-3.147389e+00,1.961222e+00,3.691557e-02,-1.384469e-03,5.297667e-04,2.002618e-03,4.330421e-03,3.081586e+00,-3.690591e+00
2.318600e-02,4.828035e+00,4.069392e+00,-5.871877e-01,1.326473e-03,-4.388838e-03,9.208964e-05,-1.051841e-03,-8.639278e-01,-2.586639e+00
1.569852e+00,-7.624466e-01,1.179481e+00,1.939882e-01,-3.823574e-01,2.459817e+00,-1.744048e-01,4.511227e-01,-1.430827e+00,-4.613223e-01
-2.053850e+00,3.324323e+00,2.629866e+00,2.941646e+00,-5.079200e-01,-7.367109e-01,3.802801e-01,9.048382e-02,1.089347e+00,-3.177592e+00
