-1.429634e+00,-2.663550e+00,-1.197943e+00,-1.410845e+00,-1.787511e+00,1.963651e+00,-6.278175e-01,1.549660e+00,1.520324e+00,-4.187327e+00
-5.241725e-03,2.717503e+00,-3.225859e+00,1.640625e+00,-3.693275e-04,-7.841590e-04,-6.459325e-05,4.619961e-03,-1.574360e+00,-2.376639e+00
-4.580387e-01,1.517307e+00,-2.750235e-01,1.474032e+00,-1.183319e+00,3.976218e+00,-5.926748e-01,4.059967e+00,2.227537e+00,-2.525291e+00
-3.697744e-01,-4.650681e-01,-3.003665e+00,-1.081233e+00,3.785031e-01,1.796591e+00,4.177706e-01,1.778391e+00,3.617840e+00,1.860672e+00
4.843473e-03,1.317442e+00,-4.402423e+00,-9.616998e-02,1.560624e-03,1.299074e-03,-2.072705e-03,9.862809e-03,-3.173363e-01,-2.647145e+00
7.930997e+00,1.935499e+00,3.138743e+00,5.544615e+00,2.024081e+00,-6.929830e+00,-9.574083e-01,-7.923239e+00,1.321027e+00,3.094615e+00
6.387554e-03,2.951910e+00,4.609647e+00,-4.019852e-01,-2.489785e-03,9.210593e-04,2.228962e-03,-3.963042e-04,-1.935993e+00,3.885212e-01
2.160994e-02,-3.222120e+00,4.308275e+00,3.824040e+00,5.195063e-04,2.002754e-03,9.060049e-04,-1.732984e-03,-3.200572e+00,-1.854019e+00
1.548572e+00,2.081571e+00,3.025739e+00,-1.135906e+00,-3.854127e-01,2.457405e+00,-1.725754e-01,4.468907e-01,-4.181203e+00,1.132392e+00
-2.030156e+00,-3.653112e+00,5.316810e+00,1.078198e+00,-5.091682e-01,-7.375642e-01,3.805094e-01,8.200926e-02,1.716798e+00,-3.101106e+00
