-1.465840e+00,2.213538e+00,4.781951e-01,-5.789699e-02,-1.789604e+00,1.964110e+00,-6.286859e-01,1.550742e+00,-3.824315e+00,2.185395e+00
8.821963e-03,4.575372e+00,-4.467474e+00,3.400086e+00,-1.313273e-03,8.876540e-05,2.306925e-04,-1.057641e-03,2.236667e+00,2.751243e+00
-4.771904e-01,-6.537684e+00,1.786961e+00,1.155653e+00,-1.183719e+00,3.973795e+00,-5.935318e-01,4.061072e+00,-1.637577e+00,6.338599e+00
-4.023282e-01,1.854344e+00,3.604674e+00,-2.597894e+00,3.774914e-01,1.795723e+00,4.184335e-01,1.780923e+00,-5.221362e-01,1.064752e+00
-1.176633e-02,-1.638420e+00,-1.567970e+00,1.590833e+00,-6.067298e-04,-2.672933e-03,-7.043567e-04,-1.162559e-03,4.883435e+00,-1.107325e+00
7.865727e+00,2.001220e+00,-1.007162e+00,1.090803e+00,2.021101e+00,-6.927575e+00,-9.639856e-01,-7.918947e+00,-1.619886e+00,-1.789900e+00
-3.527254e-02,-8.537156e+00,7.018797e-01,6.703126e+00,1.853045e-04,-2.225117e-03,1.460745e-03,-9.462524e-04,2.104872e-01,-3.501322e-01
1.975549e-02,1.441876e+00,5.601983e+00,-1.648255e+00,7.402409e-04,-4.016173e-03,1.745939e-03,-6.306084e-03,-6.335479e-01,6.644246e-01
1.577375e+00,-1.807402e+00,-2.106429e-01,-3.011769e+00,-3.855525e-01,2.456436e+00,-1.661158e-01,4.466996e-01,2.705535e-01,-1.304992e-01
-2.039837e+00,-1.847506e-01,2.081127e-01,-1.107718e+00,-5.103418e-01,-7.415309e-01,3.816527e-01,8.793216e-02,-2.148906e+00,1.790823e+00
