-1.424216e+00,1.551065e+00,-2.056020e+00,-1.288463e+00,-1.790000e+00,1.958454e+00,-6.302190e-01,1.537810e+00,6.529427e+00,3.043694e-01
-6.762701e-03,9.505878e-01,2.230292e+00,2.248379e+00,2.692337e-03,2.111008e-04,8.688235e-04,7.215007e-03,5.871098e-01,1.843549e+00
-4.391137e-01,-3.000384e+00,-4.535883e+00,-8.143082e-01,-1.185240e+00,3.971517e+00,-5.914775e-01,4.057241e+00,6.142548e+00,-5.625822e-01
-4.063236e-01,3.226709e+00,-4.786211e-01,-2.958724e+00,3.794893e-01,1.793924e+00,4.150669e-01,1.779522e+00,-9.213622e-01,-6.277153e-01
-1.590576e-02,1.484683e+00,-2.664832e+00,5.368919e-01,1.170967e-03,2.503708e-04,1.202246e-04,-4.721408e-03,3.126752e+00,-2.980595e+00
7.895177e+00,3.199281e+00,2.711344e+00,8.427424e-01,2.023352e+00,-6.930869e+00,-9.611253e-01,-7.926633e+00,4.487792e+00,-5.117478e-01
3.671406e-02,2.751507e-02,-5.360986e+00,9.118351e-01,5.790530e-05,-3.449981e-03,6.453834e-04,2.156350e-03,-5.234685e-01,1.146113e+00
-1.346261e-03,1.864927e+00,1.305215e+00,4.232924e+00,1.044119e-03,-2.192588e-03,3.513725e-04,-2.702378e-03,-8.283319e-01,1.222747e+00
1.595515e+00,-2.684548e+00,-6.547622e+00,-1.935876e+00,-3.838618e-01,2.456647e+00,-1.757772e-01,4.488199e-01,-1.844147e+00,2.796474e+00
-2.050744e+00,-9.264677e-01,1.267775e+00,5.536230e+00,-5.102044e-01,-7.414012e-01,3.808466e-01,8.584721e-02,-5.634145e+00,-1.119445e+00
