-1.447739e+00,4.268090e+00,3.029855e+00,2.920678e-02,-1.789178e+00,1.965142e+00,-6.305489e-01,1.542935e+00,1.387731e+00,-3.243527e-01
1.518675e-02,-1.197188e+00,-4.021444e+00,6.108982e-01,-1.074995e-04,2.777464e-03,2.343673e-03,-2.550106e-03,-3.760273e+00,-4.709799e+00
-4.751262e-01,-9.263457e-01,2.356019e+00,2.529498e+00,-1.185168e+00,3.972681e+00,-5.961548e-01,4.067780e+00,-6.971913e-01,2.215842e+00
-4.445590e-01,-2.297658e+00,-1.421859e+00,3.610803e+00,3.771222e-01,1.798976e+00,4.182631e-01,1.781185e+00,1.239163e+00,-9.878735e-01
1.679344e-02,-1.104957e+00,8.385263e-01,-4.492658e-01,7.320827e-04,8.057338e-04,-5.604551e-04,2.391364e-03,-1.176854e+00,1.238093e+00
7.979530e+00,4.708850e+00,1.277125e+00,-1.498948e+00,2.024483e+00,-6.924662e+00,-9.598949e-01,-7.920077e+00,-9.261665e-01,-4.111954e+00
-5.307648e-03,2.652328e+00,5.148072e-01,-6.057306e+00,-1.091475e-03,1.274492e-03,-3.887442e-03,5.347558e-04,6.008990e+00,-8.579594e-01
1.662205e-02,9.111214e-01,-5.133510e+00,4.250555e-01,3.122854e-03,-2.554490e-03,1.970561e-03,-4.078825e-03,-2.397088e+00,1.746442e+00
1.578813e+00,-2.473675e+00,-5.451265e-01,-5.751252e+00,-3.829916e-01,2.458604e+00,-1.728290e-01,4.600440e-01,-1.831409e-01,-3.683429e+00
-2.067881e+00,9.682284e-01,-1.963955e+00,9.266433e-01,-5.098695e-01,-7.419722e-01,3.834488e-01,8.258125e-02,2.195616e+00,3.459725e+00
