-1.441724e+00,3.050968e+00,-1.656985e+00,1.161474e+00,-1.789789e+00,1.961160e+00,-6.317393e-01,1.540823e+00,-1.932456e-01,-2.362771e+00
3.418804e-02,-3.448213e+00,2.456206e+00,4.708240e+00,-4.469633e-04,-2.761389e-03,7.359710e-04,1.486391e-03,-2.969351e+00,-3.478182e+00
-4.510021e-01,-4.634159e+00,2.188833e-01,3.992554e+00,-1.185371e+00,3.970525e+00,-5.949034e-01,4.062046e+00,1.149899e+00,-1.503602e+00
-3.937415e-01,-3.847909e+00,-1.052634e+00,8.654441e-01,3.786144e-01,1.794938e+00,4.196389e-01,1.783512e+00,2.189444e+00,3.669577e-01
3.527657e-03,-7.886885e-01,8.915622e-01,-3.647296e+00,-1.008847e-03,1.560002e-03,1.457936e-03,4.454384e-03,1.472813e+00,9.678345e-01
7.925661e+00,5.172666e+00,-3.356201e-01,-1.969690e+00,2.024629e+00,-6.927475e+00,-9.623874e-01,-7.924141e+00,3.392853e-01,1.889890e+00
1.489377e-02,9.993545e-01,1.246255e+00,-2.434461e+00,-9.607669e-04,-1.666228e-03,-1.961803e-03,1.076216e-03,3.403231e+00,-1.114988e+00
4.080358e-03,3.129206e+00,2.200651e+00,-3.286518e+00,1.363780e-03,-3.128897e-03,3.116347e-03,-6.934492e-03,1.820359e+00,2.730421e+00
1.540628e+00,1.982518e+00,-9.517139e-01,1.032875e+00,-3.858477e-01,2.456890e+00,-1.701790e-01,4.524110e-01,9.841129e-01,2.983225e+00
-2.036199e+00,1.566437e+00,-3.581530e+00,-1.595248e-01,-5.092228e-01,-7.384335e-01,3.847764e-01,8.031720e-02,-1.514399e+00,3.176390e-01
