-1.419626e+00,-7.179727e-01,2.316960e+00,1.672636e+00,-1.787673e+00,1.957647e+00,-6.258725e-01,1.546388e+00,-7.194545e-01,-6.986018e-01
-2.360726e-02,-1.553606e+00,-4.471320e-01,-2.275192e+00,1.232454e-04,2.553037e-04,6.563685e-04,5.849386e-03,-8.719111e-01,-1.451826e+00
-4.540671e-01,3.324551e-01,3.902715e+00,1.216174e-01,-1.185554e+00,3.973385e+00,-5.962189e-01,4.064098e+00,6.751454e-01,3.227973e+00
-4.491447e-01,-4.023908e-01,4.074402e-01,-1.196397e+00,3.806773e-01,1.793515e+00,4.169074e-01,1.774075e+00,-5.653355e-01,1.005576e+00
1.103326e-02,4.680984e-01,-2.459173e+00,2.222974e+00,1.613878e-04,-3.765986e-03,2.683894e-03,-6.704707e-04,3.965019e-01,4.694890e-01
7.924165e+00,1.528979e-01,-2.125910e+00,-1.029456e+00,2.023377e+00,-6.925697e+00,-9.633868e-01,-7.922128e+00,5.032019e+00,3.875571e+00
1.970751e-02,-5.120314e+00,3.328168e+00,-1.396916e+00,2.328782e-04,-7.973683e-04,1.711196e-03,1.603142e-03,2.675293e+00,5.800994e-01
-2.057959e-02,3.714514e+00,1.116003e+00,1.597407e+00,-3.141105e-04,2.964642e-03,-1.031675e-03,-8.769442e-03,1.075535e+00,-1.583465e+00
1.561377e+00,1.763670e+00,-4.109228e-01,3.115399e+00,-3.832417e-01,2.454908e+00,-1.747246e-01,4.556267e-01,1.146008e+00,2.077489e+00
-2.048932e+00,6.266650e-01,2.623154e-01,2.501552e+00,-5.086105e-01,-7.353556e-01,3.792954e-01,8.146429e-02,-4.365053e+00,2.129280e+00
