-1.407259e+00,8.388812e-02,-7.268323e+00,-2.522648e+00,-1.791087e+00,1.960431e+00,-6.277891e-01,1.547540e+00,2.741238e+00,-2.900507e+00
-1.046162e-02,1.578631e-01,1.145895e-01,-5.651233e-01,1.701867e-04,1.840660e-03,-4.026875e-04,4.160175e-03,2.775441e+00,2.409388e-01
-4.682690e-01,-2.206909e+00,7.435155e-01,4.586284e+00,-1.185899e+00,3.974935e+00,-5.958882e-01,4.063484e+00,-6.948872e+00,1.878461e+00
-4.118856e-01,8.563759e-01,-2.623521e+00,-3.391570e+00,3.785869e-01,1.789593e+00,4.170725e-01,1.786966e+00,-2.691658e+00,-2.048927e+00
2.338786e-02,-9.920059e-01,-5.833665e-01,3.183893e+00,1.456648e-03,-1.773346e-03,-3.222145e-03,-4.418122e-04,-2.951061e+00,6.724088e-01
7.890008e+00,1.706187e+00,1.688901e+00,3.591050e+00,2.022563e+00,-6.929309e+00,-9.643185e-01,-7.921534e+00,-4.189647e+00,1.549687e+00
-2.151188e-03,1.276443e+00,-2.015574e+00,1.021870e+00,-5.076845e-04,1.095876e-03,-3.065113e-03,3.728861e-03,1.064609e+00,-5.581117e-01
-2.584693e-03,-2.847624e+00,-9.556165e-01,-1.075445e-02,8.431883e-04,-2.772575e-03,2.230800e-04,6.219964e-04,2.283798e+00,7.460837e-01
1.535167e+00,1.697377e+00,-1.859171e+00,-1.198050e-01,-3.873621e-01,2.458164e+00,-1.745004e-01,4.549878e-01,2.469020e+00,-2.035660e+00
-2.043466e+00,8.570792e-01,-4.415686e+00,2.649485e+00,-5.079816e-01,-7.387254e-01,3.812588e-01,8.307732e-02,-3.092442e+00,1.250712e-01
