-1.421433e+00,-1.572687e+00,5.503420e+00,3.524498e+00,-1.788966e+00,1.963154e+00,-6.306293e-01,1.542732e+00,1.659970e+00,2.332500e+00
-8.628435e-04,-7.812785e-01,2.553963e-01,8.391205e-01,-6.750249e-04,-1.710222e-03,-1.627931e-04,8.296806e-03,-1.313647e+00,-8.213400e-01
-4.498167e-01,-2.142489e+00,1.151752e+00,1.793962e+00,-1.183525e+00,3.972543e+00,-5.900155e-01,4.061240e+00,4.703008e-01,-1.309398e+00
-3.846195e-01,3.442147e-02,7.686390e-02,4.430323e+00,3.781471e-01,1.796307e+00,4.149354e-01,1.787985e+00,5.606574e-01,2.547773e+00
-2.147569e-02,-1.339512e+00,-5.790170e+00,-1.794111e-01,-2.888377e-04,-2.498640e-03,-1.226039e-03,3.847384e-03,7.644113e-01,4.810328e+00
7.922161e+00,-6.220598e-01,1.953355e+00,4.236668e+00,2.021797e+00,-6.926786e+00,-9.629126e-01,-7.911770e+00,-6.209750e-01,8.768865e-01
-2.683742e-04,4.465422e+00,3.357444e-01,3.882339e+00,4.008370e-04,-3.607623e-04,-1.379571e-04,4.804183e-03,-1.340459e-01,3.929561e+00
1.017071e-03,-1.819965e+00,-6.209469e-01,4.716563e-01,9.686981e-04,1.844916e-04,6.301797e-04,-3.059091e-03,-3.824697e+00,-9.309632e-01
1.550081e+00,1.116600e-01,1.978743e+00,2.724445e+00,-3.837489e-01,2.459878e+00,-1.776208e-01,4.502515e-01,4.661066e-01,5.678456e-01
-2.060225e+00,-8.425391e-02,3.164054e+00,-7.902811e-01,-5.061645e-01,-7.393545e-01,3.812317e-01,7.906532e-02,-2.365041e+00,2.621144e+00
