-1.427392e+00,-1.091560e+00,1.514012e+00,1.737909e+00,-1.788785e+00,1.964682e+00,-6.249822e-01,1.545059e+00,4.173987e-01,-1.323564e+00
-2.546691e-02,-4.483149e+00,-2.108155e+00,-1.193530e+00,-2.866457e-03,2.159618e-03,1.211046e-03,-5.047638e-03,1.711759e-01,-2.848787e+00
-4.725496e-01,-1.920776e+00,5.611625e-01,-6.047171e-02,-1.184062e+00,3.969024e+00,-5.946107e-01,4.065396e+00,3.700688e-01,1.227270e+00
-4.284536e-01,-1.863882e+00,-5.596904e-01,-1.672092e+00,3.779373e-01,1.796855e+00,4.187193e-01,1.779988e+00,1.261256e+00,1.711404e-01
-1.053067e-02,3.665772e+00,-1.291649e+00,1.086204e+00,6.652428e-04,4.471100e-03,2.302326e-03,1.646217e-03,-2.533808e+00,-3.128884e-01
7.867708e+00,2.170230e+00,-4.415847e+00,2.220365e+00,2.024910e+00,-6.923403e+00,-9.609838e-01,-7.925681e+00,5.636122e-02,-1.537912e-01
-4.451012e-02,2.330128e+00,-2.312143e+00,2.114377e+00,-2.194630e-04,-1.306465e-04,-2.939540e-03,2.851322e-03,2.451420e+00,-4.968703e-01
-3.181571e-02,-1.940535e-01,-1.680076e+00,1.393004e+00,1.548785e-03,-4.828423e-03,3.275533e-03,1.056416e-03,1.541724e+00,3.224632e-01
1.544061e+00,-1.858716e+00,-3.144310e+00,7.139351e-01,-3.853216e-01,2.457866e+00,-1.741859e-01,4.505764e-01,-2.911391e+00,-3.206257e+00
-2.035327e+00,-3.280149e+00,1.953440e+00,2.978937e+00,-5.076145e-01,-7.399894e-01,3.787749e-01,8.457501e-02,2.915616e+00,1.114259e+00
