-1.434158e+00,5.355883e-01,6.425635e-01,-7.608710e-01,-1.787899e+00,1.962098e+00,-6.323115e-01,1.549043e+00,5.412638e-01,4.203083e+00
-2.687382e-03,-1.412078e-01,3.524363e+00,2.050034e+00,-7.338721e-04,-5.980817e-04,2.049281e-03,9.903413e-04,-3.391546e+00,3.814578e+00
-4.633041e-01,1.738650e+00,1.638063e+00,-2.770326e-01,-1.183938e+00,3.970332e+00,-5.940868e-01,4.057780e+00,-1.303817e+00,-1.384919e+00
-3.887225e-01,-8.505568e-01,8.176889e-01,-5.790760e-02,3.790384e-01,1.798570e+00,4.158327e-01,1.783715e+00,1.430198e+00,2.782923e+00
-1.297311e-02,-3.175718e-01,-3.880575e+00,-1.007435e+00,-8.389879e-04,2.846227e-03,-1.578873e-03,2.041669e-03,1.185043e+00,-1.816770e+00
7.940006e+00,1.051039e+00,8.968617e-01,2.720475e+00,2.022638e+00,-6.928705e+00,-9.591350e-01,-7.936075e+00,-2.012450e+00,-4.748185e+00
-1.428971e-03,-1.474537e+00,-1.549069e+00,2.039948e+00,-7.481557e-04,-9.500616e-04,8.075786e-04,4.304813e-04,1.693620e+00,8.250556e-01
-9.247706e-03,-9.614630e-01,-3.736454e+00,-3.620413e+00,-1.009087e-03,-9.874874e-04,-1.142698e-03,-5.865994e-03,-1.718156e+00,2.016924e+00
1.537955e+00,1.119214e+00,-9.052991e-01,1.146013e+00,-3.850542e-01,2.457822e+00,-1.781922e-01,4.508288e-01,8.243465e-01,3.517659e+00
-2.062741e+00,-2.930817e-01,8.627146e-02,2.647587e-01,-5.064875e-01,-7.427450e-01,3.827170e-01,8.433239e-02,-1.526145e+00,-1.834269e+00
