Id,Group
1,147
2,147
3,147
4,147
5,147
6,147
7,147
8,147
9,147
10,147
11,147
12,135
13,147
14,135
15,147
16,135
17,135
18,135
19,135
20,135
21,135
22,135
23,135
24,135
25,135
26,135
27,135
28,135
29,135
30,74
31,135
32,74
33,74
34,43
35,43
36,43
37,43
38,43
39,74
40,43
41,43
42,43
43,43
44,43
45,74
46,43
47,43
48,43
49,74
50,36
51,43
52,36
53,74
54,36
55,36
56,74
57,36
58,36
59,74
60,36
61,36
62,74
63,36
64,74
65,36
66,36
67,74
68,36
69,36
70,74
71,36
72,74
73,36
74,36
75,74
76,36
77,121
78,93
79,93
80,74
81,34
82,34
83,34
84,34
85,34
86,34
87,93
88,34
89,34
90,34
91,121
92,34
93,93
94,34
95,34
96,34
97,93
98,121
99,114
100,34
101,114
102,93
103,114
104,121
105,114
106,93
107,114
108,121
109,114
110,93
111,114
112,114
113,93
114,121
115,114
116,114
117,93
118,121
119,114
120,93
121,114
122,121
123,114
124,93
125,114
126,121
127,93
128,114
129,114
130,93
131,121
132,114
133,93
134,61
135,121
136,114
137,93
138,24
139,24
140,24
141,24
142,24
143,24
144,61
145,24
146,24
147,121
148,24
149,24
150,93
151,61
152,24
153,24
154,24
155,121
156,61
157,51
158,93
159,24
160,51
161,61
162,51
163,60
164,121
165,51
166,61
167,51
168,51
169,93
170,61
171,121
172,51
173,51
174,61
175,60
176,51
177,88
178,51
179,61
180,60
181,51
182,61
183,51
184,121
185,51
186,60
187,61
188,51
189,88
190,51
191,60
192,61
193,51
194,61
195,88
196,60
197,51
198,97
199,61
200,60
201,88
202,51
203,131
204,131
205,131
206,61
207,131
208,131
209,131
210,131
211,97
212,131
213,131
214,60
215,131
216,61
217,131
218,88
219,97
220,131
221,131
222,131
223,97
224,60
225,61
226,131
227,125
228,88
229,97
230,131
231,134
232,125
233,60
234,97
235,125
236,125
237,88
238,61
239,97
240,125
241,60
242,125
243,97
244,134
245,125
246,88
247,125
248,60
249,97
250,125
251,134
252,97
253,125
254,88
255,60
256,125
257,134
258,97
259,125
260,60
261,125
262,88
263,97
264,134
265,125
266,97
267,125
268,134
269,60
270,88
271,125
272,97
273,134
274,125
275,145
276,145
277,60
278,145
279,145
280,145
281,97
282,145
283,88
284,145
285,75
286,145
287,145
288,145
289,134
290,145
291,97
292,125
293,145
294,60
295,145
296,145
297,88
298,75
299,145
300,134
301,97
302,129
303,75
304,145
305,150
306,129
307,76
308,134
309,75
310,129
311,88
312,129
313,150
314,97
315,75
316,129
317,134
318,129
319,75
320,88
321,129
322,76
323,150
324,129
325,75
326,134
327,129
328,76
329,129
330,75
331,128
332,150
333,134
334,129
335,76
336,75
337,129
338,129
339,88
340,75
341,134
342,76
343,150
344,129
345,75
346,129
347,76
348,134
349,128
350,150
351,129
352,75
353,129
354,76
355,137
356,137
357,137
358,137
359,137
360,80
361,137
362,75
363,137
364,137
365,62
366,150
367,137
368,128
369,137
370,76
371,137
372,129
373,75
374,137
375,137
376,134
377,17
378,62
379,137
380,150
381,75
382,76
383,17
384,128
385,62
386,17
387,80
388,17
389,75
390,17
391,62
392,76
393,150
394,17
395,128
396,62
397,17
398,75
399,80
400,17
401,76
402,62
403,17
404,109
405,150
406,17
407,80
408,62
409,128
410,76
411,17
412,75
413,17
414,62
415,150
416,17
417,80
418,76
419,109
420,62
421,128
422,17
423,17
424,62
425,150
426,76
427,109
428,80
429,17
430,62
431,128
432,17
433,109
434,76
435,94
436,150
437,80
438,62
439,94
440,18
441,18
442,18
443,109
444,18
445,18
446,18
447,18
448,62
449,128
450,15
451,18
452,94
453,18
454,18
455,80
456,18
457,150
458,109
459,94
460,18
461,62
462,18
463,76
464,18
465,94
466,18
467,128
468,62
469,95
470,109
471,80
472,18
473,94
474,150
475,95
476,15
477,62
478,95
479,94
480,109
481,95
482,80
483,128
484,95
485,94
486,62
487,150
488,15
489,95
490,109
491,94
492,95
493,111
494,95
495,80
496,94
497,128
498,15
499,95
500,109
501,150
502,62
503,95
504,94
505,95
506,80
507,109
508,15
509,111
510,94
511,95
512,128
513,150
514,95
515,94
516,111
517,109
518,95
519,80
520,15
521,94
522,95
523,128
524,55
525,111
526,109
527,59
528,94
529,15
530,80
531,22
532,95
533,22
534,22
535,22
536,22
537,111
538,22
539,22
540,94
541,22
542,59
543,109
544,22
545,150
546,22
547,128
548,22
549,15
550,22
551,59
552,111
553,80
554,65
555,22
556,22
557,109
558,59
559,22
560,48
561,94
562,111
563,55
564,48
565,15
566,59
567,128
568,48
569,80
570,109
571,48
572,65
573,59
574,111
575,48
576,48
577,15
578,59
579,65
580,55
581,48
582,109
583,80
584,128
585,111
586,48
587,59
588,65
589,48
590,15
591,59
592,48
593,83
594,111
595,55
596,107
597,48
598,65
599,59
600,84
601,48
602,15
603,111
604,59
605,48
606,65
607,83
608,48
609,55
610,107
611,59
612,65
613,26
614,111
615,84
616,15
617,83
618,59
619,48
620,65
621,26
622,107
623,55
624,111
625,59
626,122
627,83
628,122
629,122
630,26
631,122
632,15
633,122
634,122
635,84
636,122
637,65
638,122
639,59
640,122
641,26
642,64
643,122
644,122
645,107
646,122
647,26
648,55
649,83
650,122
651,65
652,59
653,15
654,142
655,122
656,26
657,111
658,84
659,142
660,59
661,142
662,65
663,26
664,83
665,107
666,142
667,55
668,142
669,101
670,148
671,26
672,64
673,142
674,65
675,142
676,26
677,84
678,59
679,83
680,142
681,107
682,64
683,142
684,15
685,26
686,65
687,55
688,142
689,148
690,26
691,142
692,83
693,64
694,65
695,84
696,142
697,148
698,107
699,26
700,101
701,142
702,55
703,142
704,26
705,65
706,83
707,148
708,64
709,142
710,26
711,107
712,101
713,84
714,142
715,148
716,65
717,55
718,64
719,83
720,142
721,26
722,148
723,68
724,65
725,26
726,101
727,107
728,12
729,12
730,12
731,142
732,12
733,12
734,84
735,64
736,12
737,12
738,83
739,12
740,148
741,12
742,26
743,68
744,55
745,12
746,12
747,65
748,12
749,68
750,12
751,101
752,86
753,148
754,64
755,12
756,107
757,83
758,12
759,68
760,10
761,84
762,65
763,26
764,12
765,55
766,68
767,148
768,10
769,64
770,101
771,10
772,68
773,86
774,83
775,107
776,10
777,89
778,148
779,10
780,68
781,84
782,10
783,86
784,64
785,55
786,10
787,68
788,89
789,101
790,148
791,83
792,10
793,86
794,107
795,68
796,10
797,64
798,10
799,148
800,89
801,86
802,68
803,84
804,55
805,10
806,101
807,83
808,10
809,68
810,107
811,86
812,148
813,64
814,89
815,10
816,68
817,10
818,83
819,86
820,101
821,84
822,148
823,55
824,10
825,68
826,89
827,64
828,107
829,10
830,86
831,68
832,148
833,44
834,44
835,44
836,44
837,10
838,44
839,83
840,44
841,101
842,44
843,89
844,44
845,44
846,86
847,64
848,10
849,68
850,55
851,84
852,44
853,44
854,44
855,148
856,107
857,10
858,44
859,79
860,44
861,86
862,83
863,89
864,44
865,49
866,101
867,37
868,64
869,148
870,44
871,68
872,49
873,55
874,37
875,86
876,84
877,107
878,37
879,89
880,49
881,79
882,83
883,37
884,136
885,126
886,37
887,101
888,86
889,49
890,37
891,79
892,37
893,89
894,55
895,49
896,148
897,107
898,84
899,86
900,37
901,83
902,126
903,79
904,37
905,49
906,101
907,37
908,89
909,86
910,136
911,79
912,49
913,37
914,7
915,102
916,126
917,107
918,37
919,49
920,84
921,79
922,86
923,37
924,101
925,89
926,136
927,49
928,37
929,79
930,126
931,86
932,83
933,37
934,49
935,55
936,107
937,136
938,89
939,37
940,82
941,79
942,101
943,30
944,49
945,30
946,30
947,30
948,30
949,86
950,37
951,30
952,30
953,30
954,126
955,30
956,136
957,102
958,37
959,79
960,30
961,49
962,89
963,30
964,30
965,107
966,7
967,69
968,30
969,37
970,106
971,101
972,49
973,79
974,30
975,84
976,37
977,136
978,126
979,106
980,106
981,89
982,102
983,49
984,86
985,37
986,106
987,79
988,106
989,7
990,92
991,7
992,106
993,136
994,49
995,101
996,126
997,106
998,69
999,89
1000,79
1001,82
1002,37
1003,106
1004,102
1005,49
1006,106
1007,92
1008,136
1009,106
1010,69
1011,79
1012,7
1013,105
1014,102
1015,126
1016,106
1017,7
1018,89
1019,92
1020,106
1021,102
1022,79
1023,82
1024,136
1025,92
1026,49
1027,106
1028,69
1029,106
1030,92
1031,89
1032,126
1033,7
1034,101
1035,105
1036,106
1037,79
1038,7
1039,69
1040,136
1041,102
1042,92
1043,106
1044,105
1045,106
1046,82
1047,79
1048,92
1049,89
1050,126
1051,69
1052,63
1053,136
1054,102
1055,7
1056,105
1057,38
1058,38
1059,38
1060,38
1061,92
1062,38
1063,106
1064,102
1065,38
1066,79
1067,38
1068,7
1069,38
1070,38
1071,38
1072,63
1073,89
1074,92
1075,105
1076,69
1077,38
1078,126
1079,38
1080,136
1081,82
1082,38
1083,63
1084,31
1085,23
1086,102
1087,92
1088,38
1089,7
1090,105
1091,102
1092,63
1093,23
1094,69
1095,23
1096,89
1097,7
1098,92
1099,63
1100,136
1101,23
1102,79
1103,126
1104,105
1105,23
1106,63
1107,23
1108,92
1109,82
1110,69
1111,102
1112,23
1113,102
1114,7
1115,31
1116,11
1117,63
1118,105
1119,23
1120,136
1121,92
1122,23
1123,126
1124,7
1125,63
1126,23
1127,69
1128,105
1129,31
1130,92
1131,23
1132,63
1133,102
1134,11
1135,136
1136,102
1137,82
1138,23
1139,7
1140,63
1141,23
1142,105
1143,92
1144,126
1145,69
1146,31
1147,23
1148,7
1149,63
1150,136
1151,92
1152,23
1153,11
1154,105
1155,102
1156,102
1157,31
1158,63
1159,23
1160,69
1161,7
1162,82
1163,126
1164,92
1165,23
1166,63
1167,105
1168,136
1169,138
1170,7
1171,11
1172,31
1173,58
1174,58
1175,58
1176,92
1177,69
1178,58
1179,58
1180,63
1181,58
1182,23
1183,102
1184,58
1185,102
1186,58
1187,105
1188,58
1189,126
1190,58
1191,138
1192,7
1193,58
1194,63
1195,92
1196,58
1197,82
1198,31
1199,11
1200,58
1201,138
1202,11
1203,69
1204,149
1205,105
1206,58
1207,63
1208,7
1209,92
1210,138
1211,149
1212,102
1213,149
1214,102
1215,11
1216,31
1217,149
1218,63
1219,138
1220,11
1221,105
1222,69
1223,149
1224,7
1225,92
1226,11
1227,149
1228,138
1229,82
1230,112
1231,149
1232,31
1233,138
1234,149
1235,102
1236,105
1237,7
1238,85
1239,126
1240,11
1241,102
1242,69
1243,149
1244,63
1245,138
1246,149
1247,11
1248,7
1249,31
1250,92
1251,149
1252,105
1253,112
1254,138
1255,149
1256,82
1257,69
1258,11
1259,102
1260,11
1261,138
1262,149
1263,112
1264,85
1265,7
1266,4
1267,31
1268,67
1269,11
1270,78
1271,138
1272,149
1273,112
1274,7
1275,69
1276,85
1277,11
1278,78
1279,138
1280,105
1281,11
1282,31
1283,102
1284,82
1285,78
1286,112
1287,11
1288,102
1289,138
1290,85
1291,7
1292,78
1293,69
1294,28
1295,28
1296,28
1297,28
1298,67
1299,28
1300,112
1301,11
1302,28
1303,138
1304,78
1305,28
1306,31
1307,7
1308,28
1309,28
1310,85
1311,28
1312,11
1313,78
1314,102
1315,28
1316,138
1317,11
1318,28
1319,112
1320,28
1321,67
1322,82
1323,78
1324,69
1325,4
1326,70
1327,31
1328,28
1329,11
1330,7
1331,85
1332,91
1333,70
1334,78
1335,112
1336,70
1337,7
1338,70
1339,11
1340,67
1341,78
1342,138
1343,11
1344,4
1345,70
1346,69
1347,85
1348,31
1349,112
1350,70
1351,78
1352,11
1353,4
1354,91
1355,70
1356,82
1357,70
1358,67
1359,78
1360,7
1361,85
1362,112
1363,70
1364,91
1365,11
1366,13
1367,11
1368,31
1369,78
1370,7
1371,70
1372,4
1373,11
1374,70
1375,112
1376,67
1377,91
1378,78
1379,85
1380,70
1381,4
1382,70
1383,82
1384,31
1385,78
1386,13
1387,91
1388,7
1389,112
1390,11
1391,11
1392,70
1393,85
1394,67
1395,4
1396,78
1397,11
1398,7
1399,70
1400,91
1401,112
1402,70
1403,13
1404,78
1405,4
1406,13
1407,85
1408,67
1409,70
1410,91
1411,11
1412,4
1413,78
1414,82
1415,112
1416,11
1417,21
1418,4
1419,124
1420,124
1421,124
1422,4
1423,124
1424,124
1425,124
1426,31
1427,4
1428,91
1429,124
1430,85
1431,70
1432,104
1433,124
1434,13
1435,124
1436,67
1437,124
1438,112
1439,124
1440,21
1441,4
1442,124
1443,78
1444,11
1445,91
1446,124
1447,11
1448,21
1449,11
1450,124
1451,85
1452,124
1453,13
1454,104
1455,141
1456,82
1457,67
1458,112
1459,4
1460,21
1461,4
1462,13
1463,91
1464,124
1465,4
1466,141
1467,21
1468,104
1469,85
1470,141
1471,11
1472,4
1473,112
1474,141
1475,11
1476,91
1477,13
1478,21
1479,4
1480,67
1481,141
1482,104
1483,13
1484,141
1485,21
1486,4
1487,85
1488,141
1489,91
1490,66
1491,82
1492,4
1493,104
1494,21
1495,141
1496,4
1497,13
1498,67
1499,11
1500,11
1501,141
1502,4
1503,4
1504,91
1505,21
1506,104
1507,13
1508,85
1509,141
1510,112
1511,141
1512,21
1513,4
1514,104
1515,67
1516,13
1517,91
1518,141
1519,4
1520,66
1521,11
1522,11
1523,21
1524,82
1525,85
1526,141
1527,4
1528,13
1529,104
1530,6
1531,141
1532,4
1533,91
1534,21
1535,67
1536,141
1537,66
1538,13
1539,104
1540,85
1541,4
1542,21
1543,141
1544,11
1545,52
1546,56
1547,52
1548,52
1549,6
1550,52
1551,52
1552,52
1553,13
1554,52
1555,141
1556,52
1557,21
1558,4
1559,104
1560,52
1561,4
1562,66
1563,54
1564,67
1565,6
1566,52
1567,52
1568,85
1569,141
1570,13
1571,4
1572,91
1573,52
1574,21
1575,52
1576,104
1577,20
1578,141
1579,4
1580,13
1581,52
1582,66
1583,13
1584,6
1585,20
1586,87
1587,67
1588,57
1589,56
1590,20
1591,85
1592,104
1593,20
1594,13
1595,6
1596,57
1597,4
1598,4
1599,21
1600,20
1601,54
1602,66
1603,4
1604,20
1605,56
1606,57
1607,104
1608,20
1609,13
1610,67
1611,13
1612,85
1613,87
1614,4
1615,6
1616,20
1617,57
1618,13
1619,20
1620,66
1621,104
1622,56
1623,87
1624,6
1625,20
1626,57
1627,20
1628,123
1629,4
1630,123
1631,4
1632,4
1633,13
1634,57
1635,13
1636,87
1637,104
1638,20
1639,54
1640,56
1641,66
1642,6
1643,13
1644,4
1645,20
1646,57
1647,87
1648,20
1649,104
1650,85
1651,6
1652,123
1653,57
1654,20
1655,56
1656,66
1657,13
1658,13
1659,87
1660,20
1661,4
1662,13
1663,57
1664,4
1665,4
1666,104
1667,6
1668,20
1669,54
1670,123
1671,4
1672,56
1673,87
1674,123
1675,57
1676,66
1677,20
1678,33
1679,33
1680,33
1681,33
1682,33
1683,77
1684,33
1685,6
1686,33
1687,13
1688,33
1689,20
1690,57
1691,33
1692,6
1693,87
1694,13
1695,33
1696,56
1697,33
1698,123
1699,42
1700,33
1701,66
1702,6
1703,53
1704,33
1705,77
1706,53
1707,57
1708,123
1709,53
1710,46
1711,20
1712,87
1713,53
1714,33
1715,54
1716,46
1717,56
1718,57
1719,42
1720,13
1721,46
1722,6
1723,13
1724,77
1725,123
1726,6
1727,46
1728,87
1729,66
1730,42
1731,46
1732,57
1733,123
1734,46
1735,6
1736,56
1737,42
1738,46
1739,77
1740,87
1741,53
1742,53
1743,57
1744,53
1745,46
1746,53
1747,123
1748,66
1749,13
1750,42
1751,13
1752,46
1753,6
1754,6
1755,54
1756,87
1757,123
1758,46
1759,56
1760,57
1761,77
1762,42
1763,46
1764,6
1765,42
1766,66
1767,46
1768,123
1769,40
1770,87
1771,13
1772,13
1773,53
1774,77
1775,46
1776,56
1777,53
1778,53
1779,42
1780,123
1781,6
1782,100
1783,53
1784,57
1785,6
1786,73
1787,42
1788,46
1789,66
1790,123
1791,54
1792,77
1793,56
1794,6
1795,40
1796,100
1797,42
1798,123
1799,13
1800,87
1801,100
1802,123
1803,53
1804,40
1805,53
1806,77
1807,66
1808,6
1809,42
1810,53
1811,100
1812,41
1813,41
1814,41
1815,41
1816,41
1817,56
1818,123
1819,41
1820,6
1821,41
1822,73
1823,53
1824,41
1825,100
1826,41
1827,42
1828,41
1829,40
1830,41
1831,6
1832,13
1833,100
1834,41
1835,77
1836,123
1837,2
1838,54
1839,41
1840,66
1841,42
1842,25
1843,73
1844,56
1845,100
1846,41
1847,40
1848,123
1849,6
1850,25
1851,53
1852,53
1853,100
1854,42
1855,25
1856,77
1857,53
1858,53
1859,25
1860,73
1861,40
1862,2
1863,100
1864,108
1865,123
1866,25
1867,56
1868,53
1869,6
1870,42
1871,2
1872,25
1873,123
1874,100
1875,25
1876,77
1877,40
1878,73
1879,54
1880,6
1881,25
1882,72
1883,100
1884,25
1885,56
1886,66
1887,53
1888,53
1889,123
1890,123
1891,53
1892,25
1893,40
1894,42
1895,100
1896,53
1897,77
1898,73
1899,2
1900,123
1901,25
1902,6
1903,54
1904,25
1905,100
1906,72
1907,56
1908,40
1909,6
1910,108
1911,25
1912,73
1913,100
1914,77
1915,123
1916,25
1917,2
1918,54
1919,72
1920,123
1921,53
1922,53
1923,53
1924,40
1925,25
1926,100
1927,2
1928,56
1929,6
1930,53
1931,73
1932,25
1933,108
1934,72
1935,77
1936,71
1937,25
1938,40
1939,6
1940,53
1941,123
1942,2
1943,146
1944,123
1945,146
1946,25
1947,146
1948,100
1949,72
1950,146
1951,146
1952,73
1953,146
1954,108
1955,146
1956,146
1957,77
1958,2
1959,25
1960,146
1961,53
1962,40
1963,108
1964,53
1965,54
1966,146
1967,71
1968,53
1969,146
1970,72
1971,6
1972,146
1973,132
1974,146
1975,53
1976,73
1977,146
1978,123
1979,71
1980,6
1981,123
1982,132
1983,40
1984,146
1985,56
1986,2
1987,77
1988,72
1989,115
1990,54
1991,108
1992,146
1993,132
1994,71
1995,2
1996,115
1997,73
1998,115
1999,40
2000,132
2001,72
2002,119
2003,53
2004,119
2005,115
2006,71
2007,108
2008,14
2009,53
2010,123
2011,123
2012,54
2013,115
2014,132
2015,2
2016,2
2017,108
2018,115
2019,53
2020,72
2021,73
2022,40
2023,71
2024,132
2025,115
2026,2
2027,115
2028,77
2029,108
2030,3
2031,132
2032,71
2033,72
2034,115
2035,108
2036,123
2037,40
2038,119
2039,73
2040,53
2041,119
2042,115
2043,108
2044,132
2045,2
2046,53
2047,71
2048,2
2049,115
2050,72
2051,54
2052,14
2053,132
2054,108
2055,40
2056,115
2057,53
2058,1
2059,2
2060,71
2061,123
2062,115
2063,132
2064,2
2065,72
2066,108
2067,115
2068,54
2069,119
2070,14
2071,40
2072,2
2073,71
2074,119
2075,132
2076,119
2077,115
2078,73
2079,108
2080,119
2081,72
2082,3
2083,19
2084,19
2085,19
2086,19
2087,115
2088,19
2089,132
2090,71
2091,19
2092,2
2093,108
2094,19
2095,19
2096,40
2097,54
2098,108
2099,2
2100,19
2101,115
2102,14
2103,3
2104,19
2105,72
2106,19
2107,1
2108,132
2109,19
2110,108
2111,71
2112,50
2113,2
2114,19
2115,19
2116,119
2117,119
2118,132
2119,110
2120,19
2121,115
2122,119
2123,119
2124,3
2125,72
2126,27
2127,108
2128,71
2129,14
2130,108
2131,1
2132,27
2133,50
2134,2
2135,3
2136,2
2137,132
2138,27
2139,108
2140,27
2141,110
2142,50
2143,71
2144,99
2145,27
2146,2
2147,54
2148,3
2149,132
2150,27
2151,50
2152,1
2153,14
2154,119
2155,119
2156,27
2157,108
2158,108
2159,119
2160,71
2161,132
2162,110
2163,119
2164,27
2165,50
2166,72
2167,108
2168,2
2169,2
2170,3
2171,27
2172,50
2173,3
2174,132
2175,27
2176,1
2177,71
2178,14
2179,2
2180,99
2181,27
2182,110
2183,50
2184,108
2185,108
2186,130
2187,3
2188,27
2189,108
2190,54
2191,119
2192,71
2193,119
2194,119
2195,140
2196,50
2197,27
2198,1
2199,2
2200,99
2201,3
2202,14
2203,132
2204,110
2205,27
2206,50
2207,3
2208,71
2209,2
2210,27
2211,108
2212,3
2213,140
2214,14
2215,130
2216,50
2217,99
2218,27
2219,1
2220,110
2221,143
2222,143
2223,140
2224,143
2225,71
2226,14
2227,143
2228,143
2229,119
2230,27
2231,119
2232,143
2233,50
2234,3
2235,143
2236,119
2237,130
2238,143
2239,5
2240,143
2241,54
2242,27
2243,143
2244,99
2245,143
2246,108
2247,3
2248,50
2249,108
2250,143
2251,2
2252,103
2253,1
2254,140
2255,81
2256,143
2257,110
2258,130
2259,143
2260,14
2261,3
2262,143
2263,3
2264,27
2265,50
2266,140
2267,120
2268,99
2269,103
2270,120
2271,130
2272,119
2273,81
2274,119
2275,120
2276,1
2277,50
2278,5
2279,110
2280,108
2281,14
2282,119
2283,120
2284,3
2285,81
2286,140
2287,2
2288,120
2289,14
2290,99
2291,130
2292,103
2293,54
2294,3
2295,50
2296,120
2297,81
2298,120
2299,140
2300,110
2301,1
2302,120
2303,50
2304,130
2305,81
2306,3
2307,3
2308,14
2309,140
2310,103
2311,99
2312,120
2313,5
2314,119
2315,5
2316,14
2317,81
2318,140
2319,120
2320,50
2321,119
2322,5
2323,130
2324,110
2325,120
2326,1
2327,81
2328,3
2329,103
2330,99
2331,120
2332,140
2333,3
2334,116
2335,14
2336,98
2337,130
2338,120
2339,140
2340,81
2341,14
2342,120
2343,110
2344,103
2345,50
2346,140
2347,5
2348,3
2349,5
2350,81
2351,99
2352,119
2353,1
2354,3
2355,120
2356,5
2357,130
2358,119
2359,81
2360,120
2361,116
2362,14
2363,140
2364,103
2365,35
2366,35
2367,14
2368,35
2369,35
2370,140
2371,35
2372,110
2373,35
2374,45
2375,3
2376,35
2377,130
2378,99
2379,3
2380,81
2381,35
2382,35
2383,1
2384,116
2385,35
2386,120
2387,140
2388,35
2389,54
2390,35
2391,5
2392,5
2393,103
2394,81
2395,35
2396,45
2397,5
2398,130
2399,5
2400,96
2401,3
2402,116
2403,14
2404,110
2405,14
2406,99
2407,35
2408,45
2409,3
2410,140
2411,140
2412,81
2413,96
2414,118
2415,1
2416,96
2417,103
2418,45
2419,116
2420,130
2421,96
2422,140
2423,81
2424,96
2425,3
2426,3
2427,99
2428,45
2429,110
2430,96
2431,5
2432,14
2433,14
2434,5
2435,96
2436,116
2437,5
2438,81
2439,103
2440,130
2441,45
2442,1
2443,140
2444,96
2445,5
2446,98
2447,140
2448,3
2449,96
2450,45
2451,81
2452,99
2453,116
2454,118
2455,110
2456,96
2457,140
2458,3
2459,130
2460,103
2461,96
2462,45
2463,14
2464,144
2465,81
2466,1
2467,96
2468,116
2469,3
2470,5
2471,5
2472,45
2473,3
2474,140
2475,5
2476,99
2477,96
2478,130
2479,140
2480,110
2481,81
2482,103
2483,118
2484,96
2485,45
2486,116
2487,140
2488,96
2489,144
2490,98
2491,3
2492,144
2493,1
2494,81
2495,118
2496,45
2497,130
2498,99
2499,90
2500,103
2501,98
2502,116
2503,110
2504,140
2505,90
2506,45
2507,5
2508,5
2509,113
2510,39
2511,39
2512,39
2513,39
2514,39
2515,118
2516,5
2517,140
2518,39
2519,90
2520,39
2521,32
2522,39
2523,3
2524,144
2525,39
2526,45
2527,144
2528,116
2529,99
2530,39
2531,118
2532,140
2533,103
2534,90
2535,144
2536,113
2537,39
2538,39
2539,110
2540,39
2541,45
2542,90
2543,16
2544,130
2545,118
2546,140
2547,118
2548,39
2549,116
2550,98
2551,113
2552,90
2553,16
2554,29
2555,45
2556,9
2557,103
2558,5
2559,16
2560,144
2561,144
2562,29
2563,98
2564,16
2565,5
2566,90
2567,144
2568,113
2569,32
2570,9
2571,118
2572,29
2573,16
2574,116
2575,45
2576,16
2577,90
2578,118
2579,98
2580,16
2581,103
2582,144
2583,9
2584,113
2585,45
2586,90
2587,16
2588,116
2589,144
2590,32
2591,144
2592,118
2593,16
2594,118
2595,110
2596,29
2597,90
2598,29
2599,5
2600,139
2601,16
2602,144
2603,113
2604,98
2605,29
2606,9
2607,5
2608,16
2609,90
2610,116
2611,9
2612,32
2613,98
2614,16
2615,45
2616,118
2617,144
2618,144
2619,118
2620,113
2621,90
2622,16
2623,144
2624,9
2625,98
2626,116
2627,9
2628,139
2629,16
2630,90
2631,144
2632,32
2633,29
2634,9
2635,29
2636,16
2637,113
2638,118
2639,29
2640,29
2641,118
2642,90
2643,139
2644,16
2645,118
2646,116
2647,144
2648,144
2649,9
2650,9
2651,144
2652,98
2653,16
2654,113
2655,133
2656,32
2657,133
2658,47
2659,133
2660,133
2661,133
2662,139
2663,133
2664,118
2665,9
2666,133
2667,118
2668,16
2669,98
2670,133
2671,144
2672,133
2673,133
2674,32
2675,90
2676,133
2677,16
2678,29
2679,113
2680,29
2681,133
2682,98
2683,139
2684,29
2685,9
2686,133
2687,32
2688,144
2689,9
2690,29
2691,117
2692,133
2693,47
2694,118
2695,144
2696,133
2697,144
2698,9
2699,116
2700,118
2701,133
2702,118
2703,16
2704,139
2705,113
2706,133
2707,47
2708,144
2709,127
2710,117
2711,32
2712,9
2713,133
2714,98
2715,118
2716,118
2717,139
2718,9
2719,144
2720,47
2721,127
2722,113
2723,32
2724,29
2725,117
2726,29
2727,98
2728,29
2729,9
2730,127
2731,144
2732,29
2733,29
2734,127
2735,117
2736,47
2737,98
2738,139
2739,32
2740,118
2741,127
2742,9
2743,113
2744,32
2745,144
2746,118
2747,117
2748,127
2749,9
2750,47
2751,118
2752,144
2753,127
2754,139
2755,9
2756,117
2757,32
2758,127
2759,113
2760,144
2761,29
2762,118
2763,29
2764,47
2765,29
2766,9
2767,32
2768,118
2769,127
2770,117
2771,29
2772,98
2773,139
2774,29
2775,127
2776,98
2777,9
2778,47
2779,144
2780,117
2781,113
2782,9
2783,144
2784,127
2785,32
2786,118
2787,98
2788,32
2789,118
2790,139
2791,9
2792,127
2793,117
2794,47
2795,144
2796,118
2797,29
2798,29
2799,127
2800,8
2801,8
2802,113
2803,8
2804,8
2805,8
2806,29
2807,117
2808,8
2809,29
2810,139
2811,8
2812,118
2813,9
2814,8
2815,32
2816,9
2817,47
2818,127
2819,32
2820,8
2821,8
2822,144
2823,118
2824,144
2825,29
2826,8
2827,117
2828,9
2829,127
2830,8
2831,113
2832,8
2833,98
2834,139
2835,47
2836,8
2837,144
2838,127
2839,98
2840,117
2841,8
2842,118
2843,118
2844,32
2845,32
2846,8
2847,98
2848,9
2849,127
2850,9
2851,29
2852,8
2853,29
2854,196
2855,165
2856,179
2857,165
2858,162
2859,184
2860,173
2861,174
2862,176
2863,180
2864,161
2865,175
2866,184
2867,189
2868,159
2869,167
2870,162
2871,162
2872,167
2873,161
2874,178
2875,159
2876,177
2877,165
2878,189
2879,187
2880,183
2881,184
2882,183
2883,161
2884,162
2885,173
2886,159
2887,162
2888,178
2889,196
2890,180
2891,175
2892,174
2893,189
2894,179
2895,159
2896,176
2897,161
2898,180
2899,165
2900,167
2901,177
2902,187
2903,162
2904,159
2905,180
2906,176
2907,162
2908,161
2909,159
2910,177
2911,183
2912,180
2913,178
2914,167
2915,173
2916,161
2917,165
2918,159
2919,178
2920,187
2921,161
2922,187
2923,184
2924,162
2925,179
2926,183
2927,189
2928,161
2929,161
2930,196
2931,175
2932,159
2933,177
2934,196
2935,178
2936,162
2937,159
2938,173
2939,189
2940,162
2941,167
2942,184
2943,187
2944,165
2945,174
2946,176
2947,161
2948,173
2949,180
2950,159
2951,159
2952,159
2953,195
2954,159
2955,180
2956,195
2957,167
2958,195
2959,195
2960,161
2961,180
2962,195
2963,162
2964,195
2965,159
2966,183
2967,162
2968,195
2969,178
2970,176
2971,161
2972,195
2973,180
2974,195
2975,165
2976,187
2977,159
2978,184
2979,175
2980,195
2981,196
2982,167
2983,173
2984,177
2985,170
2986,189
2987,159
2988,196
2989,162
2990,161
2991,195
2992,167
2993,173
2994,162
2995,174
2996,184
2997,178
2998,170
2999,170
3000,159
3001,176
3002,165
3003,189
3004,170
3005,187
3006,183
3007,161
3008,184
3009,170
3010,159
3011,161
3012,162
3013,167
3014,173
3015,195
3016,180
3017,180
3018,179
3019,176
3020,159
3021,175
3022,176
3023,170
3024,180
3025,184
3026,177
3027,161
3028,173
3029,196
3030,165
3031,170
3032,189
3033,174
3034,161
3035,187
3036,159
3037,196
3038,162
3039,170
3040,184
3041,189
3042,170
3043,184
3044,173
3045,176
3046,167
3047,159
3048,176
3049,167
3050,179
3051,170
3052,161
3053,184
3054,165
3055,178
3056,159
3057,160
3058,162
3059,173
3060,165
3061,184
3062,177
3063,174
3064,160
3065,176
3066,196
3067,184
3068,174
3069,159
3070,161
3071,178
3072,170
3073,167
3074,180
3075,180
3076,187
3077,196
3078,162
3079,180
3080,184
3081,173
3082,162
3083,167
3084,160
3085,159
3086,159
3087,189
3088,165
3089,170
3090,176
3091,161
3092,196
3093,167
3094,159
3095,189
3096,170
3097,170
3098,170
3099,160
3100,159
3101,160
3102,160
3103,160
3104,159
3105,160
3106,174
3107,166
3108,162
3109,162
3110,177
3111,166
3112,167
3113,187
3114,183
3115,178
3116,195
3117,170
3118,160
3119,175
3120,160
3121,167
3122,165
3123,196
3124,184
3125,160
3126,173
3127,195
3128,159
3129,160
3130,160
3131,195
3132,160
3133,196
3134,178
3135,160
3136,162
3137,160
3138,167
3139,162
3140,160
3141,195
3142,180
3143,195
3144,180
3145,189
3146,159
3147,166
3148,184
3149,165
3150,187
3151,160
3152,196
3153,189
3154,160
3155,176
3156,165
3157,183
3158,183
3159,177
3160,166
3161,179
3162,189
3163,195
3164,160
3165,195
3166,161
3167,166
3168,173
3169,175
3170,159
3171,162
3172,166
3173,184
3174,178
3175,160
3176,196
3177,170
3178,166
3179,167
3180,165
3181,195
3182,196
3183,187
3184,162
3185,166
3186,160
3187,178
3188,159
3189,161
3190,170
3191,166
3192,184
3193,179
3194,162
3195,160
3196,183
3197,173
3198,195
3199,166
3200,196
3201,174
3202,173
3203,176
3204,180
3205,189
3206,166
3207,170
3208,160
3209,180
3210,195
3211,189
3212,165
3213,175
3214,162
3215,166
3216,167
3217,184
3218,187
3219,170
3220,178
3221,159
3222,160
3223,160
3224,166
3225,162
3226,196
3227,178
3228,196
3229,179
3230,195
3231,166
3232,160
3233,170
3234,170
3235,173
3236,183
3237,166
3238,176
3239,184
3240,159
3241,173
3242,153
3243,165
3244,153
3245,162
3246,153
3247,153
3248,153
3249,174
3250,160
3251,153
3252,196
3253,153
3254,166
3255,165
3256,161
3257,153
3258,167
3259,170
3260,153
3261,170
3262,160
3263,153
3264,176
3265,175
3266,153
3267,153
3268,160
3269,181
3270,159
3271,180
3272,187
3273,180
3274,153
3275,184
3276,189
3277,166
3278,153
3279,180
3280,160
3281,189
3282,161
3283,166
3284,170
3285,195
3286,181
3287,165
3288,175
3289,196
3290,166
3291,181
3292,173
3293,161
3294,167
3295,178
3296,183
3297,181
3298,165
3299,166
3300,160
3301,195
3302,181
3303,153
3304,167
3305,174
3306,184
3307,170
3308,176
3309,181
3310,170
3311,175
3312,153
3313,181
3314,187
3315,166
3316,177
3317,161
3318,160
3319,181
3320,162
3321,161
3322,176
3323,153
3324,181
3325,160
3326,195
3327,166
3328,170
3329,165
3330,156
3331,184
3332,173
3333,167
3334,153
3335,175
3336,160
3337,189
3338,183
3339,189
3340,156
3341,196
3342,179
3343,180
3344,178
3345,166
3346,180
3347,160
3348,181
3349,153
3350,161
3351,174
3352,184
3353,178
3354,187
3355,195
3356,162
3357,160
3358,170
3359,181
3360,153
3361,166
3362,184
3363,175
3364,178
3365,181
3366,177
3367,165
3368,160
3369,181
3370,153
3371,160
3372,176
3373,167
3374,166
3375,173
3376,195
3377,170
3378,187
3379,156
3380,184
3381,184
3382,173
3383,175
3384,153
3385,161
3386,184
3387,157
3388,165
3389,156
3390,157
3391,160
3392,157
3393,157
3394,166
3395,157
3396,196
3397,166
3398,157
3399,183
3400,157
3401,157
3402,153
3403,156
3404,189
3405,189
3406,157
3407,189
3408,160
3409,157
3410,162
3411,180
3412,170
3413,157
3414,178
3415,157
3416,166
3417,197
3418,184
3419,166
3420,166
3421,180
3422,174
3423,153
3424,175
3425,184
3426,197
3427,197
3428,179
3429,159
3430,176
3431,157
3432,187
3433,173
3434,197
3435,161
3436,181
3437,153
3438,197
3439,160
3440,165
3441,173
3442,156
3443,176
3444,170
3445,197
3446,153
3447,166
3448,175
3449,171
3450,156
3451,162
3452,153
3453,183
3454,197
3455,184
3456,153
3457,184
3458,196
3459,195
3460,171
3461,156
3462,153
3463,160
3464,171
3465,153
3466,166
3467,161
3468,170
3469,179
3470,187
3471,171
3472,178
3473,177
3474,153
3475,156
3476,178
3477,189
3478,167
3479,175
3480,165
3481,176
3482,197
3483,180
3484,181
3485,153
3486,157
3487,184
3488,173
3489,197
3490,196
3491,195
3492,160
3493,162
3494,180
3495,153
3496,184
3497,166
3498,197
3499,157
3500,153
3501,170
3502,176
3503,177
3504,183
3505,171
3506,153
3507,161
3508,157
3509,181
3510,171
3511,196
3512,181
3513,187
3514,179
3515,160
3516,166
3517,184
3518,165
3519,195
3520,171
3521,167
3522,157
3523,174
3524,184
3525,170
3526,153
3527,171
3528,162
3529,181
3530,181
3531,177
3532,173
3533,152
3534,152
3535,152
3536,152
3537,176
3538,189
3539,157
3540,152
3541,152
3542,152
3543,176
3544,189
3545,166
3546,152
3547,166
3548,161
3549,152
3550,152
3551,196
3552,156
3553,152
3554,189
3555,152
3556,156
3557,153
3558,157
3559,170
3560,152
3561,183
3562,174
3563,159
3564,152
3565,196
3566,160
3567,152
3568,165
3569,152
3570,180
3571,162
3572,187
3573,184
3574,152
3575,156
3576,197
3577,153
3578,152
3579,152
3580,161
3581,167
3582,156
3583,175
3584,166
3585,152
3586,181
3587,174
3588,152
3589,152
3590,171
3591,161
3592,157
3593,170
3594,167
3595,152
3596,195
3597,177
3598,160
3599,194
3600,152
3601,157
3602,166
3603,171
3604,152
3605,181
3606,166
3607,195
3608,157
3609,176
3610,152
3611,194
3612,165
3613,176
3614,178
3615,162
3616,183
3617,179
3618,174
3619,196
3620,189
3621,194
3622,161
3623,197
3624,157
3625,152
3626,194
3627,170
3628,196
3629,179
3630,160
3631,180
3632,153
3633,197
3634,184
3635,156
3636,195
3637,194
3638,171
3639,152
3640,153
3641,175
3642,183
3643,194
3644,180
3645,167
3646,157
3647,195
3648,194
3649,171
3650,169
3651,152
3652,177
3653,156
3654,153
3655,162
3656,165
3657,169
3658,166
3659,160
3660,161
3661,194
3662,187
3663,173
3664,197
3665,169
3666,166
3667,170
3668,197
3669,152
3670,184
3671,174
3672,194
3673,169
3674,179
3675,176
3676,176
3677,155
3678,155
3679,155
3680,155
3681,156
3682,176
3683,155
3684,196
3685,181
3686,155
3687,155
3688,152
3689,195
3690,169
3691,155
3692,171
3693,194
3694,189
3695,175
3696,197
3697,155
3698,160
3699,155
3700,160
3701,183
3702,169
3703,167
3704,155
3705,153
3706,155
3707,175
3708,189
3709,162
3710,169
3711,152
3712,155
3713,184
3714,165
3715,170
3716,169
3717,157
3718,155
3719,171
3720,181
3721,159
3722,171
3723,155
3724,179
3725,177
3726,180
3727,155
3728,169
3729,155
3730,167
3731,194
3732,155
3733,170
3734,166
3735,155
3736,179
3737,155
3738,153
3739,160
3740,171
3741,174
3742,169
3743,157
3744,155
3745,171
3746,155
3747,194
3748,181
3749,191
3750,170
3751,176
3752,176
3753,196
3754,161
3755,191
3756,169
3757,184
3758,179
3759,155
3760,171
3761,176
3762,165
3763,173
3764,175
3765,195
3766,191
3767,194
3768,166
3769,157
3770,153
3771,171
3772,189
3773,191
3774,177
3775,155
3776,187
3777,169
3778,170
3779,166
3780,191
3781,156
3782,152
3783,189
3784,177
3785,155
3786,167
3787,191
3788,194
3789,169
3790,187
3791,160
3792,158
3793,171
3794,197
3795,191
3796,183
3797,181
3798,184
3799,180
3800,166
3801,161
3802,158
3803,152
3804,169
3805,159
3806,194
3807,156
3808,162
3809,191
3810,166
3811,158
3812,179
3813,170
3814,158
3815,158
3816,183
3817,171
3818,158
3819,158
3820,158
3821,169
3822,158
3823,176
3824,196
3825,165
3826,197
3827,158
3828,191
3829,158
3830,176
3831,194
3832,175
3833,194
3834,158
3835,160
3836,154
3837,158
3838,178
3839,154
3840,181
3841,175
3842,154
3843,153
3844,191
3845,157
3846,169
3847,154
3848,158
3849,187
3850,179
3851,154
3852,189
3853,152
3854,169
3855,174
3856,159
3857,154
3858,166
3859,195
3860,161
3861,194
3862,158
3863,197
3864,191
3865,154
3866,170
3867,169
3868,182
3869,162
3870,189
3871,183
3872,158
3873,154
3874,191
3875,169
3876,181
3877,187
3878,154
3879,160
3880,157
3881,152
3882,181
3883,154
3884,194
3885,154
3886,165
3887,155
3888,173
3889,180
3890,171
3891,154
3892,191
3893,154
3894,166
3895,182
3896,169
3897,196
3898,176
3899,155
3900,159
3901,195
3902,196
3903,154
3904,154
3905,187
3906,158
3907,176
3908,152
3909,194
3910,184
3911,170
3912,167
3913,175
3914,156
3915,182
3916,157
3917,178
3918,154
3919,153
3920,182
3921,166
3922,177
3923,169
3924,171
3925,161
3926,155
3927,158
3928,182
3929,178
3930,154
3931,183
3932,194
3933,187
3934,182
3935,166
3936,152
3937,165
3938,158
3939,191
3940,169
3941,182
3942,182
3943,197
3944,156
3945,189
3946,170
3947,173
3948,152
3949,195
3950,170
3951,182
3952,163
3953,163
3954,163
3955,158
3956,153
3957,163
3958,182
3959,163
3960,159
3961,194
3962,163
3963,163
3964,166
3965,191
3966,165
3967,163
3968,163
3969,152
3970,155
3971,163
3972,163
3973,179
3974,182
3975,180
3976,196
3977,163
3978,163
3979,161
3980,175
3981,158
3982,196
3983,153
3984,163
3985,197
3986,177
3987,163
3988,171
3989,156
3990,191
3991,163
3992,176
3993,163
3994,182
3995,194
3996,174
3997,155
3998,163
3999,158
4000,152
4001,163
4002,162
4003,187
4004,163
4005,176
4006,181
4007,170
4008,160
4009,183
4010,193
4011,182
4012,195
4013,158
4014,163
4015,166
4016,193
4017,158
4018,189
4019,159
4020,193
4021,197
4022,169
4023,155
4024,152
4025,167
4026,182
4027,163
4028,153
4029,193
4030,156
4031,165
4032,194
4033,193
4034,158
4035,193
4036,184
4037,154
4038,182
4039,178
4040,193
4041,179
4042,181
4043,155
4044,193
4045,193
4046,169
4047,160
4048,160
4049,177
4050,152
4051,193
4052,163
4053,175
4054,171
4055,158
4056,154
4057,177
4058,166
4059,162
4060,193
4061,196
4062,170
4063,194
4064,193
4065,165
4066,174
4067,157
4068,180
4069,153
4070,196
4071,163
4072,193
4073,191
4074,159
4075,193
4076,173
4077,154
4078,155
4079,158
4080,199
4081,176
4082,164
4083,181
4084,164
4085,164
4086,164
4087,193
4088,164
4089,163
4090,167
4091,194
4092,164
4093,162
4094,199
4095,164
4096,171
4097,184
4098,164
4099,194
4100,164
4101,182
4102,191
4103,164
4104,199
4105,193
4106,166
4107,164
4108,154
4109,178
4110,166
4111,160
4112,157
4113,155
4114,164
4115,163
4116,187
4117,199
4118,164
4119,181
4120,170
4121,164
4122,199
4123,182
4124,161
4125,164
4126,199
4127,194
4128,164
4129,163
4130,158
4131,169
4132,156
4133,178
4134,154
4135,165
4136,195
4137,199
4138,164
4139,152
4140,177
4141,199
4142,174
4143,175
4144,164
4145,155
4146,183
4147,182
4148,196
4149,164
4150,199
4151,163
4152,199
4153,197
4154,173
4155,172
4156,184
4157,154
4158,166
4159,153
4160,162
4161,196
4162,199
4163,158
4164,172
4165,180
4166,160
4167,167
4168,181
4169,169
4170,194
4171,199
4172,172
4173,182
4174,193
4175,164
4176,155
4177,152
4178,160
4179,172
4180,176
4181,156
4182,187
4183,199
4184,172
4185,154
4186,164
4187,184
4188,193
4189,158
4190,163
4191,172
4192,195
4193,171
4194,164
4195,178
4196,199
4197,172
4198,155
4199,165
4200,200
4201,169
4202,200
4203,200
4204,200
4205,191
4206,200
4207,193
4208,200
4209,153
4210,172
4211,200
4212,172
4213,154
4214,166
4215,200
4216,156
4217,163
4218,200
4219,152
4220,174
4221,199
4222,177
4223,200
4224,158
4225,172
4226,160
4227,183
4228,184
4229,200
4230,177
4231,157
4232,172
4233,200
4234,161
4235,178
4236,173
4237,172
4238,193
4239,200
4240,175
4241,160
4242,200
4243,164
4244,155
4245,171
4246,182
4247,200
4248,167
4249,172
4250,172
4251,191
4252,163
4253,169
4254,200
4255,196
4256,200
4257,154
4258,200
4259,193
4260,164
4261,172
4262,184
4263,165
4264,200
4265,195
4266,194
4267,200
4268,189
4269,198
4270,153
4271,157
4272,193
4273,166
4274,182
4275,198
4276,196
4277,172
4278,197
4279,200
4280,164
4281,193
4282,162
4283,191
4284,198
4285,155
4286,166
4287,198
4288,154
4289,155
4290,200
4291,152
4292,172
4293,159
4294,198
4295,163
4296,164
4297,178
4298,160
4299,200
4300,182
4301,193
4302,198
4303,161
4304,183
4305,172
4306,173
4307,194
4308,168
4309,168
4310,177
4311,168
4312,198
4313,168
4314,168
4315,167
4316,168
4317,198
4318,158
4319,168
4320,172
4321,177
4322,168
4323,155
4324,198
4325,182
4326,168
4327,157
4328,181
4329,168
4330,179
4331,193
4332,200
4333,199
4334,190
4335,195
4336,197
4337,198
4338,168
4339,190
4340,184
4341,153
4342,175
4343,155
4344,163
4345,178
4346,168
4347,168
4348,165
4349,152
4350,168
4351,172
4352,200
4353,198
4354,168
4355,166
4356,168
4357,190
4358,175
4359,199
4360,193
4361,190
4362,158
4363,169
4364,182
4365,198
4366,162
4367,168
4368,190
4369,200
4370,191
4371,172
4372,159
4373,190
4374,163
4375,160
4376,168
4377,190
4378,198
4379,189
4380,196
4381,155
4382,190
4383,164
4384,197
4385,200
4386,161
4387,168
4388,171
4389,199
4390,156
4391,172
4392,190
4393,185
4394,185
4395,185
4396,185
4397,198
4398,185
4399,185
4400,152
4401,185
4402,190
4403,168
4404,182
4405,185
4406,153
4407,154
4408,185
4409,185
4410,173
4411,170
4412,200
4413,190
4414,163
4415,173
4416,185
4417,167
4418,198
4419,185
4420,168
4421,158
4422,169
4423,164
4424,183
4425,190
4426,185
4427,159
4428,172
4429,178
4430,185
4431,187
4432,166
4433,193
4434,185
4435,190
4436,168
4437,174
4438,185
4439,198
4440,168
4441,185
4442,190
4443,165
4444,191
4445,192
4446,192
4447,192
4448,192
4449,192
4450,190
4451,192
4452,192
4453,163
4454,192
4455,192
4456,190
4457,172
4458,192
4459,164
4460,193
4461,177
4462,192
4463,154
4464,168
4465,192
4466,192
4467,171
4468,166
4469,195
4470,197
4471,192
4472,198
4473,190
4474,192
4475,162
4476,190
4477,192
4478,192
4479,194
4480,199
4481,156
4482,192
4483,176
4484,192
4485,158
4486,151
4487,185
4488,151
4489,192
4490,151
4491,151
4492,151
4493,168
4494,151
4495,151
4496,190
4497,151
4498,151
4499,155
4500,151
4501,200
4502,151
4503,175
4504,192
4505,151
4506,185
4507,151
4508,153
4509,151
4510,198
4511,164
4512,151
4513,184
4514,151
4515,192
4516,151
4517,151
4518,151
4519,190
4520,185
4521,151
4522,163
4523,192
4524,193
4525,188
4526,188
4527,168
4528,151
4529,188
4530,188
4531,151
4532,188
4533,188
4534,191
4535,170
4536,188
4537,151
4538,188
4539,151
4540,151
4541,188
4542,188
4543,199
4544,188
4545,182
4546,192
4547,188
4548,151
4549,188
4550,188
4551,188
4552,188
4553,188
4554,151
4555,153
4556,188
4557,188
4558,200
4559,190
4560,188
4561,198
4562,188
4563,188
4564,188
4565,151
4566,188
4567,188
4568,188
4569,188
4570,188
4571,186
4572,188
4573,186
4574,186
4575,186
4576,186
4577,196
4578,186
4579,186
4580,186
4581,186
4582,186
4583,188
4584,186
4585,151
4586,186
4587,192
4588,159
4589,151
4590,168
4591,186
4592,188
4593,188
4594,186
4595,172
4596,188
4597,188
4598,188
4599,189
4600,186
4601,151
4602,154
4603,167
4604,186
4605,188
4606,190
4607,179
4608,152
4609,188
4610,192
4611,173
4612,188
4613,194
4614,171
4615,151
4616,188
4617,187
4618,186
4619,168
4620,199
4621,151
4622,168
4623,188
4624,200
4625,183
4626,192
4627,155
4628,163
4629,199
4630,157
4631,185
4632,166
4633,188
4634,188
4635,162
4636,186
4637,170
4638,151
4639,188
4640,172
4641,182
4642,174
4643,176
4644,191
4645,185
4646,190
4647,188
4648,168
4649,151
4650,181
4651,162
4652,188
4653,200
4654,188
4655,186
4656,185
4657,154
4658,199
4659,177
4660,199
4661,190
4662,188
4663,184
4664,168
4665,193
4666,172
4667,160
4668,153
4669,192
4670,188
4671,152
4672,169
4673,198
4674,186
4675,191
4676,190
4677,171
4678,163
4679,178
4680,192
4681,177
4682,195
4683,168
4684,191
4685,197
4686,164
4687,172
4688,199
4689,190
4690,151
4691,166
4692,198
4693,182
4694,193
4695,179
4696,167
4697,168
4698,165
4699,156
4700,151
4701,170
4702,190
4703,173
4704,196
4705,162
4706,163
4707,200
4708,164
4709,188
4710,183
4711,169
4712,198
4713,189
4714,191
4715,194
4716,161
4717,199
4718,190
4719,185
4720,158
4721,186
4722,181
4723,152
4724,166
4725,177
4726,193
4727,159
4728,182
4729,185
4730,176
4731,198
4732,190
4733,200
4734,171
4735,172
4736,174
4737,163
4738,195
4739,199
4740,185
4741,166
4742,190
4743,157
4744,198
4745,191
4746,155
4747,200
4748,193
4749,154
4750,192
4751,194
4752,160
4753,172
4754,177
4755,163
4756,176
4757,190
4758,152
4759,187
4760,165
4761,164
4762,179
4763,168
4764,151
4765,162
4766,181
4767,193
4768,167
4769,200
4770,184
4771,166
4772,171
4773,190
4774,188
4775,199
4776,172
4777,196
4778,183
4779,159
4780,168
4781,191
4782,154
4783,155
4784,186
4785,164
4786,163
4787,198
4788,190
4789,157
4790,153
4791,183
4792,169
4793,178
4794,170
4795,193
4796,172
4797,168
4798,152
4799,199
4800,185
4801,176
4802,160
4803,174
4804,198
4805,164
4806,181
4807,152
4808,190
4809,182
4810,158
4811,192
4812,163
4813,200
4814,153
4815,162
4816,191
4817,165
4818,193
4819,162
4820,179
4821,177
4822,184
4823,198
4824,199
4825,169
4826,192
4827,190
4828,167
4829,171
4830,176
4831,159
4832,172
4833,181
4834,194
4835,200
4836,173
4837,170
4838,188
4839,168
4840,163
4841,182
4842,175
4843,190
4844,199
4845,158
4846,199
4847,160
4848,152
4849,157
4850,191
4851,183
4852,186
4853,172
4854,200
4855,190
4856,155
4857,168
4858,189
4859,153
4860,174
4861,171
4862,196
4863,163
4864,199
4865,162
4866,162
4867,194
4868,164
4869,163
4870,165
4871,159
4872,172
4873,185
4874,156
4875,158
4876,198
4877,168
4878,187
4879,195
4880,191
4881,160
4882,177
4883,167
4884,152
4885,192
4886,197
4887,155
4888,166
4889,168
4890,172
4891,199
4892,200
4893,198
4894,176
4895,173
4896,193
4897,163
4898,151
4899,181
4900,154
4901,152
4902,169
4903,175
4904,183
4905,190
4906,198
4907,158
4908,200
4909,156
4910,188
4911,172
4912,199
4913,161
4914,159
4915,162
4916,199
4917,152
4918,195
4919,162
4920,155
4921,183
4922,178
4923,190
4924,163
4925,197
4926,160
4927,196
4928,165
4929,168
4930,182
4931,200
4932,153
4933,172
4934,169
4935,167
4936,185
4937,152
4938,164
4939,177
4940,158
4941,181
4942,199
4943,168
4944,167
4945,163
4946,156
4947,198
4948,191
4949,194
4950,192
4951,176
4952,200
4953,182
4954,173
4955,175
4956,164
4957,197
4958,195
4959,184
4960,168
4961,170
4962,161
4963,166
4964,151
4965,169
4966,199
4967,158
4968,162
4969,198
4970,153
4971,152
4972,193
4973,183
4974,165
4975,200
4976,181
4977,190
4978,188
4979,178
4980,191
4981,172
4982,196
4983,163
4984,194
4985,167
4986,157
4987,168
4988,199
4989,177
4990,190
4991,171
4992,200
4993,154
4994,167
4995,155
4996,193
4997,195
4998,172
4999,170
5000,152
5001,159
5002,168
5003,166
5004,161
5005,176
5006,153
5007,173
5008,163
5009,158
5010,185
5011,164
5012,175
5013,162
5014,156
5015,200
5016,169
5017,197
5018,165
5019,182
5020,168
5021,199
5022,172
5023,192
5024,183
5025,191
5026,171
5027,179
5028,198
5029,163
5030,164
5031,178
5032,194
5033,196
5034,158
5035,188
5036,190
5037,170
5038,167
5039,170
5040,153
5041,177
5042,200
5043,169
5044,181
5045,199
5046,159
5047,182
5048,157
5049,161
5050,168
5051,197
5052,191
5053,190
5054,172
5055,162
5056,167
5057,193
5058,152
5059,176
5060,177
5061,154
5062,200
5063,165
5064,194
5065,199
5066,168
5067,190
5068,173
5069,163
5070,155
5071,165
5072,172
5073,153
5074,160
5075,181
5076,170
5077,158
5078,193
5079,157
5080,200
5081,195
5082,175
5083,171
5084,192
5085,168
5086,167
5087,178
5088,182
5089,184
5090,164
5091,152
5092,174
5093,169
5094,172
5095,161
5096,163
5097,188
5098,167
5099,198
5100,155
5101,190
5102,199
5103,162
5104,158
5105,176
5106,174
5107,164
5108,153
5109,156
5110,182
5111,197
5112,166
5113,165
5114,200
5115,171
5116,183
5117,160
5118,168
5119,190
5120,194
5121,193
5122,195
5123,155
5124,199
5125,184
5126,191
5127,179
5128,172
5129,175
5130,154
5131,174
5132,184
5133,185
5134,200
5135,176
5136,168
5137,182
5138,167
5139,193
5140,162
5141,156
5142,197
5143,153
5144,152
5145,164
5146,166
5147,194
5148,192
5149,155
5150,172
5151,160
5152,198
5153,190
5154,158
5155,174
5156,165
5157,176
5158,170
5159,154
5160,183
5161,163
5162,159
5163,188
5164,193
5165,187
5166,164
5167,190
5168,200
5169,184
5170,198
5171,171
5172,152
5173,156
5174,169
5175,175
5176,183
5177,153
5178,191
5179,158
5180,166
5181,178
5182,161
5183,182
5184,167
5185,193
5186,166
5187,190
5188,199
5189,164
5190,168
5191,200
5192,170
5193,162
5194,174
5195,195
5196,167
5197,196
5198,185
5199,155
5200,194
5201,191
5202,171
5203,154
5204,197
5205,182
5206,165
5207,168
5208,184
5209,193
5210,181
5211,199
5212,198
5213,172
5214,153
5215,188
5216,183
5217,166
5218,161
5219,175
5220,179
5221,190
5222,160
5223,176
5224,168
5225,158
5226,154
5227,155
5228,172
5229,163
5230,193
5231,199
5232,162
5233,169
5234,152
5235,195
5236,171
5237,174
5238,156
5239,173
5240,190
5241,159
5242,196
5243,153
5244,165
5245,168
5246,200
5247,166
5248,164
5249,199
5250,163
5251,182
5252,184
5253,158
5254,191
5255,185
5256,160
5257,173
5258,169
5259,179
5260,175
5261,194
5262,168
5263,171
5264,170
5265,162
5266,198
5267,176
5268,157
5269,172
5270,188
5271,199
5272,181
5273,193
5274,195
5275,163
5276,167
5277,174
5278,154
5279,162
5280,166
5281,168
5282,191
5283,196
5284,155
5285,198
5286,194
5287,159
5288,166
5289,172
5290,152
5291,164
5292,173
5293,187
5294,193
5295,197
5296,190
5297,160
5298,163
5299,177
5300,161
5301,182
5302,156
5303,168
5304,158
5305,170
5306,196
5307,155
5308,200
5309,153
5310,185
5311,179
5312,169
5313,164
5314,162
5315,174
5316,199
5317,152
5318,166
5319,159
5320,193
5321,168
5322,175
5323,171
5324,182
5325,188
5326,198
5327,160
5328,158
5329,165
5330,156
5331,183
5332,184
5333,191
5334,172
5335,177
5336,164
5337,190
5338,169
5339,181
5340,170
5341,193
5342,152
5343,198
5344,196
5345,163
5346,179
5347,162
5348,153
5349,171
5350,183
5351,159
5352,154
5353,172
5354,190
5355,191
5356,160
5357,164
5358,157
5359,175
5360,155
5361,168
5362,199
5363,165
5364,184
5365,173
5366,156
5367,163
5368,194
5369,170
5370,185
5371,200
5372,174
5373,182
5374,153
5375,152
5376,164
5377,162
5378,158
5379,168
5380,179
5381,195
5382,196
5383,199
5384,188
5385,197
5386,183
5387,166
5388,155
5389,198
5390,193
5391,156
5392,169
5393,177
5394,184
5395,165
5396,163
5397,172
5398,190
5399,160
5400,167
5401,152
5402,158
5403,153
5404,164
5405,198
5406,174
5407,191
5408,171
5409,161
5410,193
5411,170
5412,190
5413,187
5414,166
5415,200
5416,163
5417,169
5418,175
5419,173
5420,157
5421,164
5422,168
5423,154
5424,159
5425,194
5426,160
5427,162
5428,151
5429,177
5430,181
5431,199
5432,167
5433,158
5434,200
5435,152
5436,193
5437,170
5438,183
5439,168
5440,161
5441,155
5442,153
5443,172
5444,187
5445,157
5446,182
5447,169
5448,199
5449,198
5450,173
5451,175
5452,195
5453,166
5454,158
5455,156
5456,190
5457,162
5458,193
5459,152
5460,172
5461,174
5462,179
5463,191
5464,160
5465,163
5466,153
5467,198
5468,184
5469,164
5470,197
5471,185
5472,183
5473,169
5474,165
5475,154
5476,200
5477,193
5478,166
5479,157
5480,195
5481,173
5482,152
5483,168
5484,162
5485,188
5486,177
5487,191
5488,163
5489,172
5490,187
5491,181
5492,171
5493,160
5494,174
5495,155
5496,198
5497,184
5498,182
5499,199
5500,190
5501,173
5502,162
5503,197
5504,153
5505,194
5506,172
5507,158
5508,193
5509,195
5510,167
5511,198
5512,184
5513,190
5514,164
5515,177
5516,152
5517,155
5518,163
5519,156
5520,166
5521,165
5522,200
5523,195
5524,174
5525,193
5526,154
5527,169
5528,168
5529,171
5530,151
5531,162
5532,181
5533,173
5534,170
5535,164
5536,163
5537,191
5538,194
5539,184
5540,167
5541,200
5542,157
5543,190
5544,166
5545,199
5546,177
5547,182
5548,165
5549,155
5550,195
5551,171
5552,172
5553,183
5554,181
5555,193
5556,198
5557,162
5558,158
5559,160
5560,190
5561,173
5562,194
5563,164
5564,197
5565,159
5566,182
5567,179
5568,166
5569,172
5570,155
5571,168
5572,151
5573,152
5574,170
5575,193
5576,165
5577,174
5578,156
5579,154
5580,164
5581,173
5582,169
5583,161
5584,160
5585,200
5586,171
5587,163
5588,167
5589,190
5590,191
5591,159
5592,153
5593,199
5594,165
5595,152
5596,154
5597,172
5598,170
5599,156
5600,162
5601,198
5602,169
5603,190
5604,174
5605,193
5606,166
5607,161
5608,171
5609,173
5610,158
5611,199
5612,167
5613,181
5614,172
5615,195
5616,194
5617,151
5618,182
5619,168
5620,165
5621,157
5622,160
5623,155
5624,193
5625,162
5626,164
5627,152
5628,166
5629,158
5630,183
5631,200
5632,161
5633,168
5634,173
5635,163
5636,194
5637,181
5638,195
5639,179
5640,199
5641,191
5642,197
5643,172
5644,165
5645,160
5646,198
5647,190
5648,154
5649,152
5650,162
5651,153
5652,163
5653,184
5654,155
5655,183
5656,156
5657,199
5658,167
5659,172
5660,151
5661,170
5662,158
5663,168
5664,197
5665,179
5666,182
5667,160
5668,165
5669,194
5670,193
5671,153
5672,161
5673,164
5674,155
5675,200
5676,168
5677,157
5678,159
5679,158
5680,173
5681,170
5682,152
5683,182
5684,167
5685,199
5686,165
5687,166
5688,169
5689,172
5690,190
5691,198
5692,162
5693,181
5694,191
5695,184
5696,158
5697,197
5698,195
5699,163
5700,152
5701,151
5702,199
5703,160
5704,173
5705,172
5706,168
5707,155
5708,167
5709,166
5710,165
5711,191
5712,181
5713,162
5714,182
5715,184
5716,171
5717,193
5718,164
5719,190
5720,200
5721,195
5722,194
5723,160
5724,155
5725,173
5726,158
5727,153
5728,179
5729,182
5730,165
5731,156
5732,185
5733,193
5734,172
5735,198
5736,162
5737,152
5738,184
5739,169
5740,195
5741,155
5742,160
5743,154
5744,188
5745,163
5746,153
5747,168
5748,199
5749,167
5750,172
5751,197
5752,187
5753,162
5754,152
5755,161
5756,169
5757,159
5758,191
5759,170
5760,182
5761,190
5762,193
5763,166
5764,200
5765,164
5766,181
5767,171
5768,179
5769,152
5770,187
5771,162
5772,155
5773,190
5774,161
5775,158
5776,163
5777,168
5778,159
5779,199
5780,172
5781,160
5782,153
5783,156
5784,171
5785,188
5786,194
5787,155
5788,168
5789,179
5790,154
5791,165
5792,200
5793,193
5794,199
5795,162
5796,184
5797,195
5798,160
5799,153
5800,157
5801,152
5802,190
5803,169
5804,191
5805,198
5806,182
5807,164
5808,193
5809,165
5810,162
5811,161
5812,159
5813,195
5814,151
5815,166
5816,153
5817,197
5818,168
5819,152
5820,155
5821,172
5822,158
5823,199
5824,163
5825,165
5826,162
5827,161
5828,159
5829,168
5830,160
5831,166
5832,181
5833,200
5834,171
5835,194
5836,199
5837,155
5838,193
5839,158
5840,190
5841,198
5842,161
5843,165
5844,184
5845,195
5846,166
5847,164
5848,153
5849,157
5850,193
5851,152
5852,169
5853,182
5854,158
5855,188
5856,168
5857,172
5858,199
5859,163
5860,170
5861,159
5862,166
5863,154
5864,181
5865,161
5866,197
5867,155
5868,152
5869,162
5870,190
5871,200
5872,199
5873,193
5874,182
5875,191
5876,194
5877,197
5878,181
5879,153
5880,160
5881,195
5882,161
5883,190
5884,162
5885,168
5886,172
5887,193
5888,182
5889,158
5890,169
5891,152
5892,157
5893,153
5894,160
5895,195
5896,168
5897,161
5898,162
5899,200
5900,199
5901,163
5902,158
5903,155
5904,190
5905,194
5906,197
5907,153
5908,166
5909,170
5910,198
5911,184
5912,161
5913,164
5914,193
5915,151
5916,182
5917,191
5918,194
5919,171
5920,168
5921,156
5922,166
5923,170
5924,172
5925,159
5926,161
5927,199
5928,163
5929,158
5930,190
5931,169
5932,152
5933,157
5934,200
5935,153
5936,170
5937,199
5938,195
5939,161
5940,163
5941,190
5942,154
5943,155
5944,198
5945,152
5946,197
5947,172
5948,153
5949,160
5950,193
5951,170
5952,184
5953,182
5954,168
5955,191
5956,194
5957,172
5958,171
5959,181
5960,199
5961,166
5962,190
5963,170
5964,163
5965,159
5966,158
5967,200
5968,169
5969,152
5970,164
5971,157
5972,151
5973,153
5974,163
5975,160
5976,158
5977,168
5978,195
5979,155
5980,172
5981,194
5982,197
5983,193
5984,181
5985,190
5986,182
5987,160
5988,195
5989,155
5990,200
5991,194
5992,199
5993,171
5994,190
5995,181
5996,163
5997,160
5998,168
5999,158
6000,170
6001,169
6002,164
6003,152
6004,163
6005,157
6006,168
6007,153
6008,154
6009,160
6010,155
6011,172
6012,152
6013,193
6014,190
6015,197
6016,182
6017,153
6018,198
6019,191
6020,160
6021,194
6022,199
6023,197
6024,163
6025,168
6026,181
6027,158
6028,160
6029,172
6030,194
6031,171
6032,163
6033,190
6034,181
6035,158
6036,200
6037,166
6038,169
6039,151
6040,199
6041,171
6042,182
6043,181
6044,198
6045,166
6046,155
6047,172
6048,152
6049,168
6050,163
6051,157
6052,191
6053,153
6054,172
6055,194
6056,190
6057,193
6058,197
6059,158
6060,198
6061,153
6062,169
6063,199
6064,171
6065,168
6066,182
6067,181
6068,155
6069,172
6070,190
6071,152
6072,163
6073,157
6074,200
6075,191
6076,151
6077,194
6078,193
6079,197
6080,198
6081,158
6082,169
6083,199
6084,190
6085,171
6086,182
6087,172
6088,155
6089,190
6090,152
6091,163
6092,200
6093,191
6094,199
6095,152
6096,168
6097,158
6098,199
6099,194
6100,190
6101,182
6102,172
6103,169
6104,190
6105,163
6106,198
6107,191
6108,199
6109,168
6110,182
6111,172
6112,190
6113,199
6114,198
6115,190
