4.346625e+00,-7.666791e-02,1.579334e+00,-4.296580e-04,9.754358e-01,5.789957e+00,-3.630571e-02,-1.494076e-01,-8.029551e-03,-4.113149e-02
-4.322604e-01,7.174423e-01,3.130109e+00,-1.020284e+00,3.378878e+00,-1.937710e+00,2.219079e+00,-4.968846e-02,1.526208e-01,-4.665256e-01
3.855194e+00,2.636257e-01,5.697941e-01,-3.668614e-02,-2.050474e+00,1.180674e+00,-1.750313e-02,-8.974318e-02,-5.574519e-02,-7.786166e-03
5.280313e-02,-1.762912e+00,-2.832199e-02,1.006523e+00,-1.019929e+00,4.654551e+00,-9.993896e-01,-1.426704e+00,1.962070e+00,1.283962e+00
-1.225174e+00,1.612033e+00,-6.724787e-01,1.418966e+00,-8.364558e-02,-8.721375e-01,2.517098e+00,3.310437e+00,1.925346e-01,-1.356013e+00
-6.424460e-01,5.075777e+00,-5.122591e-01,2.239333e+00,-7.618305e-01,4.403214e+00,-1.238491e-01,-3.324809e+00,4.394762e-01,9.986939e-01
5.414766e+00,-5.514094e+00,-3.053590e-01,2.021057e+00,-2.857060e+00,-1.324471e+00,-4.217375e-01,-5.310868e-02,2.848098e-01,3.661350e+00
-1.246814e-01,-2.157034e-01,8.780144e-01,3.119834e+00,1.320458e+00,1.155936e+00,1.659357e-01,4.768222e-01,4.324162e-01,5.338855e+00
-3.796579e+00,2.863862e+00,-3.657934e+00,-6.460892e-01,-9.029253e-01,4.274681e+00,-5.448507e-01,-2.371278e+00,4.452948e-01,2.167726e+00
6.821338e-01,6.413749e-02,-2.172650e+00,4.484347e-01,1.082533e+00,1.623924e-01,2.870995e+00,5.796405e-01,-3.205505e+00,-3.215607e+00
