-1.079190e+00,2.742958e-01,-5.801015e-01,1.173230e-01,-1.499154e-01,-9.964360e-01,8.801143e-02,-3.611567e-01,-2.474651e-02,3.632534e-03
-4.736992e+00,7.195093e-01,1.376354e+00,-1.017178e+00,2.211111e+00,2.245930e+00,2.217266e+00,-5.594427e-02,1.529440e-01,-4.683896e-01
-4.857293e+00,-4.799946e-03,4.886232e+00,6.504081e-02,2.824939e+00,3.303293e-01,-3.076358e-02,1.150227e-01,5.971808e-02,5.976441e-03
1.649391e+00,-1.748616e+00,7.215774e-01,1.008389e+00,7.598777e-01,-3.534677e+00,-9.961498e-01,-1.426200e+00,1.959952e+00,1.283535e+00
1.223449e+00,1.606983e+00,1.033559e+00,1.423199e+00,-6.750550e-01,-1.270322e+00,2.517494e+00,3.309281e+00,1.805246e-01,-1.355695e+00
-3.863224e+00,5.083008e+00,-1.425498e+00,2.242476e+00,-1.744788e+00,-1.867096e+00,-1.231633e-01,-3.327618e+00,4.384248e-01,1.004875e+00
2.244612e+00,-5.513386e+00,1.661347e+00,2.018274e+00,-2.285305e+00,-1.588636e+00,-4.209967e-01,-5.265380e-02,2.760258e-01,3.661856e+00
3.591851e+00,-2.108050e-01,2.276384e+00,3.118477e+00,-3.540164e-01,-6.766607e-01,1.656325e-01,4.807065e-01,4.444900e-01,5.339874e+00
9.403882e-01,2.862213e+00,1.992234e-01,-6.429122e-01,3.112387e+00,5.109622e+00,-5.509092e-01,-2.368941e+00,4.530304e-01,2.168934e+00
-1.048473e+00,6.028909e-02,-7.750051e-01,4.418133e-01,8.784034e-01,-1.460470e+00,2.871682e+00,5.771968e-01,-3.205192e+00,-3.218098e+00
