-1.604806e+00,-1.606384e-01,-1.289070e+00,1.909544e-02,3.934153e+00,-1.842495e+00,-6.544825e-02,-1.913132e-01,-1.993923e-02,1.060301e-01
2.402271e+00,7.264758e-01,-1.772455e+00,-1.014751e+00,1.252182e+00,1.097049e+00,2.218563e+00,-5.154578e-02,1.515587e-01,-4.713731e-01
1.962816e+00,3.206136e-01,3.569833e+00,1.034691e-02,2.425913e+00,2.319569e+00,3.469260e-02,-6.593501e-02,-1.761623e-02,5.283457e-02
1.119176e+00,-1.754759e+00,-3.017002e+00,1.009576e+00,2.547477e+00,4.338289e+00,-9.983175e-01,-1.427998e+00,1.955465e+00,1.277763e+00
5.920777e-01,1.611716e+00,4.490650e+00,1.423770e+00,-1.368473e+00,3.066168e+00,2.517040e+00,3.309971e+00,1.913376e-01,-1.356680e+00
1.076340e+00,5.082194e+00,-3.626324e+00,2.240600e+00,2.690948e+00,-1.306397e+00,-1.244979e-01,-3.324145e+00,4.361879e-01,1.007834e+00
5.552926e-01,-5.513890e+00,-4.398034e-01,2.026257e+00,-2.593758e+00,-2.372468e+00,-4.217720e-01,-5.420447e-02,2.754832e-01,3.662955e+00
2.555352e-01,-2.144354e-01,-1.268310e+00,3.120479e+00,1.707534e+00,2.490096e+00,1.655235e-01,4.773482e-01,4.461743e-01,5.339762e+00
-1.637648e+00,2.864212e+00,-9.076870e-01,-6.493171e-01,-3.119564e+00,-1.046203e+00,-5.465497e-01,-2.379685e+00,4.501556e-01,2.164506e+00
-1.257522e+00,6.792113e-02,2.761437e+00,4.429328e-01,2.339617e+00,-8.658351e-01,2.874827e+00,5.809147e-01,-3.203915e+00,-3.216850e+00
