-6.253974e-01,7.546032e-02,-2.260865e+00,1.711054e-02,-2.536076e+00,-3.818533e+00,-6.140137e-02,7.296375e-03,3.587493e-02,1.175747e-02
-1.423281e+00,7.187970e-01,7.865170e-01,-1.018666e+00,1.505522e+00,2.934339e+00,2.218415e+00,-5.331725e-02,1.556542e-01,-4.703588e-01
6.873727e+00,-2.881105e-02,-5.672539e-03,7.412181e-02,-1.434112e+00,-1.261945e+00,-3.417403e-02,2.196459e-01,3.479383e-03,2.419934e-02
-2.898636e+00,-1.758470e+00,1.546726e+00,1.006970e+00,-2.069306e+00,-1.051171e+00,-9.965671e-01,-1.425330e+00,1.967762e+00,1.281508e+00
-1.620950e-01,1.609714e+00,3.338099e+00,1.421774e+00,9.986653e-01,4.825004e+00,2.519160e+00,3.308980e+00,1.838727e-01,-1.355921e+00
-3.619851e+00,5.071136e+00,-1.614467e+00,2.244634e+00,1.112413e+00,1.445657e-01,-1.242383e-01,-3.325419e+00,4.338500e-01,1.004601e+00
-3.552886e+00,-5.514776e+00,1.174531e+00,2.020235e+00,-1.345467e+00,-3.292493e+00,-4.216290e-01,-5.343360e-02,2.822406e-01,3.661459e+00
-1.724546e+00,-2.148350e-01,-1.071731e-01,3.120392e+00,4.561930e-01,-7.589175e-01,1.643611e-01,4.762045e-01,4.393473e-01,5.337135e+00
-2.309328e-01,2.862550e+00,2.910841e+00,-6.444103e-01,6.114097e-02,1.849288e+00,-5.486891e-01,-2.374215e+00,4.497621e-01,2.166056e+00
1.986711e+00,6.316037e-02,-4.188177e-01,4.421094e-01,-4.010040e+00,-4.778192e-01,2.872846e+00,5.713696e-01,-3.204014e+00,-3.217308e+00
