1.162099e+00,1.299935e-01,7.604489e+00,-7.200488e-02,2.235283e+00,4.073153e-01,3.301697e-02,6.367816e-02,-3.902292e-02,5.414612e-02
4.748458e-01,7.145461e-01,1.982138e+00,-1.015103e+00,-6.901003e-01,5.625916e-01,2.218031e+00,-4.367878e-02,1.470014e-01,-4.693424e-01
-1.681470e+00,6.234167e-02,2.068709e+00,2.551040e-02,5.482385e-01,3.843430e+00,4.146207e-02,2.077855e-02,-2.642639e-02,3.281875e-02
-4.462047e+00,-1.758873e+00,-1.221635e+00,1.009013e+00,-1.376349e+00,-1.363672e+00,-9.993223e-01,-1.424008e+00,1.954117e+00,1.282878e+00
8.398036e-01,1.607343e+00,7.018992e-01,1.422876e+00,-1.089799e+00,3.699318e+00,2.518579e+00,3.310883e+00,1.892715e-01,-1.357956e+00
-3.206628e+00,5.070070e+00,-1.039749e+00,2.242623e+00,2.245245e+00,-1.426199e+00,-1.222970e-01,-3.332880e+00,4.376800e-01,9.965092e-01
1.869870e+00,-5.510157e+00,2.920088e+00,2.021817e+00,2.461097e+00,5.801305e-01,-4.211752e-01,-5.211503e-02,2.775801e-01,3.662176e+00
-1.527408e+00,-2.113636e-01,-8.775706e-01,3.119144e+00,-3.543067e+00,4.183423e+00,1.672416e-01,4.767609e-01,4.388039e-01,5.340780e+00
3.239729e+00,2.863336e+00,-1.623499e+00,-6.414461e-01,3.304043e+00,-4.067834e+00,-5.503809e-01,-2.367698e+00,4.495515e-01,2.166521e+00
-1.243878e-01,6.249613e-02,1.801300e+00,4.475224e-01,4.878245e+00,2.362076e+00,2.870797e+00,5.768173e-01,-3.206340e+00,-3.219568e+00
