2.287409e+00,-2.186453e-01,-1.609070e+00,5.650681e-02,-1.678167e+00,4.455224e-02,1.737406e-03,2.266563e-01,-7.382132e-02,7.483025e-02
-2.567715e-01,7.282846e-01,3.616424e-02,-1.013968e+00,-1.507237e+00,2.403104e+00,2.219154e+00,-5.059406e-02,1.589731e-01,-4.712885e-01
-1.411680e-01,-8.877026e-02,-2.388535e+00,-2.745477e-02,3.364605e+00,3.191742e+00,-6.342366e-03,-2.471645e-01,7.672539e-02,-1.353192e-01
1.056490e+00,-1.752949e+00,-1.439485e+00,1.017745e+00,1.815465e+00,-9.903062e-01,-9.975571e-01,-1.421243e+00,1.962315e+00,1.280633e+00
-2.516972e-01,1.609548e+00,-3.651596e+00,1.424441e+00,-4.201834e-01,1.965483e+00,2.518369e+00,3.309228e+00,1.891853e-01,-1.355374e+00
9.798131e-01,5.067984e+00,1.276805e+00,2.247216e+00,-1.021769e-01,2.939202e+00,-1.213572e-01,-3.320665e+00,4.332760e-01,9.984934e-01
2.472751e+00,-5.518899e+00,-2.738914e+00,2.019603e+00,1.926207e+00,1.879633e-01,-4.231030e-01,-5.515796e-02,2.768720e-01,3.661782e+00
-2.666438e+00,-2.179544e-01,-6.140570e-01,3.119565e+00,-1.414745e+00,5.473568e-01,1.662272e-01,4.757223e-01,4.354293e-01,5.340940e+00
1.815900e+00,2.864979e+00,-2.001901e+00,-6.450515e-01,-3.315085e-01,-1.272235e+00,-5.475545e-01,-2.376581e+00,4.490343e-01,2.164738e+00
2.744524e+00,6.184485e-02,2.146906e+00,4.441241e-01,-1.834805e-01,-1.741683e-01,2.872057e+00,5.727274e-01,-3.196955e+00,-3.215314e+00
