3.355257e-01,-3.994061e-01,1.425337e+00,-2.412137e-02,2.838063e+00,-2.314347e+00,-5.375855e-02,2.793713e-01,-4.484048e-02,2.534149e-02
-4.900718e-01,7.331839e-01,-2.682483e+00,-1.017455e+00,1.403533e+00,-2.461366e+00,2.219736e+00,-5.246247e-02,1.581380e-01,-4.708436e-01
1.758156e+00,-2.255828e-01,8.638942e-01,4.174595e-02,-4.793321e-01,-2.449294e+00,-8.613206e-02,3.432062e-02,2.755931e-02,7.810919e-02
-6.813713e-01,-1.766637e+00,-1.306991e+00,1.014985e+00,-5.463638e-02,-1.750071e+00,-9.988274e-01,-1.423166e+00,1.962553e+00,1.279998e+00
5.099508e+00,1.606835e+00,8.612241e-01,1.422296e+00,-3.632917e+00,-2.839532e+00,2.518440e+00,3.311318e+00,1.861478e-01,-1.356360e+00
2.241789e+00,5.094760e+00,-3.023358e+00,2.235159e+00,7.638300e-01,9.265787e-01,-1.261303e-01,-3.324972e+00,4.359308e-01,1.007059e+00
-3.423879e+00,-5.511104e+00,-1.873671e+00,2.016239e+00,-6.943814e-01,-3.421778e-01,-4.208788e-01,-5.184260e-02,2.802697e-01,3.663390e+00
-1.283694e+00,-2.140816e-01,-6.513702e-01,3.122291e+00,-1.920070e+00,2.175898e+00,1.657159e-01,4.763635e-01,4.376930e-01,5.339137e+00
-2.191781e+00,2.865734e+00,-4.586064e-01,-6.428493e-01,-2.781324e+00,8.916466e-01,-5.492379e-01,-2.372581e+00,4.552142e-01,2.168429e+00
-2.860910e+00,5.953499e-02,-2.755420e+00,4.455902e-01,-9.503905e-01,6.222423e-01,2.875028e+00,5.752592e-01,-3.201542e+00,-3.219052e+00
