-2.642606e+00,-1.240471e-01,-2.692330e-01,6.477211e-03,8.219905e-01,-4.191411e-01,-2.822307e-02,1.604471e-01,-1.714269e-02,-2.600705e-02
-1.932714e+00,7.094312e-01,-6.724798e-01,-1.016342e+00,7.397851e-01,1.968979e+00,2.218719e+00,-4.928298e-02,1.502295e-01,-4.698147e-01
-3.998517e-01,-4.464643e-01,-4.077492e+00,1.319389e-02,3.619845e-01,2.121285e+00,-1.538840e-02,-1.116012e-01,-4.228025e-02,-5.020907e-02
-2.428673e+00,-1.751306e+00,1.188330e+00,1.021478e+00,1.322288e+00,3.192323e+00,-9.972638e-01,-1.429625e+00,1.950732e+00,1.277502e+00
-7.783644e-01,1.610563e+00,-1.857516e+00,1.420452e+00,2.690722e+00,1.015413e+00,2.517797e+00,3.310997e+00,1.886672e-01,-1.357659e+00
3.130650e+00,5.069010e+00,2.112562e+00,2.245005e+00,-1.260268e+00,2.649142e+00,-1.225218e-01,-3.324335e+00,4.316949e-01,1.006398e+00
-6.186319e-01,-5.514173e+00,-2.360922e+00,2.017888e+00,1.324402e+00,-1.891275e+00,-4.209525e-01,-5.394648e-02,2.746281e-01,3.660946e+00
2.849532e+00,-2.120086e-01,-1.611631e+00,3.118666e+00,3.190826e+00,-5.721919e-01,1.630947e-01,4.781869e-01,4.363813e-01,5.338444e+00
1.557748e+00,2.859477e+00,-2.134382e+00,-6.477927e-01,-1.263230e+00,1.775761e+00,-5.494719e-01,-2.371612e+00,4.532480e-01,2.168496e+00
3.326503e+00,5.349316e-02,3.350889e-01,4.436347e-01,1.965645e+00,1.121280e+00,2.871189e+00,5.774031e-01,-3.203394e+00,-3.218474e+00
