-4.279875e+00,-4.119718e-02,-1.465335e+00,7.625919e-02,1.518570e-01,1.817759e+00,-1.297045e-01,1.423353e-01,2.811622e-02,-9.601050e-02
-1.077991e+00,7.241182e-01,-4.058080e-01,-1.024059e+00,-4.339875e+00,2.687427e+00,2.219429e+00,-4.799125e-02,1.560862e-01,-4.695321e-01
-1.621207e+00,2.074064e-01,1.948533e+00,-1.497007e-01,-1.840272e+00,-2.569940e+00,7.308930e-02,6.180316e-02,5.977855e-03,-4.392825e-03
-2.289236e-01,-1.769573e+00,-2.090722e+00,1.014270e+00,2.814755e-01,6.906484e-01,-9.950691e-01,-1.427274e+00,1.957143e+00,1.283006e+00
9.824689e-01,1.610225e+00,5.338336e-01,1.422620e+00,1.407868e+00,6.431692e-01,2.518669e+00,3.309988e+00,1.866548e-01,-1.357024e+00
-8.151449e-01,5.070344e+00,4.585265e+00,2.239793e+00,4.273642e-02,3.000850e+00,-1.233721e-01,-3.324009e+00,4.326802e-01,1.002636e+00
-3.340786e-01,-5.508970e+00,-2.102794e+00,2.023144e+00,-4.050610e-01,9.114398e-01,-4.220398e-01,-4.921587e-02,2.810279e-01,3.663957e+00
-2.286546e+00,-2.170452e-01,6.928667e-01,3.115483e+00,1.136302e+00,1.888336e+00,1.665165e-01,4.785028e-01,4.423240e-01,5.340806e+00
1.183813e+00,2.860979e+00,8.691894e-01,-6.499849e-01,1.368778e+00,-7.193273e-01,-5.487535e-01,-2.370762e+00,4.577238e-01,2.167320e+00
8.668298e-01,7.283177e-02,1.292074e+00,4.478529e-01,-1.321829e+00,-3.055086e+00,2.873094e+00,5.735500e-01,-3.207764e+00,-3.216527e+00
