-4.276041e-01,3.635980e-01,2.319626e+00,3.522802e-02,1.971975e+00,2.955862e+00,8.419543e-02,-9.258962e-02,5.738977e-03,6.147624e-02
-2.476916e+00,7.212214e-01,2.256102e-01,-1.016558e+00,2.671075e-01,-3.855059e+00,2.219511e+00,-4.866110e-02,1.584188e-01,-4.678023e-01
3.305135e+00,1.565920e-01,-5.725295e-01,2.377381e-02,-1.339541e+00,1.858876e+00,-5.853396e-02,1.613938e-01,1.032152e-02,1.228374e-02
-1.943225e-01,-1.746302e+00,-5.040060e+00,1.013890e+00,2.295122e+00,1.907132e+00,-9.978854e-01,-1.425665e+00,1.951775e+00,1.280240e+00
-1.566979e+00,1.609353e+00,1.568207e+00,1.420548e+00,-1.023436e-01,3.233384e+00,2.518397e+00,3.308424e+00,1.849675e-01,-1.356072e+00
-1.338062e-01,5.077411e+00,-7.417660e-01,2.240984e+00,3.190114e+00,-2.542561e-01,-1.197390e-01,-3.322188e+00,4.406205e-01,1.006759e+00
-2.757670e+00,-5.517999e+00,-6.660760e-01,2.019989e+00,1.476898e+00,-1.560225e+00,-4.212138e-01,-5.279881e-02,2.732932e-01,3.662865e+00
3.362260e+00,-2.150911e-01,-4.618499e+00,3.120223e+00,3.770181e+00,3.281106e+00,1.644766e-01,4.778729e-01,4.476208e-01,5.339951e+00
-2.701335e+00,2.863518e+00,6.092143e-01,-6.431816e-01,-1.491231e+00,-3.391781e-01,-5.501167e-01,-2.371031e+00,4.509094e-01,2.169854e+00
-2.658876e+00,6.650787e-02,2.024423e+00,4.502424e-01,3.080018e+00,-3.233073e+00,2.872330e+00,5.744718e-01,-3.203220e+00,-3.219705e+00
