6.221561e-01,5.430405e-02,-4.420562e-01,8.175204e-02,-3.661406e+00,-7.265509e-01,5.907174e-02,3.392256e-02,6.248283e-03,3.489029e-02
1.150621e+00,7.163001e-01,-1.974295e+00,-1.010255e+00,-2.172788e+00,-2.253805e+00,2.221962e+00,-6.255291e-02,1.487662e-01,-4.692347e-01
2.330555e+00,-4.924076e-02,-1.874516e+00,3.473125e-03,-5.189192e+00,1.366343e+00,1.189314e-02,1.318030e-01,9.421741e-04,6.895873e-02
1.311601e+00,-1.761974e+00,-3.406896e+00,1.018046e+00,1.703270e+00,2.739249e-01,-9.980141e-01,-1.428510e+00,1.957480e+00,1.281070e+00
1.293449e+00,1.611157e+00,-1.109553e+00,1.425391e+00,5.128764e-01,1.115678e+00,2.519010e+00,3.312728e+00,1.904361e-01,-1.356249e+00
1.315520e+00,5.064168e+00,-1.925690e+00,2.241536e+00,7.112501e-01,1.315935e+00,-1.202288e-01,-3.323660e+00,4.296177e-01,9.914771e-01
-1.939993e+00,-5.514398e+00,-8.889672e-01,2.020506e+00,-1.995554e+00,7.800553e-01,-4.204371e-01,-5.135043e-02,2.757074e-01,3.662717e+00
1.542641e+00,-2.152379e-01,-7.739152e-01,3.119472e+00,3.023692e-01,9.341114e-01,1.666606e-01,4.761272e-01,4.449336e-01,5.340200e+00
4.190456e+00,2.863279e+00,9.851108e-01,-6.475726e-01,8.898502e-01,-2.444507e-01,-5.495194e-01,-2.370468e+00,4.561574e-01,2.164983e+00
2.825232e+00,7.136781e-02,-4.579196e-01,4.483764e-01,1.999016e-02,3.903509e-01,2.870632e+00,5.754221e-01,-3.206211e+00,-3.218201e+00
