-6.699216e-01,-3.226344e-02,6.499940e-01,2.549991e-02,-1.305580e+00,-1.122966e+00,-1.755369e-02,6.744443e-02,4.414117e-02,6.550132e-03
-1.735806e+00,7.208357e-01,1.026758e+00,-1.014218e+00,5.035216e-01,-2.566382e-01,2.220411e+00,-4.760189e-02,1.546215e-01,-4.696195e-01
-1.292258e+00,1.793390e-01,2.522785e-01,-1.426634e-02,-2.275330e+00,1.016204e+00,6.247531e-02,-1.381195e-01,4.003417e-02,1.301488e-01
-3.230862e+00,-1.750838e+00,9.417916e-01,1.014838e+00,-2.377312e+00,-3.492082e-02,-9.988611e-01,-1.426966e+00,1.957228e+00,1.282341e+00
1.900980e+00,1.608092e+00,1.448636e-02,1.418400e+00,1.572038e+00,-4.321082e+00,2.518705e+00,3.311915e+00,1.854566e-01,-1.357010e+00
1.569214e-01,5.081046e+00,6.918054e-01,2.238493e+00,3.976323e+00,3.960479e+00,-1.239328e-01,-3.327802e+00,4.372454e-01,9.968485e-01
3.526326e-01,-5.517348e+00,-8.610096e-01,2.020323e+00,4.526268e-01,-4.749868e-04,-4.225523e-01,-5.366272e-02,2.721759e-01,3.663528e+00
-5.645432e-01,-2.156622e-01,-4.899561e-01,3.116801e+00,-5.892553e-01,9.513110e-01,1.646702e-01,4.800767e-01,4.409190e-01,5.340310e+00
1.691507e+00,2.857482e+00,4.664830e-01,-6.399829e-01,-3.792337e+00,-3.046088e+00,-5.482542e-01,-2.369401e+00,4.470743e-01,2.166882e+00
1.090387e+00,6.736455e-02,5.165021e-01,4.454479e-01,2.754709e-01,1.150505e+00,2.870949e+00,5.700723e-01,-3.195538e+00,-3.215796e+00
