-2.215707e+00,-5.145794e-01,-4.271016e+00,-9.445760e-03,3.094130e+00,-2.069747e+00,4.545946e-02,-2.621855e-01,-3.877069e-03,4.287116e-02
6.956008e-01,7.196155e-01,2.302600e+00,-1.016741e+00,2.073379e+00,9.391142e-01,2.216612e+00,-4.883325e-02,1.534971e-01,-4.651187e-01
-7.810720e-01,-2.475692e-01,-3.094042e+00,-1.176360e-02,-1.257208e+00,-5.995966e-01,-9.891582e-02,-1.078456e-01,-6.066950e-02,-2.097092e-02
8.833925e-01,-1.769934e+00,-6.542018e-01,1.016436e+00,8.314593e-02,2.907192e+00,-9.971034e-01,-1.418764e+00,1.960756e+00,1.280448e+00
8.085436e-01,1.608977e+00,-2.634647e+00,1.419670e+00,1.863350e+00,-7.392853e-01,2.517345e+00,3.309525e+00,1.897729e-01,-1.356739e+00
-1.892292e-01,5.090392e+00,1.838333e+00,2.240901e+00,2.300526e-01,2.465580e+00,-1.251816e-01,-3.315794e+00,4.398023e-01,1.006165e+00
-1.644296e+00,-5.509763e+00,1.252536e+00,2.020654e+00,3.588617e+00,4.781016e-01,-4.208322e-01,-5.118353e-02,2.792451e-01,3.660339e+00
-6.532879e-01,-2.172753e-01,1.694364e-01,3.123196e+00,2.016358e+00,-2.201881e+00,1.667150e-01,4.797568e-01,4.426859e-01,5.339068e+00
2.637454e+00,2.861402e+00,-3.973464e+00,-6.447351e-01,1.036850e+00,-8.703770e-01,-5.461413e-01,-2.372220e+00,4.527367e-01,2.163713e+00
3.554514e+00,5.782846e-02,7.733913e-01,4.458763e-01,4.216799e+00,-7.762115e-01,2.872131e+00,5.756461e-01,-3.208759e+00,-3.215348e+00
