9.275192e-01,-2.464553e-01,1.813249e+00,-1.594251e-02,-8.429625e-01,7.792852e-02,-4.072698e-02,1.833797e-01,8.794611e-04,1.111048e-01
8.328177e-01,7.270417e-01,-3.585101e+00,-1.016810e+00,1.059355e+00,-1.111733e+00,2.216846e+00,-5.205812e-02,1.564880e-01,-4.679309e-01
2.607903e+00,-1.302707e-01,-9.490487e-01,-6.122093e-02,-3.134935e+00,-3.763236e+00,3.119085e-02,-1.548595e-01,6.245970e-02,-4.378222e-02
-1.911288e+00,-1.747530e+00,-1.688073e+00,1.020807e+00,-3.779064e-01,9.197929e-01,-9.974621e-01,-1.422228e+00,1.971954e+00,1.276567e+00
-2.404314e+00,1.605871e+00,-6.285776e-02,1.421951e+00,-1.822201e+00,1.865832e-01,2.518631e+00,3.311067e+00,1.825562e-01,-1.355506e+00
-1.770156e+00,5.079976e+00,3.694667e-01,2.238869e+00,-3.032437e+00,-6.888009e-02,-1.230903e-01,-3.323200e+00,4.345093e-01,1.005038e+00
-6.968235e-01,-5.512539e+00,-4.080947e+00,2.021526e+00,-1.023944e-01,3.287312e+00,-4.210734e-01,-5.184937e-02,2.793778e-01,3.662113e+00
-1.577314e+00,-2.132470e-01,-2.073752e+00,3.119374e+00,3.625711e-01,-2.648528e-01,1.642405e-01,4.765309e-01,4.428756e-01,5.341610e+00
-6.217389e-01,2.865482e+00,5.559327e-02,-6.410900e-01,4.167402e-01,-1.457398e-01,-5.462925e-01,-2.374620e+00,4.465490e-01,2.170175e+00
4.145187e-02,7.218737e-02,-1.686369e-01,4.434522e-01,-2.651277e+00,-3.585952e-01,2.872214e+00,5.738852e-01,-3.205431e+00,-3.218783e+00
