-1.189921e+00,3.701994e-02,-6.243821e-01,6.584625e-02,1.302656e+00,3.041032e+00,5.591580e-02,4.398889e-03,6.491148e-02,8.642278e-02
4.029901e+00,7.164988e-01,-3.244012e-01,-1.012308e+00,1.838385e+00,1.652028e+00,2.217028e+00,-4.559578e-02,1.549484e-01,-4.729646e-01
-1.193493e+00,1.873431e-01,1.042123e+00,5.568101e-03,-8.035775e-01,2.785237e+00,-1.460217e-01,-3.580420e-02,-1.205657e-02,8.657689e-02
1.792896e+00,-1.759825e+00,2.324157e+00,1.010949e+00,-1.292277e+00,1.732512e+00,-9.960795e-01,-1.426424e+00,1.954676e+00,1.280931e+00
2.530289e+00,1.609141e+00,2.681099e+00,1.421572e+00,4.337019e+00,2.130031e+00,2.518531e+00,3.310167e+00,1.858698e-01,-1.355773e+00
6.533250e-01,5.090948e+00,-2.576552e+00,2.237210e+00,2.940858e+00,-9.213598e-01,-1.241349e-01,-3.319926e+00,4.440647e-01,1.001078e+00
-4.019535e-01,-5.513012e+00,-2.777532e+00,2.022261e+00,2.639703e+00,2.110709e+00,-4.218534e-01,-5.032333e-02,2.783878e-01,3.662289e+00
-3.231438e+00,-2.140547e-01,-1.746325e-01,3.118568e+00,-2.328811e+00,2.616836e-01,1.659684e-01,4.780821e-01,4.380805e-01,5.341463e+00
-1.319852e-02,2.864706e+00,-1.862700e+00,-6.422357e-01,-1.433735e-01,1.266744e+00,-5.489036e-01,-2.370172e+00,4.566739e-01,2.165916e+00
3.246533e-01,7.649890e-02,-1.284776e+00,4.475713e-01,1.393637e+00,3.888499e+00,2.872652e+00,5.746804e-01,-3.209369e+00,-3.216558e+00
