3.508847e+00,1.071010e-01,9.749996e-01,3.963167e-02,4.780025e-01,2.158566e-01,1.248602e-02,5.031428e-02,4.179410e-02,-1.942966e-02
-3.325682e+00,7.125524e-01,-2.140406e+00,-1.019960e+00,1.143033e+00,-7.536537e-01,2.218868e+00,-3.790522e-02,1.495466e-01,-4.672740e-01
-5.354727e-01,-1.783571e-01,7.935804e-01,9.218890e-02,2.213214e+00,-2.038504e-01,-4.815706e-02,-4.309893e-02,-2.344795e-02,3.633937e-02
2.074229e+00,-1.764152e+00,-4.448958e-01,1.019533e+00,1.573037e+00,-2.708777e-02,-9.969151e-01,-1.422842e+00,1.964515e+00,1.279313e+00
-2.310572e+00,1.606565e+00,1.714199e+00,1.424211e+00,2.574013e+00,-3.158808e-01,2.518226e+00,3.312149e+00,1.840749e-01,-1.356937e+00
7.915624e-01,5.081702e+00,2.323198e+00,2.243296e+00,1.057152e+00,7.926610e-01,-1.234720e-01,-3.322540e+00,4.387203e-01,1.007480e+00
-2.194112e+00,-5.510761e+00,8.400673e-01,2.018528e+00,-7.961054e-01,1.745093e+00,-4.217099e-01,-5.070639e-02,2.824922e-01,3.662659e+00
-2.725572e-02,-2.164080e-01,1.298888e+00,3.120652e+00,1.052668e+00,2.136714e+00,1.670822e-01,4.788292e-01,4.428981e-01,5.338178e+00
2.444874e+00,2.859273e+00,-1.159887e+00,-6.483307e-01,2.726572e-01,2.686865e+00,-5.497009e-01,-2.372563e+00,4.550956e-01,2.167074e+00
1.243556e+00,7.065740e-02,3.907418e+00,4.450722e-01,-2.240352e-01,-2.313860e+00,2.870567e+00,5.737928e-01,-3.200097e+00,-3.214207e+00
