# Bin          Energy [eV]
    1       -11.0940668231
    2       -11.0893037424
    3       -11.0769222906
    4       -11.0569298147
    5       -11.0293391040
    6       -10.9941664854
    7       -10.9514334559
    8       -10.9011664105
    9       -10.8433955539
   10       -10.8267236832
   11       -10.8182291054
   12       -10.8069059043
   13       -10.7913423533
   14       -10.7715436224
   15       -10.7475167867
   16       -10.7243498307
   17       -10.6980992807
   18       -10.6663830522
   19       -10.6370078189
   20       -10.6042760615
   21       -10.5655284113
   22       -10.5627226455
   23       -10.5557091834
   24       -10.5444904740
   25       -10.5319816729
   26       -10.5151307513
   27       -10.4978196851
   28       -10.4800495629
   29       -10.4618206568
   30       -10.4431340552
   31       -10.4185834004
   32       -10.3933345014
   33       -10.3676360704
   34       -10.3428582005
   35       -10.3194550497
   36       -10.3048283866
   37       -10.2995689703
   38       -10.2895434801
   39       -10.2807460396
   40       -10.2700995857
   41       -10.2554179556
   42       -10.2382679808
   43       -10.2270830135
   44       -10.2075784377
   45       -10.1891979642
   46       -10.1752439665
   47       -10.1559663337
   48       -10.1338777648
   49       -10.1162877820
   50       -10.0914388904
   51       -10.0771667916
   52       -10.0555753748
   53       -10.0474410758
   54       -10.0418670959
   55       -10.0316266357
   56       -10.0245639210
   57       -10.0144148911
   58        -9.9990029075
   59        -9.9878329065
   60        -9.9741883022
   61        -9.9612354113
   62        -9.9463736419
   63        -9.9283461000
   64        -9.9127809162
   65        -9.8961751692
   66        -9.8777296604
   67        -9.8629985056
   68        -9.8505141948
   69        -9.8293927185
   70        -9.8087098898
   71        -9.7969899467
   72        -9.7936728790
   73        -9.7874607922
   74        -9.7769928449
   75        -9.7674530779
   76        -9.7608986718
   77        -9.7458720014
   78        -9.7356729025
   79        -9.7204211939
   80        -9.7111769426
   81        -9.6940490090
   82        -9.6826207720
   83        -9.6722012610
   84        -9.6549715569
   85        -9.6382474403
   86        -9.6248757662
   87        -9.6085239013
   88        -9.5987906614
   89        -9.5762955545
   90        -9.5582508694
   91        -9.5475045497
   92        -9.5452530798
   93        -9.5412013047
   94        -9.5317486141
   95        -9.5223462646
   96        -9.5128513964
   97        -9.5070044863
   98        -9.4939650633
   99        -9.4793441145
  100        -9.4700217665
  101        -9.4622344126
  102        -9.4446836142
  103        -9.4342279120
  104        -9.4234873067
  105        -9.4082611768
  106        -9.3931332800
  107        -9.3844626446
  108        -9.3666636783
  109        -9.3540718825
  110        -9.3392291610
  111        -9.3253894511
  112        -9.3110506844
  113        -9.3003756585
  114        -9.2965992626
  115        -9.2923499329
  116        -9.2856635516
  117        -9.2747218541
  118        -9.2669483781
  119        -9.2571876547
  120        -9.2482438170
  121        -9.2359042707
  122        -9.2255454410
  123        -9.2192887275
  124        -9.2049243821
  125        -9.1937459456
  126        -9.1814172839
  127        -9.1735246220
  128        -9.1571009190
  129        -9.1455597548
  130        -9.1371968801
  131        -9.1211584904
  132        -9.1086129539
  133        -9.1044512449
  134        -9.0812690505
  135        -9.0692612110
  136        -9.0587094527
  137        -9.0542935893
  138        -9.0501814049
  139        -9.0438844186
  140        -9.0374470214
  141        -9.0269671011
  142        -9.0219683699
  143        -9.0102715565
  144        -9.0022281435
  145        -8.9900730904
  146        -8.9832819453
  147        -8.9749119957
  148        -8.9593930713
  149        -8.9485539607
  150        -8.9411902881
  151        -8.9332048354
  152        -8.9199958854
  153        -8.9049730245
  154        -8.8967878402
  155        -8.8859490018
  156        -8.8671799497
  157        -8.8631902165
  158        -8.8538395687
  159        -8.8367151726
  160        -8.8231783254
  161        -8.8184941578
  162        -8.8123726849
  163        -8.8095780757
  164        -8.8025322321
  165        -8.7970200220
  166        -8.7848415671
  167        -8.7803046131
  168        -8.7666314369
  169        -8.7644458185
  170        -8.7520975646
  171        -8.7407953162
  172        -8.7340501584
  173        -8.7272350673
  174        -8.7160906450
  175        -8.7008898216
  176        -8.6955621048
  177        -8.6863358129
  178        -8.6744711053
  179        -8.6623976863
  180        -8.6530279905
  181        -8.6436484986
  182        -8.6286669990
  183        -8.6221199400
  184        -8.6090625574
  185        -8.5959839499
  186        -8.5848572150
  187        -8.5810696625
  188        -8.5767574745
  189        -8.5728164497
  190        -8.5652334534
  191        -8.5591906213
  192        -8.5486162775
  193        -8.5429944056
  194        -8.5369415053
  195        -8.5262553227
  196        -8.5218481670
  197        -8.5084212538
  198        -8.4989073376
  199        -8.4930236922
  200        -8.4825171047
  201        -8.4764252922
  202        -8.4623921094
  203        -8.4532281316
  204        -8.4446717840
  205        -8.4329472150
  206        -8.4253555110
  207        -8.4149528710
  208        -8.4079668924
  209        -8.3909216815
  210        -8.3857885260
  211        -8.3753262931
  212        -8.3615880817
  213        -8.3537367810
  214        -8.3477246979
  215        -8.3425817463
  216        -8.3385188146
  217        -8.3335837580
  218        -8.3258306904
  219        -8.3208616196
  220        -8.3108070132
  221        -8.3015039853
  222        -8.2974543871
  223        -8.2891323296
  224        -8.2835006615
  225        -8.2721265751
  226        -8.2606686777
  227        -8.2560062792
  228        -8.2477783730
  229        -8.2407605571
  230        -8.2293785794
  231        -8.2206937941
  232        -8.2118356722
  233        -8.1994942212
  234        -8.1917193845
  235        -8.1815771575
  236        -8.1754989507
  237        -8.1567064968
  238        -8.1526805725
  239        -8.1468146145
  240        -8.1371545732
  241        -8.1235374524
  242        -8.1184225286
  243        -8.1146039550
  244        -8.1069684407
  245        -8.1015370485
  246        -8.0997590566
  247        -8.0950471334
  248        -8.0857846504
  249        -8.0795829039
  250        -8.0679734390
  251        -8.0608410632
  252        -8.0552513007
  253        -8.0498095681
  254        -8.0392907355
  255        -8.0298758688
  256        -8.0209935288
  257        -8.0135852295
  258        -8.0098088337
  259        -7.9993555805
  260        -7.9897148593
  261        -7.9799291014
  262        -7.9702883801
  263        -7.9611690290
  264        -7.9496523550
  265        -7.9470778860
  266        -7.9366066733
  267        -7.9226104980
  268        -7.9167399140
  269        -7.9086200370
  270        -7.8968992776
  271        -7.8918668042
  272        -7.8891973675
  273        -7.8855679131
  274        -7.8767514247
  275        -7.8693659829
  276        -7.8674571043
  277        -7.8627326639
  278        -7.8536734499
  279        -7.8491261555
  280        -7.8384644632
  281        -7.8284789737
  282        -7.8246024400
  283        -7.8201384124
  284        -7.8096769959
  285        -7.8038042350
  286        -7.7928331492
  287        -7.7859663564
  288        -7.7761825033
  289        -7.7729525120
  290        -7.7628723270
  291        -7.7544944861
  292        -7.7458728312
  293        -7.7381681999
  294        -7.7261315163
  295        -7.7209496525
  296        -7.7124131692
  297        -7.7017522932
  298        -7.6933075123
  299        -7.6830504532
  300        -7.6766873432
  301        -7.6680605181
  302        -7.6655665948
  303        -7.6618261180
  304        -7.6593330110
  305        -7.6493619435
  306        -7.6430505351
  307        -7.6372224009
  308        -7.6337110439
  309        -7.6284810159
  310        -7.6240507305
  311        -7.6117686002
  312        -7.6036157975
  313        -7.5973852069
  314        -7.5894209790
  315        -7.5827789523
  316        -7.5794360338
  317        -7.5661247690
  318        -7.5615407392
  319        -7.5543928529
  320        -7.5438865375
  321        -7.5353639321
  322        -7.5298356673
  323        -7.5234279306
  324        -7.5166011386
  325        -7.5002876418
  326        -7.4971795575
  327        -7.4921669485
  328        -7.4798880836
  329        -7.4737881076
  330        -7.4654118994
  331        -7.4526293518
  332        -7.4487822063
  333        -7.4463190319
  334        -7.4433034663
  335        -7.4359014256
  336        -7.4337843800
  337        -7.4257393343
  338        -7.4202812749
  339        -7.4123401767
  340        -7.4064682322
  341        -7.4023813544
  342        -7.3980996431
  343        -7.3915305429
  344        -7.3789577951
  345        -7.3755250790
  346        -7.3657648998
  347        -7.3611691691
  348        -7.3525592151
  349        -7.3491689488
  350        -7.3402974934
  351        -7.3311903874
  352        -7.3273048739
  353        -7.3140518415
  354        -7.3094166543
  355        -7.3017182817
  356        -7.2963154614
  357        -7.2905700498
  358        -7.2766620393
  359        -7.2708020678
  360        -7.2628579763
  361        -7.2541135981
  362        -7.2493793615
  363        -7.2427816894
  364        -7.2295175002
  365        -7.2258545758
  366        -7.2245669331
  367        -7.2222757346
  368        -7.2176108871
  369        -7.2112624712
  370        -7.2037445100
  371        -7.1983729828
  372        -7.1894778535
  373        -7.1859107132
  374        -7.1811258634
  375        -7.1748114618
  376        -7.1679740573
  377        -7.1604131022
  378        -7.1527005796
  379        -7.1445845122
  380        -7.1423080079
  381        -7.1347233788
  382        -7.1271431036
  383        -7.1206961825
  384        -7.1121596992
  385        -7.1080921415
  386        -7.0979640644
  387        -7.0874351636
  388        -7.0831907320
  389        -7.0787634398
  390        -7.0735815759
  391        -7.0610063791
  392        -7.0540759117
  393        -7.0431660515
  394        -7.0406432841
  395        -7.0292142307
  396        -7.0249322473
  397        -7.0158654142
  398        -7.0143652506
  399        -7.0095333251
  400        -7.0048790900
  401        -7.0015524983
  402        -6.9974577293
  403        -6.9919430702
  404        -6.9872880187
  405        -6.9780845845
  406        -6.9721897823
  407        -6.9672928217
  408        -6.9617495907
  409        -6.9563900365
  410        -6.9480807683
  411        -6.9461708012
  412        -6.9341284032
  413        -6.9278929146
  414        -6.9232471150
  415        -6.9147057337
  416        -6.9107881108
  417        -6.9046592907
  418        -6.8967301656
  419        -6.8928843807
  420        -6.8850167532
  421        -6.8719120228
  422        -6.8650044130
  423        -6.8637252058
  424        -6.8571980112
  425        -6.8481907710
  426        -6.8424056307
  427        -6.8299534293
  428        -6.8228232304
  429        -6.8186571675
  430        -6.8090518210
  431        -6.8039526798
  432        -6.8019608065
  433        -6.7992350422
  434        -6.7934869094
  435        -6.7904103903
  436        -6.7853322019
  437        -6.7795688307
  438        -6.7757633187
  439        -6.7720840675
  440        -6.7630790042
  441        -6.7531838565
  442        -6.7497144050
  443        -6.7452936436
  444        -6.7378567724
  445        -6.7361435436
  446        -6.7287678980
  447        -6.7208246229
  448        -6.7159132402
  449        -6.7092837307
  450        -6.7033170906
  451        -6.6910692467
  452        -6.6874036011
  453        -6.6823874546
  454        -6.6779329510
  455        -6.6728670077
  456        -6.6579380261
  457        -6.6541970050
  458        -6.6463013499
  459        -6.6425720297
  460        -6.6321987780
  461        -6.6304841887
  462        -6.6235071898
  463        -6.6103178320
  464        -6.6073591383
  465        -6.6020357752
  466        -6.5958522603
  467        -6.5938818840
  468        -6.5880575594
  469        -6.5824550075
  470        -6.5790478701
  471        -6.5745816657
  472        -6.5694272853
  473        -6.5654195927
  474        -6.5631177817
  475        -6.5549026649
  476        -6.5527706530
  477        -6.5424047484
  478        -6.5360250394
  479        -6.5289498075
  480        -6.5237921617
  481        -6.5191762947
  482        -6.5136262608
  483        -6.5074204326
  484        -6.5045398355
  485        -6.4967421413
  486        -6.4877155810
  487        -6.4785682021
  488        -6.4727251017
  489        -6.4684961805
  490        -6.4647173356
  491        -6.4595757446
  492        -6.4477240984
  493        -6.4455343983
  494        -6.4367570943
  495        -6.4310598469
  496        -6.4242670691
  497        -6.4158399756
  498        -6.4129351603
  499        -6.4026239506
  500        -6.3964586674
  501        -6.3912468710
  502        -6.3890280547
  503        -6.3873496566
  504        -6.3843972214
  505        -6.3798270695
  506        -6.3737143042
  507        -6.3655364670
  508        -6.3597562248
  509        -6.3585036848
  510        -6.3530967828
  511        -6.3492156231
  512        -6.3427575453
  513        -6.3382967831
  514        -6.3316860495
  515        -6.3246421107
  516        -6.3207228550
  517        -6.3123156258
  518        -6.3054314178
  519        -6.3013600505
  520        -6.2973926308
  521        -6.2917617791
  522        -6.2882242992
  523        -6.2814459434
  524        -6.2697850490
  525        -6.2646736627
  526        -6.2611579519
  527        -6.2548193321
  528        -6.2467582317
  529        -6.2406906373
  530        -6.2380709974
  531        -6.2247638143
  532        -6.2222815918
  533        -6.2168744177
  534        -6.2091058397
  535        -6.2000983274
  536        -6.1956484497
  537        -6.1893408509
  538        -6.1876047646
  539        -6.1854869026
  540        -6.1812348518
  541        -6.1778415922
  542        -6.1735555271
  543        -6.1702779159
  544        -6.1639150780
  545        -6.1554180512
  546        -6.1527015388
  547        -6.1464837375
  548        -6.1418401149
  549        -6.1370367614
  550        -6.1330244428
  551        -6.1270126317
  552        -6.1235197785
  553        -6.1162173315
  554        -6.1087445412
  555        -6.1041147963
  556        -6.0948999333
  557        -6.0902103234
  558        -6.0867245451
  559        -6.0827111381
  560        -6.0790694385
  561        -6.0737003604
  562        -6.0618870822
  563        -6.0579308191
  564        -6.0518594151
  565        -6.0440807689
  566        -6.0379119482
  567        -6.0343510665
  568        -6.0255394761
  569        -6.0185630215
  570        -6.0150995565
  571        -6.0106687269
  572        -6.0061159902
  573        -5.9966067000
  574        -5.9898076636
  575        -5.9867047495
  576        -5.9844334152
  577        -5.9811011092
  578        -5.9767989894
  579        -5.9740310474
  580        -5.9729148364
  581        -5.9639114058
  582        -5.9610849593
  583        -5.9554862171
  584        -5.9500374096
  585        -5.9448239805
  586        -5.9383944747
  587        -5.9322743623
  588        -5.9297964937
  589        -5.9247653809
  590        -5.9184283938
  591        -5.9140715791
  592        -5.9094573448
  593        -5.9026376277
  594        -5.8941825065
  595        -5.8898673252
  596        -5.8855564978
  597        -5.8797966641
  598        -5.8753329087
  599        -5.8669713946
  600        -5.8632709185
  601        -5.8597402414
  602        -5.8497569289
  603        -5.8468853115
  604        -5.8382481462
  605        -5.8331476443
  606        -5.8274468594
  607        -5.8213757275
  608        -5.8141829424
  609        -5.8107475052
  610        -5.8036763549
  611        -5.8009448762
  612        -5.7943820346
  613        -5.7924979184
  614        -5.7891071078
  615        -5.7827309364
  616        -5.7778078528
  617        -5.7740428857
  618        -5.7708792902
  619        -5.7678337921
  620        -5.7649817669
  621        -5.7584488579
  622        -5.7548368188
  623        -5.7496944114
  624        -5.7426950992
  625        -5.7380392314
  626        -5.7333058112
  627        -5.7240923087
  628        -5.7217578441
  629        -5.7162771992
  630        -5.7117949400
  631        -5.7097769438
  632        -5.7055888397
  633        -5.6950942253
  634        -5.6887327479
  635        -5.6836148308
  636        -5.6803380360
  637        -5.6726149010
  638        -5.6672248700
  639        -5.6646291761
  640        -5.6586938290
  641        -5.6488482061
  642        -5.6460478826
  643        -5.6421952948
  644        -5.6357881023
  645        -5.6314206752
  646        -5.6186876523
  647        -5.6169553756
  648        -5.6124674021
  649        -5.6071870330
  650        -5.6020571429
  651        -5.5998222719
  652        -5.5977762480
  653        -5.5942357748
  654        -5.5886506382
  655        -5.5835038771
  656        -5.5815781274
  657        -5.5774847189
  658        -5.5692521868
  659        -5.5659362076
  660        -5.5613453750
  661        -5.5585760724
  662        -5.5544753169
  663        -5.5503636768
  664        -5.5451535131
  665        -5.5387884982
  666        -5.5313660490
  667        -5.5261479940
  668        -5.5232151511
  669        -5.5166740786
  670        -5.5146310479
  671        -5.5095441518
  672        -5.5029783169
  673        -5.4978759103
  674        -5.4905786335
  675        -5.4878613047
  676        -5.4838468092
  677        -5.4725845616
  678        -5.4692617795
  679        -5.4669425533
  680        -5.4599658265
  681        -5.4514298875
  682        -5.4494864504
  683        -5.4419064473
  684        -5.4405932259
  685        -5.4328932206
  686        -5.4247055873
  687        -5.4180439684
  688        -5.4129519021
  689        -5.4110122746
  690        -5.4088742762
  691        -5.4074149297
  692        -5.4062238874
  693        -5.4005203813
  694        -5.3956509042
  695        -5.3909914989
  696        -5.3880230090
  697        -5.3814960864
  698        -5.3781831004
  699        -5.3735985265
  700        -5.3682577481
  701        -5.3631028236
  702        -5.3590368986
  703        -5.3553220004
  704        -5.3518049291
  705        -5.3483439131
  706        -5.3416942672
  707        -5.3333485358
  708        -5.3275059795
  709        -5.3254901602
  710        -5.3211069505
  711        -5.3133606858
  712        -5.3110066290
  713        -5.3043686839
  714        -5.3018924480
  715        -5.2932112002
  716        -5.2904693811
  717        -5.2841628708
  718        -5.2813103014
  719        -5.2762987808
  720        -5.2634114694
  721        -5.2616103479
  722        -5.2575544911
  723        -5.2528082815
  724        -5.2503641550
  725        -5.2427797980
  726        -5.2409101038
  727        -5.2305218859
  728        -5.2254066899
  729        -5.2239116965
  730        -5.2217116561
  731        -5.2188397666
  732        -5.2126739392
  733        -5.2109857449
  734        -5.2063521904
  735        -5.2029504953
  736        -5.2002505818
  737        -5.1965702421
  738        -5.1913140912
  739        -5.1870511558
  740        -5.1806918553
  741        -5.1754177449
  742        -5.1705245938
  743        -5.1682187012
  744        -5.1627745196
  745        -5.1598977321
  746        -5.1556560215
  747        -5.1503258556
  748        -5.1418720950
  749        -5.1373718763
  750        -5.1338988874
  751        -5.1310250931
  752        -5.1255664895
  753        -5.1160351580
  754        -5.1134914378
  755        -5.1125308760
  756        -5.1047100521
  757        -5.0984182359
  758        -5.0965104458
  759        -5.0900964505
  760        -5.0876604874
  761        -5.0785313402
  762        -5.0704977233
  763        -5.0667928933
  764        -5.0602831140
  765        -5.0586297503
  766        -5.0562389581
  767        -5.0490635882
  768        -5.0460295189
  769        -5.0410816730
  770        -5.0367670359
  771        -5.0346099895
  772        -5.0320940250
  773        -5.0292185980
  774        -5.0225866395
  775        -5.0184398967
  776        -5.0153100433
  777        -5.0112106483
  778        -5.0073890816
  779        -5.0028107662
  780        -5.0005546704
  781        -4.9963597634
  782        -4.9913863388
  783        -4.9846335617
  784        -4.9807581164
  785        -4.9758059166
  786        -4.9725342919
  787        -4.9667793563
  788        -4.9654998771
  789        -4.9578042256
  790        -4.9529450887
  791        -4.9479207788
  792        -4.9437941724
  793        -4.9425642179
  794        -4.9345564518
  795        -4.9294347251
  796        -4.9256145189
  797        -4.9165694549
  798        -4.9138866845
  799        -4.9108338394
  800        -4.9072052013
  801        -4.9014821030
  802        -4.8984630000
  803        -4.8917755303
  804        -4.8842665488
  805        -4.8791331213
  806        -4.8735286646
  807        -4.8685165998
  808        -4.8642939372
  809        -4.8615564720
  810        -4.8601447454
  811        -4.8562276667
  812        -4.8540722530
  813        -4.8521881367
  814        -4.8476669653
  815        -4.8449458269
  816        -4.8382284246
  817        -4.8328299582
  818        -4.8293439078
  819        -4.8273819670
  820        -4.8208047034
  821        -4.8179118611
  822        -4.8166451712
  823        -4.8121340680
  824        -4.8040302457
  825        -4.7992818592
  826        -4.7952200159
  827        -4.7919290712
  828        -4.7899622323
  829        -4.7845985964
  830        -4.7773851307
  831        -4.7726359278
  832        -4.7702824152
  833        -4.7667876572
  834        -4.7585611116
  835        -4.7561686867
  836        -4.7502823201
  837        -4.7476602311
  838        -4.7450005905
  839        -4.7348246213
  840        -4.7286435555
  841        -4.7245830727
  842        -4.7201024463
  843        -4.7191710006
  844        -4.7173081092
  845        -4.7103066201
  846        -4.7056752426
  847        -4.6970084168
  848        -4.6921490078
  849        -4.6891709940
  850        -4.6837319826
  851        -4.6818416077
  852        -4.6772807076
  853        -4.6750904633
  854        -4.6732694775
  855        -4.6699254706
  856        -4.6646519043
  857        -4.6628077889
  858        -4.6597992982
  859        -4.6565883549
  860        -4.6520320808
  861        -4.6470594725
  862        -4.6425554442
  863        -4.6382824406
  864        -4.6341727053
  865        -4.6303168522
  866        -4.6278544940
  867        -4.6235254350
  868        -4.6166872142
  869        -4.6121263141
  870        -4.6075251412
  871        -4.6059659289
  872        -4.5999720773
  873        -4.5944239482
  874        -4.5895411375
  875        -4.5873070829
  876        -4.5811374458
  877        -4.5770592757
  878        -4.5728151161
  879        -4.5703805136
  880        -4.5654117149
  881        -4.5628315315
  882        -4.5527763809
  883        -4.5484206546
  884        -4.5432347091
  885        -4.5383069995
  886        -4.5340310027
  887        -4.5291302324
  888        -4.5269516890
  889        -4.5241470117
  890        -4.5183262245
  891        -4.5141228820
  892        -4.5106120693
  893        -4.5082825027
  894        -4.5046288302
  895        -4.4996173096
  896        -4.4968452859
  897        -4.4954904311
  898        -4.4902633963
  899        -4.4864540747
  900        -4.4834186448
  901        -4.4809919336
  902        -4.4770441060
  903        -4.4710029067
  904        -4.4643908125
  905        -4.4622288680
  906        -4.4593460940
  907        -4.4583324699
  908        -4.4545100868
  909        -4.4479883344
  910        -4.4423079580
  911        -4.4402499611
  912        -4.4362003629
  913        -4.4309414908
  914        -4.4272668655
  915        -4.4223538502
  916        -4.4161874784
  917        -4.4138701570
  918        -4.4107759505
  919        -4.3987204911
  920        -4.3958510506
  921        -4.3943982348
  922        -4.3910411664
  923        -4.3888762287
  924        -4.3843142402
  925        -4.3820461713
  926        -4.3764523271
  927        -4.3695153290
  928        -4.3642352320
  929        -4.3594375929
  930        -4.3546682537
  931        -4.3495963238
  932        -4.3462046969
  933        -4.3404448633
  934        -4.3376714790
  935        -4.3356172916
  936        -4.3342480148
  937        -4.3290103676
  938        -4.3271300610
  939        -4.3239743568
  940        -4.3218458823
  941        -4.3165230635
  942        -4.3150871188
  943        -4.3081291679
  944        -4.3064202930
  945        -4.3035282671
  946        -4.3018713659
  947        -4.2947071528
  948        -4.2906534729
  949        -4.2849788109
  950        -4.2821017512
  951        -4.2794949007
  952        -4.2748403934
  953        -4.2671256940
  954        -4.2635395057
  955        -4.2609691183
  956        -4.2571954436
  957        -4.2538702125
  958        -4.2516086744
  959        -4.2487294378
  960        -4.2423383001
  961        -4.2406179964
  962        -4.2386802737
  963        -4.2271105375
  964        -4.2236582292
  965        -4.2178744495
  966        -4.2134174970
  967        -4.2106003024
  968        -4.2060946414
  969        -4.2007135902
  970        -4.1986338242
  971        -4.1945140206
  972        -4.1906837462
  973        -4.1872964731
  974        -4.1822093049
  975        -4.1756973486
  976        -4.1706186159
  977        -4.1686474233
  978        -4.1669573242
  979        -4.1646002741
  980        -4.1618872991
  981        -4.1578080406
  982        -4.1560371237
  983        -4.1507398836
  984        -4.1465667457
  985        -4.1426338844
  986        -4.1385061896
  987        -4.1358775699
  988        -4.1335210640
  989        -4.1290347231
  990        -4.1252158775
  991        -4.1218539110
  992        -4.1183896297
  993        -4.1166320464
  994        -4.1116390296
  995        -4.1075804517
  996        -4.1058919853
  997        -4.0985043667
  998        -4.0947630735
  999        -4.0910541619
 1000        -4.0856638588
 1001        -4.0778656204
 1002        -4.0728023982
 1003        -4.0723207567
 1004        -4.0692635577
 1005        -4.0678404023
 1006        -4.0640114885
 1007        -4.0594369827
 1008        -4.0550505076
 1009        -4.0507013121
 1010        -4.0451741358
 1011        -4.0412502542
 1012        -4.0374580758
 1013        -4.0320925351
 1014        -4.0291147933
 1015        -4.0225078693
 1016        -4.0195445496
 1017        -4.0163251707
 1018        -4.0080893733
 1019        -4.0045254983
 1020        -4.0022555247
 1021        -4.0012544178
 1022        -3.9998399701
 1023        -3.9962488838
 1024        -3.9915029463
 1025        -3.9889268446
 1026        -3.9875034171
 1027        -3.9860122332
 1028        -3.9825455029
 1029        -3.9792385034
 1030        -3.9729094076
 1031        -3.9689275658
 1032        -3.9670766475
 1033        -3.9638874733
 1034        -3.9579213773
 1035        -3.9527566566
 1036        -3.9462730002
 1037        -3.9426473554
 1038        -3.9399526120
 1039        -3.9378810094
 1040        -3.9365645226
 1041        -3.9333867772
 1042        -3.9272936041
 1043        -3.9251964227
 1044        -3.9236508161
 1045        -3.9190120915
 1046        -3.9111880023
 1047        -3.9074156881
 1048        -3.9034060907
 1049        -3.8993564925
 1050        -3.8954135630
 1051        -3.8902504750
 1052        -3.8864871406
 1053        -3.8802032157
 1054        -3.8782899833
 1055        -3.8772845226
 1056        -3.8722977644
 1057        -3.8664606504
 1058        -3.8642121738
 1059        -3.8585968326
 1060        -3.8543183867
 1061        -3.8529319667
 1062        -3.8483634474
 1063        -3.8429840289
 1064        -3.8401491469
 1065        -3.8373344014
 1066        -3.8350788497
 1067        -3.8312561945
 1068        -3.8286221326
 1069        -3.8256593571
 1070        -3.8224043313
 1071        -3.8176314546
 1072        -3.8153402560
 1073        -3.8110033057
 1074        -3.8086212211
 1075        -3.8060775009
 1076        -3.8047542113
 1077        -3.7991271692
 1078        -3.7971619631
 1079        -3.7942195961
 1080        -3.7901452356
 1081        -3.7842332903
 1082        -3.7801866854
 1083        -3.7774772479
 1084        -3.7702273189
 1085        -3.7677176130
 1086        -3.7644974178
 1087        -3.7595063057
 1088        -3.7576464076
 1089        -3.7552635067
 1090        -3.7521905251
 1091        -3.7481752133
 1092        -3.7427762026
 1093        -3.7399867637
 1094        -3.7337365809
 1095        -3.7313471493
 1096        -3.7261628364
 1097        -3.7219793582
 1098        -3.7189782147
 1099        -3.7153501208
 1100        -3.7107304442
 1101        -3.7072362304
 1102        -3.7009455026
 1103        -3.6977585053
 1104        -3.6927603183
 1105        -3.6901292496
 1106        -3.6856369222
 1107        -3.6814145318
 1108        -3.6806455381
 1109        -3.6791393880
 1110        -3.6770822073
 1111        -3.6738405152
 1112        -3.6715444186
 1113        -3.6669241977
 1114        -3.6627728290
 1115        -3.6604810862
 1116        -3.6592005185
 1117        -3.6557245363
 1118        -3.6510847232
 1119        -3.6455975476
 1120        -3.6416752987
 1121        -3.6373394368
 1122        -3.6324661501
 1123        -3.6318792005
 1124        -3.6309741499
 1125        -3.6277294645
 1126        -3.6238654479
 1127        -3.6209296117
 1128        -3.6186460324
 1129        -3.6125068720
 1130        -3.6057538229
 1131        -3.6041742020
 1132        -3.5985890655
 1133        -3.5971637332
 1134        -3.5938940133
 1135        -3.5908338210
 1136        -3.5841643108
 1137        -3.5816322916
 1138        -3.5753105428
 1139        -3.5724334832
 1140        -3.5702122179
 1141        -3.5661694226
 1142        -3.5621171033
 1143        -3.5591418106
 1144        -3.5544214518
 1145        -3.5516390878
 1146        -3.5492529215
 1147        -3.5455372071
 1148        -3.5408122223
 1149        -3.5326626850
 1150        -3.5303312136
 1151        -3.5282925367
 1152        -3.5234333999
 1153        -3.5211802973
 1154        -3.5189429773
 1155        -3.5155491735
 1156        -3.5122095203
 1157        -3.5101757415
 1158        -3.5069990845
 1159        -3.5054972882
 1160        -3.5025954662
 1161        -3.4997654823
 1162        -3.4979439523
 1163        -3.4945879723
 1164        -3.4918371735
 1165        -3.4880885332
 1166        -3.4823033930
 1167        -3.4792557180
 1168        -3.4770630247
 1169        -3.4703097034
 1170        -3.4675531902
 1171        -3.4650538246
 1172        -3.4600730529
 1173        -3.4581369629
 1174        -3.4560669929
 1175        -3.4498192591
 1176        -3.4449473330
 1177        -3.4427954567
 1178        -3.4414528470
 1179        -3.4365316682
 1180        -3.4328665669
 1181        -3.4283598175
 1182        -3.4257099729
 1183        -3.4229706029
 1184        -3.4185822230
 1185        -3.4150074635
 1186        -3.4115448149
 1187        -3.4048562567
 1188        -3.4026638355
 1189        -3.3980781731
 1190        -3.3924465051
 1191        -3.3896206028
 1192        -3.3871106248
 1193        -3.3843818672
 1194        -3.3814933788
 1195        -3.3758905548
 1196        -3.3728583903
 1197        -3.3702243283
 1198        -3.3679040136
 1199        -3.3654326757
 1200        -3.3633270588
 1201        -3.3612745042
 1202        -3.3584145877
 1203        -3.3555690933
 1204        -3.3507883252
 1205        -3.3468973694
 1206        -3.3436728204
 1207        -3.3405592939
 1208        -3.3375124352
 1209        -3.3357309059
 1210        -3.3314728685
 1211        -3.3297686196
 1212        -3.3265486965
 1213        -3.3252150666
 1214        -3.3214607119
 1215        -3.3157833288
 1216        -3.3111508628
 1217        -3.3081616922
 1218        -3.3047395886
 1219        -3.3026486658
 1220        -3.2998173213
 1221        -3.2958610582
 1222        -3.2918416647
 1223        -3.2870881080
 1224        -3.2827054425
 1225        -3.2788623788
 1226        -3.2754585068
 1227        -3.2719738169
 1228        -3.2688943046
 1229        -3.2640656445
 1230        -3.2615202917
 1231        -3.2601121025
 1232        -3.2577683860
 1233        -3.2548205768
 1234        -3.2498950442
 1235        -3.2425700117
 1236        -3.2390153887
 1237        -3.2374458360
 1238        -3.2345948993
 1239        -3.2287044510
 1240        -3.2233421757
 1241        -3.2200814356
 1242        -3.2169189285
 1243        -3.2150595747
 1244        -3.2136268953
 1245        -3.2109732411
 1246        -3.2092681758
 1247        -3.2088657194
 1248        -3.2064588725
 1249        -3.2045235989
 1250        -3.2016361990
 1251        -3.1951209773
 1252        -3.1921225549
 1253        -3.1898716292
 1254        -3.1874190672
 1255        -3.1818529786
 1256        -3.1790975538
 1257        -3.1765630855
 1258        -3.1716424510
 1259        -3.1705757647
 1260        -3.1675991114
 1261        -3.1629737204
 1262        -3.1596106654
 1263        -3.1549858186
 1264        -3.1518178693
 1265        -3.1482458309
 1266        -3.1468705676
 1267        -3.1424557926
 1268        -3.1399245897
 1269        -3.1370611358
 1270        -3.1355299512
 1271        -3.1306691817
 1272        -3.1274059925
 1273        -3.1240483798
 1274        -3.1187519561
 1275        -3.1147703864
 1276        -3.1124321121
 1277        -3.1062785298
 1278        -3.1011434695
 1279        -3.0984819240
 1280        -3.0962157600
 1281        -3.0943414398
 1282        -3.0920224857
 1283        -3.0866441557
 1284        -3.0836397467
 1285        -3.0806279908
 1286        -3.0770994906
 1287        -3.0725984556
 1288        -3.0707222307
 1289        -3.0688762104
 1290        -3.0661074521
 1291        -3.0631661736
 1292        -3.0590792958
 1293        -3.0568822487
 1294        -3.0543564880
 1295        -3.0532155147
 1296        -3.0494312275
 1297        -3.0461397385
 1298        -3.0427481116
 1299        -3.0406411341
 1300        -3.0380005414
 1301        -3.0338442747
 1302        -3.0306170045
 1303        -3.0283562827
 1304        -3.0239175618
 1305        -3.0223722273
 1306        -3.0189191027
 1307        -3.0169247803
 1308        -3.0137073063
 1309        -3.0093529406
 1310        -3.0046298607
 1311        -3.0018113056
 1312        -2.9977546324
 1313        -2.9954724137
 1314        -2.9903749051
 1315        -2.9860414922
 1316        -2.9835140989
 1317        -2.9799034203
 1318        -2.9787012214
 1319        -2.9757030711
 1320        -2.9737218102
 1321        -2.9710589042
 1322        -2.9650329432
 1323        -2.9624094937
 1324        -2.9567810910
 1325        -2.9554455563
 1326        -2.9524264532
 1327        -2.9473098967
 1328        -2.9410161757
 1329        -2.9394501606
 1330        -2.9352566142
 1331        -2.9299000532
 1332        -2.9271342882
 1333        -2.9259854235
 1334        -2.9254899042
 1335        -2.9237807572
 1336        -2.9218865728
 1337        -2.9192326465
 1338        -2.9150714817
 1339        -2.9134779830
 1340        -2.9093290633
 1341        -2.9077837288
 1342        -2.9037090962
 1343        -2.9010178903
 1344        -2.8991139098
 1345        -2.8976366037
 1346        -2.8928514819
 1347        -2.8900250354
 1348        -2.8887784819
 1349        -2.8844118711
 1350        -2.8783410114
 1351        -2.8738309966
 1352        -2.8709757061
 1353        -2.8702350122
 1354        -2.8678817717
 1355        -2.8630343358
 1356        -2.8618237013
 1357        -2.8585368382
 1358        -2.8554173252
 1359        -2.8535710328
 1360        -2.8502351892
 1361        -2.8454957824
 1362        -2.8421368092
 1363        -2.8407033135
 1364        -2.8366743960
 1365        -2.8308051726
 1366        -2.8266078166
 1367        -2.8251857497
 1368        -2.8196708185
 1369        -2.8174547234
 1370        -2.8136913890
 1371        -2.8105971825
 1372        -2.8088395992
 1373        -2.8076344070
 1374        -2.8029951382
 1375        -2.8013733397
 1376        -2.7942798761
 1377        -2.7926692343
 1378        -2.7852669215
 1379        -2.7830097372
 1380        -2.7816399161
 1381        -2.7805732299
 1382        -2.7796768869
 1383        -2.7771582012
 1384        -2.7750672785
 1385        -2.7724332165
 1386        -2.7675332626
 1387        -2.7652529486
 1388        -2.7634624395
 1389        -2.7593211390
 1390        -2.7563570029
 1391        -2.7557003923
 1392        -2.7505533590
 1393        -2.7476156180
 1394        -2.7457785774
 1395        -2.7440443959
 1396        -2.7428470950
 1397        -2.7377825122
 1398        -2.7354725379
 1399        -2.7309429309
 1400        -2.7275113033
 1401        -2.7250407817
 1402        -2.7217457552
 1403        -2.7171735080
 1404        -2.7133198318
 1405        -2.7086761819
 1406        -2.7067447995
 1407        -2.7044339816
 1408        -2.7026357173
 1409        -2.7008181873
 1410        -2.6985216009
 1411        -2.6940090827
 1412        -2.6910927570
 1413        -2.6866450291
 1414        -2.6834409703
 1415        -2.6798295843
 1416        -2.6783692037
 1417        -2.6709265636
 1418        -2.6686946587
 1419        -2.6654844501
 1420        -2.6626298671
 1421        -2.6584122658
 1422        -2.6564233858
 1423        -2.6537851333
 1424        -2.6500373638
 1425        -2.6451643763
 1426        -2.6433472001
 1427        -2.6415820249
 1428        -2.6398149720
 1429        -2.6367164117
 1430        -2.6359966978
 1431        -2.6345741683
 1432        -2.6318549347
 1433        -2.6296254244
 1434        -2.6265399255
 1435        -2.6241874198
 1436        -2.6215212484
 1437        -2.6174661535
 1438        -2.6151055659
 1439        -2.6104338611
 1440        -2.6067615216
 1441        -2.6042512170
 1442        -2.6024494152
 1443        -2.5986234674
 1444        -2.5940478732
 1445        -2.5932499266
 1446        -2.5904226638
 1447        -2.5890459038
 1448        -2.5869682874
 1449        -2.5835334488
 1450        -2.5817987231
 1451        -2.5755210840
 1452        -2.5720981913
 1453        -2.5709046183
 1454        -2.5655361388
 1455        -2.5637149897
 1456        -2.5602371027
 1457        -2.5562841050
 1458        -2.5523023992
 1459        -2.5498141903
 1460        -2.5444588539
 1461        -2.5426175139
 1462        -2.5413340890
 1463        -2.5400628276
 1464        -2.5352448343
 1465        -2.5317093409
 1466        -2.5288320908
 1467        -2.5260110322
 1468        -2.5229108936
 1469        -2.5177339006
 1470        -2.5165866686
 1471        -2.5138210396
 1472        -2.5093857201
 1473        -2.5080053410
 1474        -2.5060729518
 1475        -2.5036278185
 1476        -2.4998901988
 1477        -2.4976338037
 1478        -2.4952273105
 1479        -2.4922440448
 1480        -2.4888850988
 1481        -2.4877593638
 1482        -2.4852366781
 1483        -2.4824144222
 1484        -2.4816501088
 1485        -2.4801019716
 1486        -2.4776058985
 1487        -2.4732627712
 1488        -2.4698506813
 1489        -2.4662257712
 1490        -2.4635190004
 1491        -2.4621302946
 1492        -2.4585322422
 1493        -2.4580149538
 1494        -2.4504702438
 1495        -2.4479771640
 1496        -2.4449004817
 1497        -2.4420865525
 1498        -2.4399762280
 1499        -2.4356621352
 1500        -2.4331286465
 1501        -2.4304341753
 1502        -2.4280335598
 1503        -2.4257390142
 1504        -2.4222282831
 1505        -2.4200988018
 1506        -2.4170154527
 1507        -2.4157088981
 1508        -2.4076948462
 1509        -2.4053058227
 1510        -2.4037233991
 1511        -2.3992921341
 1512        -2.3978324066
 1513        -2.3937370933
 1514        -2.3909422937
 1515        -2.3865476008
 1516        -2.3825712284
 1517        -2.3810660580
 1518        -2.3778080934
 1519        -2.3751387382
 1520        -2.3739181444
 1521        -2.3730620743
 1522        -2.3704108419
 1523        -2.3681809506
 1524        -2.3666438884
 1525        -2.3640978825
 1526        -2.3624568455
 1527        -2.3576122668
 1528        -2.3558549012
 1529        -2.3541441759
 1530        -2.3504234001
 1531        -2.3468350621
 1532        -2.3456680203
 1533        -2.3423765313
 1534        -2.3366809165
 1535        -2.3352934624
 1536        -2.3311883258
 1537        -2.3299615550
 1538        -2.3291207505
 1539        -2.3260529118
 1540        -2.3250891118
 1541        -2.3200804756
 1542        -2.3178028556
 1543        -2.3163346926
 1544        -2.3113810234
 1545        -2.3090285992
 1546        -2.3057291645
 1547        -2.3025689977
 1548        -2.2984927595
 1549        -2.2957160283
 1550        -2.2921102206
 1551        -2.2894598862
 1552        -2.2875319324
 1553        -2.2843994396
 1554        -2.2816650492
 1555        -2.2785891560
 1556        -2.2750167095
 1557        -2.2725106498
 1558        -2.2687754792
 1559        -2.2647075406
 1560        -2.2632286835
 1561        -2.2618561957
 1562        -2.2594603694
 1563        -2.2559394884
 1564        -2.2523784979
 1565        -2.2489318496
 1566        -2.2448070119
 1567        -2.2437146109
 1568        -2.2417763713
 1569        -2.2403455695
 1570        -2.2367237071
 1571        -2.2344521279
 1572        -2.2307713801
 1573        -2.2286301435
 1574        -2.2272126481
 1575        -2.2251599573
 1576        -2.2241555307
 1577        -2.2219251768
 1578        -2.2190311101
 1579        -2.2160494499
 1580        -2.2151090517
 1581        -2.2115686057
 1582        -2.2069330648
 1583        -2.2061589554
 1584        -2.2020753702
 1585        -2.1984991141
 1586        -2.1963148563
 1587        -2.1939858339
 1588        -2.1916740092
 1589        -2.1877921692
 1590        -2.1857360498
 1591        -2.1802593234
 1592        -2.1788931487
 1593        -2.1761408260
 1594        -2.1758095818
 1595        -2.1730420752
 1596        -2.1685807961
 1597        -2.1665143091
 1598        -2.1609175805
 1599        -2.1582739401
 1600        -2.1564519475
 1601        -2.1542199337
 1602        -2.1527668730
 1603        -2.1500550682
 1604        -2.1467320956
 1605        -2.1437842319
 1606        -2.1388956252
 1607        -2.1358253375
 1608        -2.1307509042
 1609        -2.1276836098
 1610        -2.1246756090
 1611        -2.1230471437
 1612        -2.1210370116
 1613        -2.1198161456
 1614        -2.1178587763
 1615        -2.1165482217
 1616        -2.1148379862
 1617        -2.1132350996
 1618        -2.1096465711
 1619        -2.1074388299
 1620        -2.1049126067
 1621        -2.1021972371
 1622        -2.1001388591
 1623        -2.0991637392
 1624        -2.0955439448
 1625        -2.0919139462
 1626        -2.0882083816
 1627        -2.0875832273
 1628        -2.0834406750
 1629        -2.0818839662
 1630        -2.0789536266
 1631        -2.0752275174
 1632        -2.0744615169
 1633        -2.0713796917
 1634        -2.0694564455
 1635        -2.0661063159
 1636        -2.0612187976
 1637        -2.0606541070
 1638        -2.0590469482
 1639        -2.0563760420
 1640        -2.0535032002
 1641        -2.0488298627
 1642        -2.0474704635
 1643        -2.0442522548
 1644        -2.0423687916
 1645        -2.0383464593
 1646        -2.0362839180
 1647        -2.0303444348
 1648        -2.0275975000
 1649        -2.0246493643
 1650        -2.0213769232
 1651        -2.0208187361
 1652        -2.0192135638
 1653        -2.0172415548
 1654        -2.0152267151
 1655        -2.0122276124
 1656        -2.0064692754
 1657        -2.0053062064
 1658        -2.0014653195
 1659        -1.9979102883
 1660        -1.9947744212
 1661        -1.9929906878
 1662        -1.9910516862
 1663        -1.9896962055
 1664        -1.9879252070
 1665        -1.9847166855
 1666        -1.9819628118
 1667        -1.9809909844
 1668        -1.9790676294
 1669        -1.9768779021
 1670        -1.9739154260
 1671        -1.9721061410
 1672        -1.9698987808
 1673        -1.9685842805
 1674        -1.9647928095
 1675        -1.9620985831
 1676        -1.9595698837
 1677        -1.9580562504
 1678        -1.9560642411
 1679        -1.9525965856
 1680        -1.9507515993
 1681        -1.9469372708
 1682        -1.9436101076
 1683        -1.9415952407
 1684        -1.9382645401
 1685        -1.9349978407
 1686        -1.9331341602
 1687        -1.9299121963
 1688        -1.9266827220
 1689        -1.9246534330
 1690        -1.9207637562
 1691        -1.9191042155
 1692        -1.9171955818
 1693        -1.9151108633
 1694        -1.9130913704
 1695        -1.9102988566
 1696        -1.9081793619
 1697        -1.9053931610
 1698        -1.9014885996
 1699        -1.8973977217
 1700        -1.8945862143
 1701        -1.8920816241
 1702        -1.8897568467
 1703        -1.8837698525
 1704        -1.8832171620
 1705        -1.8816390923
 1706        -1.8780161414
 1707        -1.8763047630
 1708        -1.8722440626
 1709        -1.8719508055
 1710        -1.8695768572
 1711        -1.8674967646
 1712        -1.8652292127
 1713        -1.8647776942
 1714        -1.8629025578
 1715        -1.8604166074
 1716        -1.8594585762
 1717        -1.8554129237
 1718        -1.8514587558
 1719        -1.8497261526
 1720        -1.8475704939
 1721        -1.8458169651
 1722        -1.8425074894
 1723        -1.8397003903
 1724        -1.8360310440
 1725        -1.8352348933
 1726        -1.8329592053
 1727        -1.8295241762
 1728        -1.8274374168
 1729        -1.8263045797
 1730        -1.8228688703
 1731        -1.8208112815
 1732        -1.8163822478
 1733        -1.8146924753
 1734        -1.8132171285
 1735        -1.8108133565
 1736        -1.8085325799
 1737        -1.8051120817
 1738        -1.8035220117
 1739        -1.7998711420
 1740        -1.7962529259
 1741        -1.7932563266
 1742        -1.7893852352
 1743        -1.7881708455
 1744        -1.7839650268
 1745        -1.7817307273
 1746        -1.7807044227
 1747        -1.7782353706
 1748        -1.7741302612
 1749        -1.7719193362
 1750        -1.7706169722
 1751        -1.7687842583
 1752        -1.7639014747
 1753        -1.7621182855
 1754        -1.7603826346
 1755        -1.7572578698
 1756        -1.7535735028
 1757        -1.7522437913
 1758        -1.7507247158
 1759        -1.7488602462
 1760        -1.7464349772
 1761        -1.7449343238
 1762        -1.7422905745
 1763        -1.7399638379
 1764        -1.7386275413
 1765        -1.7353683522
 1766        -1.7339217678
 1767        -1.7315831399
 1768        -1.7293956439
 1769        -1.7268035419
 1770        -1.7253524676
 1771        -1.7237167913
 1772        -1.7196272741
 1773        -1.7173164017
 1774        -1.7149050377
 1775        -1.7116676994
 1776        -1.7096744111
 1777        -1.7084862260
 1778        -1.7063308395
 1779        -1.7038812707
 1780        -1.7002407685
 1781        -1.6961684216
 1782        -1.6940458248
 1783        -1.6885410435
 1784        -1.6870069745
 1785        -1.6863249483
 1786        -1.6846710948
 1787        -1.6821875663
 1788        -1.6788471784
 1789        -1.6776891707
 1790        -1.6761662040
 1791        -1.6726614050
 1792        -1.6694332641
 1793        -1.6677692607
 1794        -1.6659601935
 1795        -1.6626666364
 1796        -1.6571071602
 1797        -1.6548482888
 1798        -1.6534890529
 1799        -1.6494419038
 1800        -1.6481333083
 1801        -1.6441642831
 1802        -1.6405108283
 1803        -1.6398827351
 1804        -1.6394402236
 1805        -1.6381071923
 1806        -1.6369154153
 1807        -1.6342532168
 1808        -1.6324369929
 1809        -1.6290115423
 1810        -1.6275868631
 1811        -1.6253334612
 1812        -1.6233542139
 1813        -1.6221101911
 1814        -1.6179020594
 1815        -1.6158975872
 1816        -1.6146231693
 1817        -1.6119716104
 1818        -1.6109521631
 1819        -1.6085579967
 1820        -1.6047377361
 1821        -1.6035345031
 1822        -1.5999889958
 1823        -1.5958050278
 1824        -1.5922828679
 1825        -1.5905369039
 1826        -1.5891184833
 1827        -1.5882665765
 1828        -1.5863515209
 1829        -1.5847789478
 1830        -1.5825431789
 1831        -1.5809246186
 1832        -1.5759050706
 1833        -1.5741665625
 1834        -1.5708143649
 1835        -1.5681190501
 1836        -1.5636269404
 1837        -1.5627227334
 1838        -1.5587716676
 1839        -1.5570104924
 1840        -1.5552015340
 1841        -1.5514625810
 1842        -1.5493496715
 1843        -1.5474159217
 1844        -1.5448389492
 1845        -1.5426626644
 1846        -1.5404985974
 1847        -1.5386295019
 1848        -1.5356977202
 1849        -1.5321645668
 1850        -1.5285419425
 1851        -1.5274760454
 1852        -1.5267689848
 1853        -1.5243810770
 1854        -1.5237959506
 1855        -1.5228696751
 1856        -1.5208060726
 1857        -1.5183027341
 1858        -1.5151961737
 1859        -1.5128055175
 1860        -1.5113633686
 1861        -1.5089484671
 1862        -1.5063742702
 1863        -1.5021947377
 1864        -1.4993109024
 1865        -1.4977923167
 1866        -1.4966253293
 1867        -1.4956935027
 1868        -1.4939537972
 1869        -1.4918693508
 1870        -1.4896877597
 1871        -1.4882175559
 1872        -1.4860140052
 1873        -1.4824389736
 1874        -1.4780820500
 1875        -1.4754772131
 1876        -1.4723391147
 1877        -1.4707883107
 1878        -1.4701142031
 1879        -1.4655861744
 1880        -1.4639747978
 1881        -1.4619223520
 1882        -1.4590227613
 1883        -1.4568302313
 1884        -1.4547158251
 1885        -1.4526891212
 1886        -1.4508394274
 1887        -1.4488751737
 1888        -1.4441040384
 1889        -1.4430794482
 1890        -1.4411407459
 1891        -1.4379033259
 1892        -1.4343611657
 1893        -1.4334324139
 1894        -1.4310834728
 1895        -1.4271155088
 1896        -1.4248732092
 1897        -1.4215399507
 1898        -1.4211050855
 1899        -1.4196992910
 1900        -1.4174772366
 1901        -1.4134738706
 1902        -1.4119459514
 1903        -1.4110614998
 1904        -1.4088418672
 1905        -1.4074914478
 1906        -1.4065002188
 1907        -1.4036652007
 1908        -1.4017794246
 1909        -1.4006247367
 1910        -1.3996245279
 1911        -1.3966605279
 1912        -1.3958711529
 1913        -1.3922527735
 1914        -1.3890533678
 1915        -1.3870392628
 1916        -1.3834165568
 1917        -1.3816987838
 1918        -1.3780059269
 1919        -1.3775002849
 1920        -1.3737655225
 1921        -1.3728717918
 1922        -1.3708859050
 1923        -1.3682601425
 1924        -1.3663740943
 1925        -1.3645081825
 1926        -1.3619905852
 1927        -1.3594905393
 1928        -1.3577190782
 1929        -1.3542509601
 1930        -1.3528586080
 1931        -1.3500109367
 1932        -1.3463689650
 1933        -1.3451184659
 1934        -1.3428009267
 1935        -1.3401351091
 1936        -1.3374645294
 1937        -1.3337491959
 1938        -1.3326333659
 1939        -1.3312289864
 1940        -1.3271584355
 1941        -1.3229789574
 1942        -1.3204443802
 1943        -1.3199101663
 1944        -1.3182091827
 1945        -1.3167098355
 1946        -1.3145439181
 1947        -1.3139819486
 1948        -1.3126472575
 1949        -1.3114391264
 1950        -1.3082989327
 1951        -1.3063671694
 1952        -1.3054060361
 1953        -1.3036802901
 1954        -1.3017007980
 1955        -1.2984216085
 1956        -1.2959544068
 1957        -1.2932882081
 1958        -1.2920373825
 1959        -1.2873510651
 1960        -1.2861143349
 1961        -1.2836507523
 1962        -1.2823849875
 1963        -1.2813530774
 1964        -1.2797047751
 1965        -1.2782214825
 1966        -1.2755397734
 1967        -1.2738454294
 1968        -1.2694696756
 1969        -1.2673475414
 1970        -1.2659213383
 1971        -1.2644773390
 1972        -1.2608066050
 1973        -1.2594380356
 1974        -1.2567764357
 1975        -1.2551342015
 1976        -1.2511966326
 1977        -1.2492019293
 1978        -1.2485308694
 1979        -1.2437510537
 1980        -1.2427994172
 1981        -1.2390863966
 1982        -1.2368864651
 1983        -1.2344119435
 1984        -1.2325310110
 1985        -1.2311340329
 1986        -1.2294896490
 1987        -1.2267202376
 1988        -1.2252012165
 1989        -1.2237500878
 1990        -1.2200830273
 1991        -1.2172559550
 1992        -1.2148129442
 1993        -1.2130405579
 1994        -1.2112158169
 1995        -1.2102426834
 1996        -1.2099995769
 1997        -1.2070506520
 1998        -1.2050747245
 1999        -1.2015991505
 2000        -1.1984060035
 2001        -1.1974316726
 2002        -1.1963391628
 2003        -1.1951108409
 2004        -1.1935145667
 2005        -1.1921021598
 2006        -1.1907106513
 2007        -1.1886773895
 2008        -1.1857098520
 2009        -1.1818912785
 2010        -1.1798620711
 2011        -1.1784463445
 2012        -1.1768784790
 2013        -1.1755472708
 2014        -1.1729488014
 2015        -1.1693253607
 2016        -1.1685180806
 2017        -1.1648202984
 2018        -1.1641660551
 2019        -1.1618286516
 2020        -1.1591932291
 2021        -1.1565773171
 2022        -1.1532357319
 2023        -1.1512866077
 2024        -1.1497963491
 2025        -1.1482890561
 2026        -1.1460781855
 2027        -1.1443417999
 2028        -1.1430332861
 2029        -1.1400289588
 2030        -1.1375626823
 2031        -1.1355486589
 2032        -1.1318808637
 2033        -1.1310663725
 2034        -1.1282546746
 2035        -1.1254461605
 2036        -1.1229694619
 2037        -1.1213651332
 2038        -1.1182848045
 2039        -1.1148706738
 2040        -1.1124757999
 2041        -1.1120988406
 2042        -1.1107162846
 2043        -1.1099119705
 2044        -1.1091103231
 2045        -1.1073063988
 2046        -1.1059439793
 2047        -1.1045502122
 2048        -1.1028765760
 2049        -1.1000645788
 2050        -1.0975787645
 2051        -1.0947882642
 2052        -1.0941350822
 2053        -1.0916046684
 2054        -1.0902575416
 2055        -1.0891600249
 2056        -1.0851967684
 2057        -1.0838614786
 2058        -1.0806594062
 2059        -1.0798563710
 2060        -1.0783965619
 2061        -1.0743903931
 2062        -1.0729557545
 2063        -1.0691942977
 2064        -1.0676144864
 2065        -1.0664072806
 2066        -1.0653697105
 2067        -1.0624511263
 2068        -1.0610603252
 2069        -1.0592792585
 2070        -1.0574164760
 2071        -1.0558222155
 2072        -1.0521574135
 2073        -1.0490960784
 2074        -1.0475319136
 2075        -1.0461430990
 2076        -1.0426593343
 2077        -1.0409684189
 2078        -1.0381146523
 2079        -1.0358932509
 2080        -1.0317160858
 2081        -1.0288892312
 2082        -1.0276949779
 2083        -1.0267166198
 2084        -1.0250149832
 2085        -1.0236041817
 2086        -1.0225175223
 2087        -1.0208699003
 2088        -1.0198736099
 2089        -1.0187264867
 2090        -1.0157975078
 2091        -1.0132449711
 2092        -1.0125316791
 2093        -1.0109142345
 2094        -1.0089805935
 2095        -1.0069774547
 2096        -1.0053755477
 2097        -1.0028600458
 2098        -1.0012512815
 2099        -1.0006328212
 2100        -0.9974912125
 2101        -0.9960503153
 2102        -0.9936721492
 2103        -0.9904450967
 2104        -0.9873681423
 2105        -0.9862157946
 2106        -0.9848372115
 2107        -0.9830575325
 2108        -0.9813236231
 2109        -0.9794154793
 2110        -0.9782848463
 2111        -0.9748875594
 2112        -0.9739357052
 2113        -0.9717881283
 2114        -0.9689256540
 2115        -0.9667956013
 2116        -0.9643854346
 2117        -0.9636759250
 2118        -0.9605530921
 2119        -0.9582774041
 2120        -0.9553537586
 2121        -0.9537328036
 2122        -0.9493367773
 2123        -0.9476077388
 2124        -0.9461825698
 2125        -0.9455346939
 2126        -0.9433749264
 2127        -0.9422250821
 2128        -0.9406027122
 2129        -0.9381049793
 2130        -0.9365755907
 2131        -0.9320091667
 2132        -0.9303652725
 2133        -0.9300414299
 2134        -0.9289443757
 2135        -0.9269702714
 2136        -0.9258840474
 2137        -0.9241200967
 2138        -0.9223401728
 2139        -0.9203144758
 2140        -0.9189729001
 2141        -0.9173022300
 2142        -0.9157975765
 2143        -0.9131721405
 2144        -0.9104511110
 2145        -0.9085925190
 2146        -0.9060118458
 2147        -0.9045087162
 2148        -0.9039934414
 2149        -0.9022703349
 2150        -0.8999873815
 2151        -0.8987167187
 2152        -0.8967929282
 2153        -0.8944993079
 2154        -0.8928695637
 2155        -0.8909247389
 2156        -0.8873175978
 2157        -0.8855323133
 2158        -0.8840769125
 2159        -0.8815125388
 2160        -0.8802503388
 2161        -0.8781379463
 2162        -0.8759208443
 2163        -0.8730347505
 2164        -0.8700426140
 2165        -0.8685083273
 2166        -0.8665163724
 2167        -0.8657312151
 2168        -0.8648392803
 2169        -0.8627399765
 2170        -0.8608759150
 2171        -0.8588881234
 2172        -0.8566109932
 2173        -0.8535542296
 2174        -0.8515944385
 2175        -0.8486283704
 2176        -0.8472933800
 2177        -0.8469270059
 2178        -0.8431541475
 2179        -0.8419875955
 2180        -0.8416730591
 2181        -0.8393669487
 2182        -0.8386742829
 2183        -0.8371819018
 2184        -0.8354769181
 2185        -0.8323454592
 2186        -0.8304401181
 2187        -0.8284187205
 2188        -0.8270156743
 2189        -0.8256275128
 2190        -0.8242778009
 2191        -0.8224112088
 2192        -0.8212263435
 2193        -0.8198290117
 2194        -0.8169895038
 2195        -0.8156746225
 2196        -0.8142157114
 2197        -0.8116910392
 2198        -0.8086074452
 2199        -0.8073962665
 2200        -0.8062935251
 2201        -0.8033088173
 2202        -0.8013196379
 2203        -0.8001830728
 2204        -0.7985437774
 2205        -0.7941059000
 2206        -0.7927286230
 2207        -0.7909532707
 2208        -0.7894612161
 2209        -0.7884465580
 2210        -0.7865776529
 2211        -0.7853062826
 2212        -0.7840582597
 2213        -0.7822399134
 2214        -0.7782696637
 2215        -0.7772232227
 2216        -0.7743698914
 2217        -0.7718511785
 2218        -0.7706556735
 2219        -0.7689792346
 2220        -0.7666914375
 2221        -0.7656948749
 2222        -0.7623766372
 2223        -0.7615146894
 2224        -0.7592545934
 2225        -0.7579811823
 2226        -0.7567692961
 2227        -0.7553252424
 2228        -0.7529395115
 2229        -0.7512164322
 2230        -0.7493633642
 2231        -0.7479378959
 2232        -0.7467073427
 2233        -0.7457773392
 2234        -0.7447487489
 2235        -0.7420373249
 2236        -0.7410057142
 2237        -0.7398892583
 2238        -0.7362776273
 2239        -0.7350837551
 2240        -0.7332502520
 2241        -0.7317982798
 2242        -0.7302934086
 2243        -0.7278265878
 2244        -0.7253689101
 2245        -0.7243775449
 2246        -0.7223685556
 2247        -0.7192212598
 2248        -0.7169657354
 2249        -0.7160016088
 2250        -0.7148431386
 2251        -0.7126680510
 2252        -0.7114059054
 2253        -0.7102267273
 2254        -0.7081119401
 2255        -0.7076940277
 2256        -0.7033267638
 2257        -0.7015884190
 2258        -0.6999610966
 2259        -0.6976565645
 2260        -0.6960893248
 2261        -0.6945313915
 2262        -0.6924293665
 2263        -0.6915881538
 2264        -0.6886513107
 2265        -0.6864953528
 2266        -0.6824738095
 2267        -0.6821219391
 2268        -0.6805349440
 2269        -0.6796106277
 2270        -0.6785281861
 2271        -0.6762688793
 2272        -0.6745740999
 2273        -0.6724863881
 2274        -0.6715126015
 2275        -0.6711653842
 2276        -0.6695104967
 2277        -0.6677150624
 2278        -0.6670790779
 2279        -0.6649329161
 2280        -0.6629708120
 2281        -0.6608219562
 2282        -0.6595362183
 2283        -0.6583369582
 2284        -0.6563844326
 2285        -0.6542984351
 2286        -0.6518848125
 2287        -0.6506562458
 2288        -0.6475036709
 2289        -0.6462043545
 2290        -0.6447054426
 2291        -0.6434511067
 2292        -0.6409237133
 2293        -0.6392617781
 2294        -0.6387167340
 2295        -0.6372219583
 2296        -0.6365964230
 2297        -0.6334677397
 2298        -0.6319416436
 2299        -0.6287711365
 2300        -0.6269419600
 2301        -0.6265844296
 2302        -0.6241125203
 2303        -0.6217030339
 2304        -0.6203233079
 2305        -0.6192091106
 2306        -0.6167035407
 2307        -0.6147449742
 2308        -0.6113974297
 2309        -0.6107039204
 2310        -0.6091092789
 2311        -0.6058819815
 2312        -0.6050507554
 2313        -0.6033052811
 2314        -0.6019431065
 2315        -0.6005451760
 2316        -0.5991602254
 2317        -0.5982677193
 2318        -0.5972341493
 2319        -0.5962398997
 2320        -0.5943540420
 2321        -0.5930192964
 2322        -0.5920277407
 2323        -0.5904389224
 2324        -0.5883305028
 2325        -0.5868278357
 2326        -0.5844584589
 2327        -0.5828140205
 2328        -0.5820431493
 2329        -0.5789615416
 2330        -0.5769049869
 2331        -0.5748725686
 2332        -0.5738907002
 2333        -0.5723382636
 2334        -0.5720476460
 2335        -0.5694702653
 2336        -0.5686253247
 2337        -0.5668021619
 2338        -0.5648352143
 2339        -0.5631515915
 2340        -0.5607229483
 2341        -0.5588609549
 2342        -0.5578404192
 2343        -0.5566720168
 2344        -0.5551495126
 2345        -0.5521186815
 2346        -0.5493396372
 2347        -0.5483968988
 2348        -0.5472198160
 2349        -0.5454659879
 2350        -0.5427754079
 2351        -0.5413187008
 2352        -0.5396488743
 2353        -0.5376851920
 2354        -0.5347019807
 2355        -0.5330022488
 2356        -0.5322546433
 2357        -0.5313322862
 2358        -0.5305372784
 2359        -0.5288927040
 2360        -0.5276344496
 2361        -0.5263832157
 2362        -0.5248642491
 2363        -0.5236374510
 2364        -0.5232723015
 2365        -0.5218075127
 2366        -0.5195735669
 2367        -0.5174346977
 2368        -0.5162297776
 2369        -0.5150743550
 2370        -0.5116480880
 2371        -0.5101948097
 2372        -0.5092081793
 2373        -0.5071931491
 2374        -0.5056493385
 2375        -0.5041451476
 2376        -0.5038442985
 2377        -0.5010785334
 2378        -0.5000078471
 2379        -0.4981563573
 2380        -0.4959160169
 2381        -0.4951108865
 2382        -0.4941512498
 2383        -0.4924536404
 2384        -0.4903451391
 2385        -0.4895745399
 2386        -0.4863695559
 2387        -0.4850407424
 2388        -0.4841144397
 2389        -0.4825137844
 2390        -0.4796840454
 2391        -0.4783317757
 2392        -0.4765718250
 2393        -0.4748032211
 2394        -0.4739158851
 2395        -0.4700956244
 2396        -0.4684915950
 2397        -0.4671129030
 2398        -0.4662147096
 2399        -0.4645566384
 2400        -0.4635575452
 2401        -0.4622734672
 2402        -0.4616012372
 2403        -0.4608319169
 2404        -0.4591669612
 2405        -0.4579534151
 2406        -0.4573267914
 2407        -0.4543252124
 2408        -0.4530415154
 2409        -0.4519090592
 2410        -0.4499303018
 2411        -0.4484933503
 2412        -0.4465661584
 2413        -0.4452814545
 2414        -0.4427193667
 2415        -0.4423686664
 2416        -0.4400133306
 2417        -0.4382150663
 2418        -0.4367462230
 2419        -0.4346434361
 2420        -0.4335068438
 2421        -0.4323494892
 2422        -0.4309556405
 2423        -0.4292387654
 2424        -0.4278609714
 2425        -0.4261140278
 2426        -0.4255175270
 2427        -0.4239473758
 2428        -0.4222268544
 2429        -0.4208603259
 2430        -0.4193175221
 2431        -0.4170022142
 2432        -0.4153562248
 2433        -0.4139428111
 2434        -0.4131365378
 2435        -0.4105027752
 2436        -0.4094429734
 2437        -0.4068511435
 2438        -0.4048674064
 2439        -0.4043513153
 2440        -0.4030396177
 2441        -0.4012571632
 2442        -0.4003086560
 2443        -0.3989335287
 2444        -0.3981710658
 2445        -0.3968592049
 2446        -0.3954241310
 2447        -0.3945987009
 2448        -0.3936222476
 2449        -0.3918736168
 2450        -0.3901663746
 2451        -0.3870622904
 2452        -0.3861290215
 2453        -0.3850827710
 2454        -0.3843230836
 2455        -0.3830826799
 2456        -0.3805964302
 2457        -0.3796161128
 2458        -0.3775290813
 2459        -0.3761296543
 2460        -0.3743786833
 2461        -0.3732229342
 2462        -0.3712020264
 2463        -0.3691487642
 2464        -0.3671587957
 2465        -0.3637107052
 2466        -0.3628668257
 2467        -0.3621236284
 2468        -0.3613941456
 2469        -0.3601896065
 2470        -0.3593081209
 2471        -0.3584121589
 2472        -0.3578797410
 2473        -0.3556615778
 2474        -0.3548572365
 2475        -0.3544479228
 2476        -0.3504018894
 2477        -0.3491445602
 2478        -0.3477134863
 2479        -0.3464641300
 2480        -0.3450432876
 2481        -0.3440792699
 2482        -0.3431203679
 2483        -0.3417965069
 2484        -0.3407715357
 2485        -0.3395860445
 2486        -0.3382803879
 2487        -0.3375978448
 2488        -0.3360998853
 2489        -0.3328706559
 2490        -0.3316312590
 2491        -0.3308192985
 2492        -0.3298278245
 2493        -0.3295465677
 2494        -0.3273646773
 2495        -0.3251761201
 2496        -0.3243281589
 2497        -0.3225488338
 2498        -0.3207987608
 2499        -0.3200324338
 2500        -0.3174350800
 2501        -0.3160291222
 2502        -0.3154790169
 2503        -0.3141136857
 2504        -0.3121316901
 2505        -0.3103258338
 2506        -0.3094492735
 2507        -0.3061240152
 2508        -0.3041091755
 2509        -0.3029875222
 2510        -0.3020558316
 2511        -0.3003742770
 2512        -0.2983947576
 2513        -0.2969748676
 2514        -0.2956340539
 2515        -0.2936500991
 2516        -0.2931827436
 2517        -0.2922301002
 2518        -0.2918373583
 2519        -0.2907719510
 2520        -0.2902924320
 2521        -0.2892932028
 2522        -0.2883349267
 2523        -0.2878350807
 2524        -0.2868372121
 2525        -0.2859301206
 2526        -0.2839766153
 2527        -0.2819809597
 2528        -0.2805114633
 2529        -0.2798067157
 2530        -0.2779656750
 2531        -0.2769053290
 2532        -0.2751304665
 2533        -0.2746069739
 2534        -0.2727465316
 2535        -0.2706225008
 2536        -0.2693938605
 2537        -0.2672230778
 2538        -0.2659323466
 2539        -0.2650041146
 2540        -0.2642947302
 2541        -0.2633701173
 2542        -0.2619988404
 2543        -0.2612571016
 2544        -0.2592929893
 2545        -0.2573858142
 2546        -0.2550032181
 2547        -0.2542877519
 2548        -0.2524433098
 2549        -0.2512134124
 2550        -0.2486915321
 2551        -0.2475953406
 2552        -0.2464444568
 2553        -0.2454685260
 2554        -0.2445717503
 2555        -0.2434463038
 2556        -0.2418314551
 2557        -0.2408240217
 2558        -0.2397240341
 2559        -0.2388584618
 2560        -0.2380276302
 2561        -0.2361011159
 2562        -0.2351195360
 2563        -0.2340652364
 2564        -0.2317114952
 2565        -0.2315509208
 2566        -0.2292827295
 2567        -0.2274618770
 2568        -0.2272247652
 2569        -0.2266091267
 2570        -0.2256783313
 2571        -0.2233155016
 2572        -0.2225218054
 2573        -0.2215020343
 2574        -0.2202482289
 2575        -0.2199305768
 2576        -0.2179412696
 2577        -0.2167958717
 2578        -0.2148083358
 2579        -0.2141053951
 2580        -0.2128912095
 2581        -0.2114311854
 2582        -0.2105184720
 2583        -0.2082775955
 2584        -0.2063016055
 2585        -0.2056331551
 2586        -0.2049891052
 2587        -0.2043899595
 2588        -0.2028850013
 2589        -0.2010768756
 2590        -0.2005303186
 2591        -0.1996946706
 2592        -0.1986117011
 2593        -0.1981761774
 2594        -0.1966734097
 2595        -0.1955077203
 2596        -0.1941739924
 2597        -0.1932512598
 2598        -0.1921945383
 2599        -0.1914824654
 2600        -0.1902150897
 2601        -0.1885041114
 2602        -0.1866475222
 2603        -0.1853423962
 2604        -0.1833763057
 2605        -0.1824231181
 2606        -0.1810117453
 2607        -0.1799697316
 2608        -0.1781055314
 2609        -0.1776733982
 2610        -0.1765236492
 2611        -0.1755379604
 2612        -0.1739774202
 2613        -0.1731029415
 2614        -0.1716420086
 2615        -0.1701826920
 2616        -0.1693444181
 2617        -0.1667351675
 2618        -0.1651944616
 2619        -0.1642343814
 2620        -0.1630207836
 2621        -0.1617069418
 2622        -0.1606440189
 2623        -0.1602898219
 2624        -0.1598787640
 2625        -0.1591286197
 2626        -0.1572531730
 2627        -0.1564409594
 2628        -0.1549237044
 2629        -0.1535828471
 2630        -0.1527696240
 2631        -0.1515737571
 2632        -0.1509864919
 2633        -0.1500186755
 2634        -0.1487477678
 2635        -0.1483784223
 2636        -0.1470138612
 2637        -0.1466529212
 2638        -0.1463363385
 2639        -0.1444435473
 2640        -0.1426476640
 2641        -0.1423342378
 2642        -0.1409199779
 2643        -0.1406321331
 2644        -0.1400222172
 2645        -0.1386236418
 2646        -0.1364796052
 2647        -0.1357796005
 2648        -0.1345967107
 2649        -0.1329373061
 2650        -0.1322285856
 2651        -0.1300281588
 2652        -0.1297530164
 2653        -0.1273334699
 2654        -0.1269011572
 2655        -0.1262108642
 2656        -0.1255253142
 2657        -0.1247523694
 2658        -0.1232016008
 2659        -0.1218971252
 2660        -0.1207107633
 2661        -0.1197824687
 2662        -0.1192066921
 2663        -0.1188145951
 2664        -0.1173969500
 2665        -0.1171842196
 2666        -0.1156509316
 2667        -0.1145739186
 2668        -0.1136094057
 2669        -0.1128590518
 2670        -0.1119018124
 2671        -0.1108825202
 2672        -0.1081680568
 2673        -0.1073978005
 2674        -0.1070690488
 2675        -0.1044076286
 2676        -0.1037996446
 2677        -0.1028958892
 2678        -0.1013863704
 2679        -0.1000786946
 2680        -0.0985470121
 2681        -0.0974537322
 2682        -0.0966593230
 2683        -0.0962212415
 2684        -0.0953288170
 2685        -0.0942541333
 2686        -0.0933821037
 2687        -0.0924027224
 2688        -0.0915704214
 2689        -0.0911905668
 2690        -0.0901580418
 2691        -0.0894393075
 2692        -0.0885529674
 2693        -0.0875151959
 2694        -0.0869945877
 2695        -0.0855300847
 2696        -0.0843101521
 2697        -0.0840393417
 2698        -0.0832511966
 2699        -0.0817910446
 2700        -0.0803545638
 2701        -0.0796613320
 2702        -0.0793673892
 2703        -0.0786182734
 2704        -0.0774966419
 2705        -0.0768460259
 2706        -0.0757383131
 2707        -0.0745336869
 2708        -0.0733176346
 2709        -0.0725647310
 2710        -0.0719176769
 2711        -0.0713446786
 2712        -0.0705326556
 2713        -0.0696281410
 2714        -0.0681663400
 2715        -0.0675380809
 2716        -0.0668449226
 2717        -0.0661340360
 2718        -0.0655282943
 2719        -0.0647686069
 2720        -0.0639730521
 2721        -0.0630990851
 2722        -0.0626061264
 2723        -0.0617457078
 2724        -0.0603012759
 2725        -0.0597235183
 2726        -0.0585032347
 2727        -0.0574557787
 2728        -0.0567841337
 2729        -0.0554343212
 2730        -0.0542758754
 2731        -0.0534495337
 2732        -0.0528972025
 2733        -0.0517594891
 2734        -0.0511877643
 2735        -0.0508360109
 2736        -0.0501406703
 2737        -0.0490111366
 2738        -0.0483092135
 2739        -0.0474576387
 2740        -0.0460245838
 2741        -0.0456362801
 2742        -0.0447143693
 2743        -0.0435352946
 2744        -0.0432408293
 2745        -0.0422278719
 2746        -0.0411650062
 2747        -0.0400266859
 2748        -0.0394094311
 2749        -0.0388825942
 2750        -0.0384158781
 2751        -0.0376917342
 2752        -0.0363498810
 2753        -0.0357640226
 2754        -0.0354653995
 2755        -0.0350202321
 2756        -0.0339468927
 2757        -0.0336905696
 2758        -0.0324705118
 2759        -0.0322025559
 2760        -0.0320627411
 2761        -0.0309228562
 2762        -0.0300601438
 2763        -0.0291379472
 2764        -0.0286907880
 2765        -0.0280499490
 2766        -0.0267635611
 2767        -0.0261649544
 2768        -0.0247953649
 2769        -0.0245949343
 2770        -0.0237149187
 2771        -0.0234639358
 2772        -0.0227805421
 2773        -0.0225384791
 2774        -0.0220477278
 2775        -0.0209615109
 2776        -0.0207165915
 2777        -0.0197303448
 2778        -0.0193335667
 2779        -0.0188312097
 2780        -0.0181344108
 2781        -0.0180187330
 2782        -0.0172246817
 2783        -0.0169146744
 2784        -0.0166634181
 2785        -0.0162792815
 2786        -0.0158206494
 2787        -0.0153814402
 2788        -0.0151033502
 2789        -0.0145314227
 2790        -0.0138763329
 2791        -0.0136087892
 2792        -0.0134569614
 2793        -0.0126803602
 2794        -0.0122014757
 2795        -0.0120326351
 2796        -0.0116188109
 2797        -0.0113524980
 2798        -0.0109550602
 2799        -0.0105823739
 2800        -0.0103853232
 2801        -0.0100107122
 2802        -0.0096730288
 2803        -0.0092186561
 2804        -0.0083949484
 2805        -0.0080016637
 2806        -0.0076434840
 2807        -0.0072395457
 2808        -0.0070532041
 2809        -0.0065654961
 2810        -0.0063063123
 2811        -0.0059147015
 2812        -0.0056838848
 2813        -0.0054299898
 2814        -0.0051804548
 2815        -0.0045049388
 2816        -0.0042179106
 2817        -0.0041242627
 2818        -0.0038294515
 2819        -0.0035829735
 2820        -0.0033576148
 2821        -0.0031176227
 2822        -0.0028508333
 2823        -0.0022140755
 2824        -0.0020534538
 2825        -0.0019815267
 2826        -0.0017150920
 2827        -0.0014415059
 2828        -0.0012263902
 2829        -0.0010694752
 2830        -0.0008262929
 2831        -0.0007724774
 2832        -0.0006223148
 2833        -0.0005216176
 2834        -0.0003285899
 2835        -0.0002062128
 2836        -0.0001233471
 2837        -0.0000377729
 2838         0.0001854169
 2839         0.0004373798
 2840         0.0006591464
 2841         0.0009888918
 2842         0.0010973658
 2843         0.0014497922
 2844         0.0018239117
 2845         0.0021781639
 2846         0.0026145062
 2847         0.0031388321
 2848         0.0041500381
 2849         0.0050352780
 2850         0.0055019688
 2851         0.0062802405
 2852         0.0072611192
 2853         0.0077986953
 2854         0.0082387379
 2855         0.0095112840
 2856         0.0105005555
 2857         0.0112619943
 2858         0.0122712933
 2859         0.0125994041
 2860         0.0144757814
 2861         0.0150321903
 2862         0.0167530409
 2863         0.0183525084
 2864         0.0195682159
 2865         0.0200670074
 2866         0.0218048398
 2867         0.0237895783
 2868         0.0245145726
 2869         0.0258598713
 2870         0.0281166169
 2871         0.0289302128
 2872         0.0308817262
 2873         0.0320569641
 2874         0.0326163812
 2875         0.0342768307
 2876         0.0352960358
 2877         0.0371202924
 2878         0.0387293070
 2879         0.0399251113
 2880         0.0423549001
 2881         0.0428821642
 2882         0.0453708276
 2883         0.0465573582
 2884         0.0476163573
 2885         0.0485766552
 2886         0.0495740558
 2887         0.0521532650
 2888         0.0528929603
 2889         0.0539064074
 2890         0.0548989917
 2891         0.0562579091
 2892         0.0579466394
 2893         0.0593128768
 2894         0.0610180346
 2895         0.0620635667
 2896         0.0630074235
 2897         0.0648039953
 2898         0.0679696588
 2899         0.0695628174
 2900         0.0723923850
 2901         0.0734029015
 2902         0.0740387417
 2903         0.0754668060
 2904         0.0766609341
 2905         0.0784353149
 2906         0.0793565210
 2907         0.0807772192
 2908         0.0847616923
 2909         0.0883377852
 2910         0.0896551400
 2911         0.0903834500
 2912         0.0906985605
 2913         0.0941355787
 2914         0.0961459694
 2915         0.0972097848
 2916         0.0999268061
 2917         0.1035444644
 2918         0.1044502334
 2919         0.1059210767
 2920         0.1084255445
 2921         0.1101100162
 2922         0.1118244205
 2923         0.1129775083
 2924         0.1139342606
 2925         0.1150826382
 2926         0.1167445054
 2927         0.1185844331
 2928         0.1206446178
 2929         0.1225213924
 2930         0.1234983900
 2931         0.1258750105
 2932         0.1289523486
 2933         0.1311623756
 2934         0.1318647640
 2935         0.1333948410
 2936         0.1354886101
 2937         0.1373642908
 2938         0.1406980745
 2939         0.1420195110
 2940         0.1454198210
 2941         0.1464027234
 2942         0.1486816224
 2943         0.1501733233
 2944         0.1532000509
 2945         0.1548547317
 2946         0.1573535313
 2947         0.1597893991
 2948         0.1623670628
 2949         0.1647024853
 2950         0.1665876818
 2951         0.1687540617
 2952         0.1720895025
 2953         0.1731528173
 2954         0.1744265060
 2955         0.1766989096
 2956         0.1780808670
 2957         0.1798645487
 2958         0.1824933289
 2959         0.1841200418
 2960         0.1851475246
 2961         0.1889535918
 2962         0.1903409696
 2963         0.1920846179
 2964         0.1958389399
 2965         0.1979718825
 2966         0.1997966099
 2967         0.2018393712
 2968         0.2040559616
 2969         0.2065836978
 2970         0.2105105535
 2971         0.2134794597
 2972         0.2144343371
 2973         0.2158144387
 2974         0.2198155434
 2975         0.2232020954
 2976         0.2277476564
 2977         0.2289014790
 2978         0.2309147595
 2979         0.2336757897
 2980         0.2344259858
 2981         0.2361847283
 2982         0.2385548616
 2983         0.2405266829
 2984         0.2433903273
 2985         0.2451841017
 2986         0.2472190643
 2987         0.2489998480
 2988         0.2533758902
 2989         0.2570039351
 2990         0.2578287774
 2991         0.2593507782
 2992         0.2630784112
 2993         0.2663700526
 2994         0.2694862622
 2995         0.2708790388
 2996         0.2732413706
 2997         0.2790699946
 2998         0.2812251363
 2999         0.2830915651
 3000         0.2876766016
