1.359770e+00,-3.377711e-01,3.091398e-01,-1.414825e+00,-2.840072e-01,5.000717e-01,1.002446e-01,-3.423082e-01,-4.566636e-01,1.776610e+00
1.526560e+00,1.250976e+00,-1.907177e+00,2.687731e-01,1.070962e-01,-1.296242e+00,-1.757084e+00,1.305277e+00,9.651753e-01,4.857935e-01
1.601120e+00,-1.346940e+00,1.383332e-01,3.415109e-01,3.355713e-01,-8.649263e-01,-1.282016e+00,-1.518245e+00,-3.192176e-01,5.899909e-01
2.025021e-03,9.206254e-01,2.291317e-01,-1.890096e-01,9.254857e-04,1.706608e-01,-2.547299e-03,-5.622948e-02,3.503964e-01,2.942068e-03
-1.069948e-03,-1.583078e-01,-1.184775e+00,1.467305e-01,-6.930837e-03,1.983242e+00,-7.601974e-04,-1.104423e-01,-1.075779e+00,-9.153268e-04
-3.530153e-03,1.053038e+00,-1.125487e+00,6.779032e-01,-4.789791e-03,1.220998e-01,2.969543e-03,3.038794e-01,-1.640226e-01,-3.091312e-04
-4.864417e-03,1.375607e+00,5.689384e-01,2.954997e-01,-9.010584e-03,3.826809e-01,4.031428e-04,-7.765290e-01,1.105994e+00,1.719577e-03
-9.754184e-01,3.992920e-01,-2.327040e-01,2.985121e-01,3.809289e-01,-6.838100e-01,-1.160503e-01,-1.161939e+00,2.912794e-01,1.904190e+00
-3.242349e-03,1.323125e+00,-4.876971e-01,-4.124260e-01,8.081276e-03,-1.951708e-01,-6.704619e-03,-3.874835e-02,3.056243e-01,4.290017e-03
-2.150387e-03,-5.254667e-02,-6.888011e-01,-1.470493e+00,4.947970e-03,1.194784e-01,-2.965351e-03,8.126248e-01,1.320508e+00,1.516378e-03
-1.035996e-03,-2.886894e-02,1.630862e+00,-1.124326e+00,3.196726e-03,1.362766e+00,2.356702e-03,-1.866632e+00,9.199394e-01,3.470445e-03
-2.259800e-03,-1.671236e+00,-9.431054e-01,1.719484e-01,-2.839498e-03,-3.349841e-01,2.314073e-03,-5.680367e-02,-6.362768e-01,-5.626770e-03
1.613314e-04,-4.748967e-01,2.036064e-01,-6.940360e-01,1.215669e-02,7.543412e-02,1.260538e-02,-3.396494e-01,1.549161e+00,4.578972e-04
2.420615e-03,-5.706082e-01,-5.423508e-01,-7.644978e-01,-1.199721e-03,2.614003e-01,-4.518379e-04,-1.232975e+00,6.043805e-01,3.770131e-03
-2.292102e-03,2.907242e-01,1.799023e-02,5.471886e-01,2.634871e-03,-7.894906e-01,4.816155e-03,-6.802448e-01,1.787477e-01,-3.853171e-03
1.522854e+00,-2.943001e-01,-7.583782e-01,-5.077478e-02,-2.525372e-01,-9.541766e-01,-1.380915e+00,-6.018636e-01,1.469717e+00,-1.948664e+00
-7.782074e-01,1.704951e-01,3.138978e-01,2.015773e-02,-3.083383e-01,-1.074610e-01,3.630358e-01,4.659388e-01,-2.881678e-01,-1.635906e-01
-4.877092e-03,-7.778826e-01,3.765407e-01,-3.211602e-01,3.453697e-03,-8.658548e-01,-2.092342e-03,-3.059474e-01,4.190686e-01,-4.009308e-03
-1.688863e-01,-3.818108e-01,9.584067e-02,5.105894e-01,-6.280940e-01,7.657602e-01,1.743829e-01,-5.963965e-01,8.573567e-02,2.487814e-02
-8.153724e-01,-1.033876e+00,2.680675e-01,4.349632e-01,1.151690e+00,3.911630e-01,-1.474888e+00,-1.029357e-01,7.709722e-01,1.038457e+00
