1.362309e+00,6.140758e-01,-1.284735e+00,8.034350e-01,-2.684900e-01,1.506459e-01,8.588531e-02,7.294608e-01,7.338665e-01,1.778401e+00
1.524793e+00,2.983057e-01,-5.224413e-01,1.199564e+00,1.086470e-01,-6.794259e-01,-1.763217e+00,-4.366101e-01,1.205908e-01,4.856388e-01
1.599075e+00,-1.483055e+00,-6.451525e-01,-9.149276e-01,3.254694e-01,3.914187e-01,-1.257910e+00,-1.336200e+00,-8.841913e-01,5.918239e-01
-3.355505e-03,1.053952e+00,1.140002e+00,2.646282e-01,3.504350e-03,1.254716e+00,8.089713e-04,4.149041e-01,1.189626e+00,-5.731502e-04
4.449645e-03,5.701331e-01,-1.451238e-01,-6.411462e-01,-3.690418e-03,7.083802e-01,-3.072840e-04,-7.002775e-01,1.865776e+00,-2.606112e-05
1.053733e-03,5.781394e-01,5.926170e-01,2.449240e-01,4.120805e-03,-5.758656e-01,2.622019e-03,6.573390e-01,-4.567822e-01,-3.742399e-03
3.084237e-03,1.842374e-01,-1.047633e+00,6.831460e-01,-1.365298e-02,-4.039733e-01,6.426202e-03,-2.328050e+00,1.237420e+00,1.133888e-03
-9.742229e-01,1.942087e-01,1.739865e+00,-6.198877e-01,3.839951e-01,2.165523e-01,-1.140655e-01,-4.868412e-01,1.478123e+00,1.902909e+00
-8.002075e-05,1.876287e+00,-3.315360e-01,-1.720256e-01,-2.468740e-03,-1.045814e+00,-1.754532e-03,-7.445854e-01,-2.735480e-01,6.570440e-04
2.962087e-03,-1.887789e+00,-2.636976e-01,1.002427e+00,9.687987e-03,-1.322865e+00,-1.927335e-03,1.878312e-01,-1.379837e+00,-4.659999e-03
1.648004e-03,-7.671805e-01,-1.963538e+00,7.942823e-01,5.546585e-03,-8.633901e-01,-3.742949e-03,2.408942e-01,-8.514023e-01,2.925033e-03
-3.972386e-03,-6.025265e-02,-7.266212e-02,9.449116e-01,-1.866593e-03,2.036272e-01,6.176520e-03,6.024363e-01,-9.949689e-01,-2.811125e-03
6.122375e-03,1.887978e+00,-2.432403e-01,1.314548e+00,2.678197e-04,4.479953e-02,3.916093e-04,7.459603e-01,8.046574e-01,2.334949e-03
-1.857567e-03,4.961047e-01,3.779909e-01,-5.752325e-01,3.258826e-03,1.066615e+00,-3.123717e-03,-5.009714e-01,-1.370978e+00,7.134881e-03
1.648576e-03,7.721668e-01,2.267957e-01,-2.931738e-01,-7.933461e-03,-1.190725e-01,-2.844524e-03,-7.672814e-02,1.153739e+00,-5.522285e-04
1.522005e+00,2.874932e-01,2.778158e-01,4.040673e-01,-2.463018e-01,8.884923e-01,-1.378569e+00,-3.562717e-01,1.511725e+00,-1.946366e+00
-7.832262e-01,-7.006569e-01,-7.582583e-01,2.621978e-01,-3.080699e-01,6.866679e-02,3.422383e-01,-1.051715e+00,-4.839062e-01,-1.651027e-01
-8.484493e-03,-1.594759e+00,-3.948609e-01,7.753374e-01,-2.678784e-03,7.227020e-01,-1.236261e-02,-7.311039e-01,-1.261491e+00,7.110532e-03
-1.618947e-01,7.006151e-01,-1.808367e+00,-6.954071e-01,-6.234948e-01,1.295904e+00,1.770483e-01,-5.232948e-01,-2.357263e-01,3.016957e-02
-8.119083e-01,3.601804e-02,-3.735247e-01,7.063385e-01,1.149006e+00,7.485623e-01,-1.448403e+00,-8.801021e-01,6.631129e-01,1.040606e+00
