1.354262e+00,-8.148663e-01,-1.938181e-01,-6.533555e-02,-2.772672e-01,1.971522e-01,9.913101e-02,-1.052873e+00,9.613508e-01,1.777462e+00
1.529927e+00,-1.715896e+00,-4.005521e-01,7.160671e-01,1.120257e-01,-3.343732e-01,-1.734439e+00,6.386083e-01,-2.964854e-01,4.862639e-01
1.599595e+00,-1.233185e-01,1.091240e+00,1.580105e+00,3.294370e-01,-4.840777e-01,-1.273895e+00,5.080020e-01,1.658651e-01,5.922030e-01
3.321002e-03,5.839217e-01,8.386558e-01,-9.628499e-01,-1.987838e-03,3.217770e-01,9.470428e-03,9.760698e-01,2.786753e-01,-1.735148e-03
-2.536967e-03,2.385192e-02,-6.057977e-01,4.364493e-01,-8.232475e-03,-4.537710e-01,6.232597e-03,-1.449646e+00,3.600375e-01,-5.442292e-04
-9.037415e-04,2.177120e-01,1.109460e+00,7.381779e-01,2.464482e-04,1.348064e+00,-1.329002e-02,-1.920110e-02,8.335194e-01,-9.745236e-05
-3.296630e-03,9.043748e-02,-1.333693e+00,-2.422487e-01,-1.129782e-02,2.606249e-02,-4.846774e-04,6.960359e-01,-6.484070e-01,-1.090588e-03
-9.674017e-01,6.500518e-01,-2.877684e-01,-1.333897e+00,3.881968e-01,5.622135e-03,-1.270923e-01,7.516080e-01,9.818907e-02,1.903035e+00
5.212151e-04,1.141450e-01,-1.372609e+00,1.210815e+00,-3.987685e-03,-5.281477e-01,4.504154e-03,4.668061e-01,-1.018462e+00,2.523475e-03
-4.965009e-03,-2.463407e-01,8.447847e-01,1.546952e+00,-6.369437e-03,-6.573762e-01,-5.554379e-03,1.008033e-01,-8.538471e-01,-1.853420e-03
-5.295873e-04,-9.690583e-01,1.991401e-01,3.708726e-01,7.176426e-03,1.557925e+00,-3.366766e-03,-1.282757e+00,-4.884272e-01,1.509644e-03
2.206817e-03,-1.112345e+00,6.680180e-01,-1.303576e+00,2.220413e-03,-8.248362e-01,7.153040e-03,1.465034e+00,1.826447e-01,-2.032320e-03
5.746682e-03,6.931729e-02,1.949369e-01,-1.399327e-01,-6.950903e-04,-2.248929e+00,6.083525e-03,1.735598e-01,2.564233e-01,3.310026e-03
4.010130e-03,-1.813969e+00,-9.676475e-02,2.079508e-01,8.337599e-03,4.226714e-01,1.114292e-02,-2.206828e-01,6.455986e-01,1.024475e-03
-2.156534e-03,-1.492169e+00,4.989849e-01,2.752463e-02,4.852408e-04,-6.633853e-01,1.301445e-03,5.985718e-01,-7.579970e-01,-3.285377e-03
1.525056e+00,1.742907e-01,-1.397469e+00,-1.132565e-02,-2.418783e-01,-1.578308e-01,-1.388960e+00,-9.529544e-03,1.560686e-01,-1.950632e+00
-7.849969e-01,-2.759657e-01,1.267241e+00,-1.765688e-01,-3.034471e-01,-5.109563e-01,3.579823e-01,-1.857384e+00,-5.922379e-01,-1.606467e-01
-1.561989e-03,-2.549070e-02,-5.383142e-01,1.066250e-01,-3.767448e-03,1.065405e+00,-4.380876e-03,5.675660e-01,-9.728505e-02,-1.452896e-03
-1.574582e-01,2.376143e-02,-6.421316e-02,-1.856661e-01,-6.208913e-01,-2.972142e-01,1.527455e-01,1.373183e+00,-1.475993e-01,2.338557e-02
-8.192202e-01,8.528046e-01,4.239260e-02,1.556417e+00,1.156447e+00,5.628895e-01,-1.467856e+00,-8.251370e-02,-6.065446e-01,1.039942e+00
