1.360092e+00,-3.040633e-01,4.856743e-01,3.556116e-02,-2.872021e-01,4.644648e-01,8.541903e-02,-1.482826e+00,-8.542791e-01,1.776457e+00
1.520868e+00,7.438463e-02,2.209890e-01,1.022400e+00,1.019506e-01,-4.842920e-01,-1.732693e+00,-7.862020e-01,-9.442222e-01,4.885799e-01
1.598547e+00,-5.776117e-01,-2.594752e-01,-6.607715e-01,3.288983e-01,1.927727e+00,-1.270126e+00,6.438359e-01,-9.630841e-01,5.923898e-01
4.471390e-03,-5.257354e-01,1.417258e+00,1.902615e+00,-2.050134e-03,3.855466e-01,-3.819752e-03,-5.251000e-01,3.513758e-02,2.655779e-03
4.964015e-03,-4.620821e-01,1.780035e+00,3.818740e-01,-7.603863e-03,-1.116502e+00,1.216604e-04,-5.940589e-01,-7.173728e-02,-1.496076e-03
9.378745e-04,2.365311e-01,5.681129e-01,1.541601e+00,-7.725765e-03,-1.796669e+00,7.501375e-03,-2.897918e-01,-2.320654e+00,1.753114e-03
-2.196075e-03,-8.068317e-01,-6.100148e-01,-3.790059e-01,-4.025445e-03,2.822495e-01,-2.839747e-03,8.945393e-01,1.207394e+00,-9.591663e-05
-9.696604e-01,2.601889e-01,1.858216e-03,2.188426e-02,3.923359e-01,1.236466e-01,-1.199074e-01,-1.327400e+00,1.265877e+00,1.901270e+00
-4.547643e-03,-8.282272e-01,-2.870922e-01,1.464926e+00,1.501145e-03,6.032440e-01,6.449449e-04,-2.809039e-01,1.449001e+00,9.443516e-04
-1.556435e-03,8.029901e-01,-3.872909e-01,3.077982e-01,3.322896e-03,2.607585e-01,7.830544e-03,-5.054343e-02,8.587126e-01,1.201982e-03
6.007709e-04,3.495052e-01,1.003063e+00,-2.119070e-01,-6.607138e-04,4.643763e-01,-7.393783e-03,9.947543e-01,-7.014911e-01,-3.326149e-03
-7.368534e-04,5.237373e-02,-7.509272e-01,-8.027929e-01,-7.857752e-03,-3.031637e-01,8.922196e-03,1.257869e+00,6.421715e-01,1.776687e-03
3.369287e-03,-1.493313e+00,-1.542081e+00,4.022885e-01,-2.408921e-04,-4.137927e-01,-9.696570e-04,-7.688475e-01,-1.932052e+00,1.941349e-03
-9.853295e-04,8.687800e-01,-6.440527e-01,-3.316564e-02,3.317895e-04,-7.469497e-01,5.786709e-03,8.010793e-01,8.647489e-01,1.500831e-03
1.082632e-03,1.653439e-01,-9.492974e-01,-2.413214e+00,-1.395067e-03,8.544806e-01,5.349054e-03,-4.709922e-01,1.499998e+00,-2.907807e-05
1.525320e+00,1.069216e-01,-6.262785e-02,1.323661e-01,-2.363163e-01,1.951301e+00,-1.377114e+00,9.274602e-01,7.578101e-01,-1.944471e+00
-7.808662e-01,-7.594725e-01,-8.252142e-02,-9.851299e-01,-3.185536e-01,-3.988880e-01,3.535104e-01,-4.037868e-01,1.349983e-01,-1.625628e-01
-1.151205e-03,7.061828e-01,1.615600e-01,-6.599814e-01,-2.355956e-03,-1.207185e+00,-1.702092e-03,2.721170e-01,-2.792200e-01,8.854256e-04
-1.542319e-01,5.343597e-01,1.581202e+00,4.275979e-01,-6.217371e-01,1.029702e+00,1.592243e-01,6.974164e-01,-1.894410e+00,2.114630e-02
-8.177710e-01,-2.626687e-01,-3.149173e-01,-4.359148e-03,1.162856e+00,-1.255090e+00,-1.465430e+00,1.760635e-01,-3.736701e-01,1.039102e+00
