1.370004e+00,-2.446765e-01,-5.609478e-01,-1.131859e+00,-2.857112e-01,-1.643440e-01,9.293351e-02,-1.105074e+00,-1.455694e+00,1.774616e+00
1.524480e+00,-1.135145e+00,-2.765047e-01,-6.517329e-01,1.188719e-01,-1.323090e+00,-1.745023e+00,2.009271e-01,-1.098559e+00,4.850493e-01
1.596970e+00,-1.713165e+00,-2.640689e-02,1.126449e+00,3.240796e-01,7.789333e-01,-1.281167e+00,5.595278e-01,-5.862396e-01,5.884906e-01
-2.732489e-03,5.107859e-01,-7.478342e-01,-3.041990e-02,-5.236406e-03,-3.400812e-01,1.288726e-02,-2.966898e-01,-4.159742e-01,6.919484e-04
7.143553e-03,1.152061e-01,3.264510e-01,-7.650544e-01,-7.225072e-03,9.253646e-02,-1.232084e-02,-6.411804e-01,1.329431e+00,-2.256894e-03
-2.188171e-05,-1.290355e+00,2.303389e-01,4.225959e-01,-6.307032e-04,-1.433005e+00,-1.043539e-02,1.732102e-01,5.329024e-01,-4.579143e-04
-4.127352e-03,-6.166874e-01,6.322238e-01,3.873873e-01,1.416824e-03,6.904690e-01,-1.564891e-03,-8.159033e-01,6.765874e-01,3.251554e-03
-9.701855e-01,-1.261408e-01,4.666560e-01,4.037547e-01,3.898117e-01,-3.468921e-01,-1.229389e-01,3.171653e-01,9.182992e-01,1.904396e+00
5.697049e-03,-8.860094e-01,-4.040707e-01,-3.018237e-01,3.639926e-04,-1.108677e+00,-5.668453e-03,5.050422e-01,1.211922e-01,-1.740649e-04
7.846786e-04,1.481501e+00,9.551999e-02,4.439200e-01,1.798559e-03,-1.940893e-01,-7.074163e-03,-1.355212e-01,-5.744982e-01,-2.882322e-03
5.957276e-03,-3.105524e-01,5.229677e-01,1.348331e-01,-8.165882e-04,4.342895e-01,1.111312e-03,1.015008e-01,-6.656650e-01,-1.717962e-03
-4.612134e-03,-1.430484e+00,2.139237e-01,-4.714628e-01,-9.419757e-03,-5.969325e-01,6.036993e-03,-3.622731e-01,1.552812e+00,-2.645678e-03
7.271662e-03,-2.042419e-01,-9.607064e-01,-5.374293e-01,-2.233243e-03,4.095976e-01,2.090218e-05,-1.012108e+00,1.017733e+00,2.089790e-03
1.608904e-03,-6.807473e-02,1.736834e+00,1.198652e+00,-1.922569e-03,1.257076e+00,-5.415061e-03,5.145186e-01,-9.886370e-03,-1.339466e-03
3.192072e-03,1.359328e-04,-8.489573e-02,6.141575e-01,-1.520510e-03,5.747199e-01,-6.037869e-03,1.354913e+00,1.379127e-01,-5.011236e-03
1.525294e+00,-1.686556e+00,-1.084404e+00,9.390719e-02,-2.472742e-01,-4.528729e-02,-1.378050e+00,3.510300e-01,2.513469e-01,-1.948932e+00
-7.790857e-01,1.381295e+00,-5.221501e-01,7.150851e-02,-3.108030e-01,3.595488e-01,3.661896e-01,-1.624758e-01,-8.797935e-01,-1.608374e-01
1.012544e-03,-4.454790e-01,-1.446759e+00,-9.099571e-01,9.734353e-04,-3.648463e-01,-6.250386e-03,-7.755771e-02,1.290666e+00,-1.407532e-03
-1.590584e-01,1.475112e+00,-2.279135e-01,-1.276976e+00,-6.243880e-01,2.441570e-01,1.906212e-01,-2.381942e-01,-5.375664e-01,2.641557e-02
-8.132540e-01,9.083711e-02,3.248472e-01,-5.781618e-01,1.154657e+00,1.764157e-01,-1.456344e+00,3.862885e-01,-1.159859e+00,1.040710e+00
