1.362915e+00,-1.320271e+00,-3.581595e-01,-2.576461e-01,-2.892634e-01,-5.355626e-02,8.010180e-02,6.681282e-01,3.441784e-01,1.778181e+00
1.521941e+00,1.092992e+00,7.855465e-01,-4.299002e-01,1.092384e-01,1.309908e+00,-1.737775e+00,-5.919121e-01,2.268204e-01,4.840449e-01
1.602944e+00,-5.924244e-01,9.610188e-01,-3.481463e-01,3.376133e-01,5.853063e-01,-1.269444e+00,-5.153531e-01,-5.068857e-01,5.905121e-01
8.740315e-04,-1.393050e+00,-1.358793e+00,5.076184e-01,1.325196e-03,-4.525442e-01,8.925935e-03,-1.768117e+00,-7.133925e-01,-2.880993e-03
-1.484636e-03,4.397597e-01,-7.771464e-01,1.485175e+00,3.913749e-03,4.796372e-01,2.847957e-03,1.336561e-01,-9.256014e-01,-1.035383e-03
1.487280e-03,-1.011413e+00,-5.029849e-01,-7.159447e-01,-2.827227e-03,1.711933e-01,1.063862e-02,-6.207499e-01,1.210016e-01,-1.834395e-03
-4.671384e-03,3.292853e-02,-2.244764e-02,-2.055100e-02,1.211910e-03,3.305570e-01,9.785324e-04,1.419082e+00,1.755770e+00,2.418499e-03
-9.764180e-01,5.833631e-01,-1.714728e-01,-9.857729e-01,3.963993e-01,-1.232860e+00,-1.175197e-01,-4.235420e-01,2.006621e-01,1.906886e+00
5.056558e-03,-1.222443e+00,-1.550994e-01,-5.031676e-01,-4.597796e-03,8.868295e-01,-1.114303e-02,1.079283e+00,-7.790955e-01,7.288232e-04
-2.127580e-04,1.279093e+00,1.451954e+00,6.144556e-01,4.596382e-03,1.145126e+00,-5.058116e-03,-4.277192e-01,-2.307701e-01,-1.425480e-03
1.227191e-03,-4.012988e-01,-1.521748e+00,6.177217e-01,-3.146883e-03,-3.856812e-01,-4.694944e-03,4.064821e-01,-1.236814e+00,1.043389e-03
-2.699852e-03,3.954016e-01,-8.393839e-01,2.399727e-01,-4.595743e-03,2.192914e-01,-5.944150e-03,1.048994e+00,7.162091e-01,-3.402468e-03
1.526475e-03,-1.055981e+00,6.935459e-01,-1.178718e+00,1.341243e-03,4.714416e-01,-4.921512e-03,-5.463243e-01,-2.405386e-01,-2.324929e-03
-1.153964e-05,-1.632540e-01,8.900587e-01,-1.155122e+00,7.411166e-04,1.387265e-01,4.017334e-03,9.908599e-02,-8.671596e-02,3.095905e-04
-9.956027e-04,4.365613e-01,-4.560046e-01,7.068814e-01,-6.890971e-03,7.173845e-01,6.309615e-04,-2.142104e-01,-1.555764e+00,-2.791973e-03
1.526859e+00,-2.099845e+00,-1.289739e-01,1.050901e+00,-2.446488e-01,1.257128e+00,-1.402383e+00,1.061093e+00,1.165254e+00,-1.948348e+00
-7.746007e-01,-1.199970e+00,7.711052e-01,6.161308e-01,-3.203663e-01,-1.552023e-01,3.616387e-01,-5.849504e-01,8.486036e-01,-1.612816e-01
-7.354934e-03,-8.227594e-01,3.332663e-01,-5.592836e-01,1.839665e-03,3.143423e-01,-2.301964e-03,-6.451269e-01,8.982163e-02,-1.589307e-03
-1.567574e-01,1.613729e+00,4.631839e-01,8.875173e-01,-6.239356e-01,1.788145e-01,1.602871e-01,-2.435185e-01,2.925563e-01,2.500913e-02
-8.147800e-01,-2.094694e-01,-8.367716e-01,6.229080e-01,1.150523e+00,-2.390211e+00,-1.461985e+00,-2.619646e-01,5.933194e-01,1.038832e+00
