1.370470e+00,-1.541534e+00,-7.075949e-01,-1.760546e+00,-2.919595e-01,1.154794e+00,9.031416e-02,1.642683e-02,-5.866414e-01,1.775995e+00
1.525489e+00,-7.122234e-01,-1.458791e+00,-4.716707e-01,1.124919e-01,1.126891e-01,-1.732930e+00,7.396055e-01,6.330756e-01,4.883689e-01
1.598841e+00,-1.082615e+00,-3.726162e-01,-4.033696e-02,3.336761e-01,-1.259010e+00,-1.262662e+00,1.133229e+00,3.866398e-01,5.910615e-01
-1.524956e-03,-1.206726e-01,7.527760e-01,6.235878e-01,5.089516e-03,-5.611611e-01,2.114300e-03,2.111393e-01,-7.774009e-01,3.839857e-04
3.146587e-03,-8.374016e-01,-7.994988e-01,-5.308556e-02,-1.213913e-03,-2.166022e+00,7.113789e-03,-1.081426e+00,8.519622e-01,-1.685998e-03
2.472732e-03,3.000584e-01,-8.155200e-01,-3.957364e-01,-4.613789e-03,4.474490e-01,-1.493627e-03,8.528320e-01,-9.808746e-02,-2.394042e-03
-2.782373e-03,3.664267e-01,-8.636859e-01,-1.550906e+00,-5.232054e-04,-1.093846e+00,-3.239844e-03,-7.075205e-01,-3.715608e-01,1.419765e-03
-9.756764e-01,1.085640e+00,-5.898715e-01,-6.999845e-01,3.866591e-01,5.060154e-01,-1.104212e-01,6.133748e-01,-1.218358e-01,1.902037e+00
2.318449e-03,9.011231e-03,7.426771e-01,-2.684504e+00,5.877822e-03,4.239482e-01,-3.731130e-03,6.739426e-01,2.569659e-01,2.145885e-03
-1.256341e-03,-7.537706e-01,-4.135916e-01,1.130198e+00,6.705407e-03,-8.543717e-02,6.809671e-04,1.721658e+00,1.713262e-01,-5.028025e-03
-3.181734e-03,1.017186e+00,-9.015991e-01,-6.947288e-01,-1.273122e-03,3.101048e-01,-1.244902e-03,-6.330666e-01,-4.431107e-01,1.394540e-03
4.525804e-03,7.517998e-01,1.402772e+00,3.705538e-01,-3.320854e-03,-1.362401e-02,8.521114e-03,-2.527965e-01,-8.747191e-01,1.653619e-05
2.826501e-04,9.831738e-01,-1.650625e-01,1.352307e-01,6.380852e-03,-2.917985e-01,2.330564e-03,6.010124e-01,1.091609e+00,-2.485917e-04
-2.373338e-03,-4.635792e-01,-1.001909e+00,1.322147e-01,5.879665e-03,-1.094784e+00,8.878871e-04,6.821310e-01,-5.428181e-01,1.704861e-03
5.862003e-05,1.128479e-01,-2.301860e-01,-1.082168e+00,-3.256601e-03,-2.960728e-01,-5.549513e-03,1.613958e+00,-1.166209e+00,-3.989093e-03
1.524706e+00,1.410980e+00,-6.174840e-01,-7.271763e-01,-2.427896e-01,7.398662e-01,-1.387188e+00,1.832494e-01,-4.654058e-01,-1.944968e+00
-7.757384e-01,-6.135922e-03,4.814062e-01,6.689492e-01,-3.066965e-01,-4.303375e-01,3.492297e-01,7.740642e-01,5.658763e-01,-1.644704e-01
-3.586372e-04,9.613831e-01,-8.834455e-01,2.284277e-02,1.278951e-03,1.309605e+00,4.407070e-03,1.365803e+00,-1.395384e+00,-2.449639e-03
-1.605446e-01,-3.095379e-01,3.894449e-01,-1.042149e+00,-6.344285e-01,-5.574761e-01,1.713767e-01,5.436158e-01,-1.450434e+00,2.871702e-02
-8.222948e-01,-8.032307e-01,-1.460674e+00,5.378446e-01,1.153138e+00,6.971312e-01,-1.467044e+00,2.841600e-01,1.120745e-01,1.036602e+00
