1.366288e+00,1.569839e+00,-1.469450e-01,-5.242880e-01,-2.752087e-01,-7.911673e-01,1.020995e-01,-1.435023e-01,1.194371e+00,1.775646e+00
1.526047e+00,3.645160e-02,2.917881e-01,-1.343204e+00,1.115188e-01,-1.024285e-01,-1.743634e+00,-1.141097e+00,-2.120106e-01,4.903714e-01
1.597637e+00,-4.612743e-01,-1.319177e+00,4.366372e-01,3.267559e-01,-5.116493e-01,-1.260395e+00,-7.918385e-01,-1.072590e+00,5.920854e-01
-3.786060e-03,-5.235882e-02,5.220112e-01,7.410165e-02,-8.985763e-03,4.194733e-01,1.030534e-02,-5.925546e-01,7.772689e-01,-3.231144e-03
9.021282e-04,1.384209e+00,4.128088e-01,1.140473e-01,3.315273e-03,-3.554870e-01,9.979603e-03,-4.304761e-01,7.484663e-01,1.634924e-04
-9.512460e-04,1.243721e+00,9.216919e-01,3.050114e-01,3.198844e-03,-4.046810e-01,-2.892448e-03,1.872371e+00,-4.000441e-01,-1.739903e-03
-1.500139e-03,-4.597740e-01,2.142975e+00,8.551848e-01,-5.733413e-03,1.256079e+00,1.224017e-02,5.302096e-01,-7.183489e-01,-1.530894e-03
-9.678943e-01,1.648781e+00,-4.085380e-01,7.073537e-02,3.885114e-01,-1.566484e-01,-1.136046e-01,1.164707e-01,-3.042504e-01,1.904099e+00
-4.511812e-04,-6.100611e-01,-1.516833e+00,-1.218200e-01,-1.195001e-03,3.461703e-01,3.673166e-03,-1.432900e-01,2.014695e-01,4.464830e-04
-4.847038e-03,2.506715e-01,4.170748e-01,-4.270375e-01,3.893120e-03,1.841370e+00,-5.756935e-04,-1.529869e-01,-4.791207e-01,-3.113018e-03
9.223480e-03,6.586740e-01,-1.075281e+00,6.935094e-03,-2.874779e-03,-1.801962e-01,-2.084837e-03,1.150835e+00,1.085900e+00,-6.345081e-04
-7.969221e-03,-7.747691e-01,8.933249e-01,9.030656e-01,-8.274000e-03,1.470351e+00,1.132843e-02,1.815730e+00,-6.878262e-01,-1.612598e-03
5.321671e-03,1.151151e-01,8.940817e-01,8.408123e-01,4.516351e-04,3.384523e-01,-9.978263e-03,3.568621e-01,4.366314e-01,5.763128e-03
-1.404499e-03,-6.704838e-01,1.352767e-01,-8.849879e-01,-4.517752e-03,-1.686853e+00,3.635740e-03,3.695753e-01,-2.750359e-01,2.391002e-03
-1.152760e-02,1.857626e+00,1.155612e+00,4.420493e-01,-2.067642e-03,-1.132887e+00,-1.288750e-03,-1.443833e+00,1.054434e+00,-2.092247e-03
1.530518e+00,1.531145e+00,-5.872183e-01,3.060531e-02,-2.457568e-01,1.722016e+00,-1.394262e+00,-8.339195e-01,-4.830156e-01,-1.946128e+00
-7.734452e-01,-1.754475e-01,-1.227660e+00,3.356667e-01,-3.162056e-01,1.274050e-01,3.468702e-01,1.510656e+00,1.251231e+00,-1.616479e-01
-3.987389e-04,-1.615374e-01,4.980347e-01,-1.287750e+00,-1.553441e-03,8.512289e-01,9.628530e-03,-4.306450e-01,2.259336e+00,7.255738e-04
-1.586527e-01,1.864264e+00,5.631523e-01,3.110410e-01,-6.198152e-01,9.126601e-02,1.745433e-01,-1.406182e+00,-4.819827e-01,2.410721e-02
-8.167869e-01,9.681793e-01,-5.892633e-01,-9.525536e-01,1.157001e+00,-8.711625e-01,-1.469666e+00,1.389950e-01,3.569769e-01,1.037698e+00
