1.360233e+00,-1.892706e-01,5.313467e-01,6.840937e-01,-2.835423e-01,3.690041e-01,9.091765e-02,-3.909113e-01,4.358733e-01,1.777885e+00
1.528200e+00,-4.860536e-01,-4.763305e-01,1.656862e+00,1.168381e-01,-5.901699e-02,-1.738744e+00,2.516730e-01,3.319924e-01,4.895182e-01
1.602313e+00,2.004441e-01,-9.924015e-01,1.681503e-01,3.330255e-01,-4.377869e-01,-1.255461e+00,2.196479e-01,1.975922e-01,5.867922e-01
4.179257e-03,-1.067882e+00,-2.195413e-01,8.575204e-01,-1.766894e-03,2.702818e-01,2.869824e-03,-1.380714e-01,-2.661735e-02,1.485998e-03
1.129069e-03,-1.885482e-01,5.028744e-01,-9.505445e-01,-3.638845e-03,-3.219733e-01,1.367915e-02,6.628554e-01,3.637183e-03,3.605522e-04
2.393088e-04,-7.276275e-02,6.832887e-01,3.719159e-02,-1.829930e-03,2.432938e+00,5.148156e-04,4.024373e-01,-2.997607e-03,2.401332e-03
1.895403e-04,1.832714e+00,-9.645947e-02,1.248214e+00,-4.260207e-03,-1.467651e+00,3.014805e-03,-1.145803e+00,-9.467274e-01,-4.012502e-03
-9.714689e-01,9.629405e-01,3.994770e-01,1.402741e-01,3.862721e-01,3.452691e-01,-1.166787e-01,-3.477523e-01,-4.028934e-01,1.905516e+00
3.064328e-04,-8.001915e-01,-1.282095e-01,-9.126004e-02,-2.795105e-03,4.179467e-01,-1.223473e-02,-6.013855e-01,-1.173500e+00,3.423669e-03
-2.103673e-03,8.373868e-01,5.809433e-01,-5.761728e-01,1.375024e-03,-2.208520e-01,-1.312582e-03,6.931620e-01,3.105579e-01,-1.564503e-03
7.592980e-03,-6.478268e-01,-7.500200e-01,-9.749560e-01,6.529499e-03,-1.116784e+00,5.942557e-03,-6.679903e-02,-1.640892e+00,5.719353e-04
2.640595e-03,1.838019e+00,-1.910723e+00,-1.379500e+00,-4.242853e-03,5.526598e-01,-7.973393e-04,-1.074767e-02,-7.989631e-02,-3.459814e-04
4.890323e-04,3.646406e-01,3.344658e-01,-3.908280e-01,-7.021364e-03,8.372044e-01,1.505883e-03,-2.061843e-02,-1.746602e-01,2.147825e-03
3.709296e-03,7.431880e-01,5.197366e-01,3.845998e-01,4.889303e-03,4.674217e-01,7.912832e-03,6.247408e-01,7.628759e-01,1.213943e-03
-1.405330e-03,5.266042e-01,6.702297e-01,4.831393e-01,-2.126751e-03,-1.462680e+00,3.099937e-03,-8.704187e-01,-1.329154e+00,-5.392514e-03
1.520701e+00,1.289170e+00,-1.169692e+00,6.154782e-01,-2.451243e-01,-1.952933e-01,-1.389930e+00,-2.024401e-01,1.275071e+00,-1.947289e+00
-7.785333e-01,3.820341e-01,-1.798811e-01,-8.611920e-01,-3.172894e-01,1.400404e+00,3.547293e-01,1.199503e-01,3.492829e-01,-1.618875e-01
-3.299901e-03,6.494769e-01,1.358494e-01,-9.864101e-01,-1.232594e-03,-4.808518e-01,-2.505049e-03,1.095716e+00,1.463657e+00,1.903379e-03
-1.594550e-01,1.853904e-01,2.117258e-01,2.193207e-01,-6.265924e-01,8.331378e-01,1.641672e-01,-1.163281e+00,2.346362e-01,2.617743e-02
-8.204837e-01,-1.016087e+00,2.849947e-01,-3.504038e-01,1.157980e+00,1.037038e+00,-1.465129e+00,1.496589e+00,2.362991e-01,1.039148e+00
