1.368970e+00,-4.883794e-01,1.286962e-01,4.519619e-01,-2.814606e-01,2.333167e+00,9.534804e-02,1.067314e+00,-7.335902e-01,1.776887e+00
1.527112e+00,2.487220e-01,3.978109e-01,1.746553e-01,1.008638e-01,9.384622e-01,-1.742164e+00,-1.410215e-01,1.020003e+00,4.860319e-01
1.601957e+00,-1.032791e+00,2.065511e-02,4.147872e-01,3.195216e-01,-9.322549e-01,-1.270589e+00,1.208778e-03,2.501695e-01,5.916152e-01
-2.867497e-03,-4.753369e-01,-3.259581e-01,-6.461988e-01,-3.860917e-03,4.629978e-01,5.802632e-04,2.351657e-01,-8.836124e-01,-8.569010e-04
4.187304e-04,2.100774e-01,3.558701e-01,1.923071e-02,9.868656e-04,5.277991e-01,-2.700358e-03,2.576167e+00,-1.171422e+00,1.665365e-03
-3.243687e-03,-2.573275e-01,7.095740e-01,8.064620e-02,-1.431991e-03,8.914467e-01,5.222250e-03,-1.171778e+00,-4.758988e-01,2.103477e-03
-7.274440e-03,-8.274618e-02,-5.129222e-01,-8.148346e-01,8.676454e-04,-1.318492e+00,-3.652850e-03,-6.760300e-01,9.978310e-01,-7.112653e-04
-9.751984e-01,-4.408610e-01,1.860683e+00,8.968799e-01,3.857912e-01,-3.131769e-01,-1.295625e-01,1.860423e-01,3.765868e-02,1.905181e+00
2.614781e-03,2.680565e-01,5.285235e-02,-5.493307e-01,5.064381e-03,1.075175e+00,-2.035190e-03,2.482822e+00,-1.400052e+00,-6.218455e-04
-1.380802e-03,1.655070e+00,1.761137e-01,5.703236e-01,-7.809481e-03,-1.845260e+00,5.558157e-04,1.827497e+00,1.952568e+00,-1.398584e-03
4.145644e-03,-3.691604e-01,7.065540e-02,-1.364067e+00,6.480751e-04,-6.778114e-01,-6.898936e-03,4.566567e-01,4.298722e-01,4.235314e-03
3.422859e-04,1.005926e+00,-4.960328e-01,1.667249e+00,7.531380e-04,9.585637e-01,-5.179586e-04,5.907869e-01,7.565881e-01,6.417742e-04
1.111980e-03,1.181583e+00,-1.256946e+00,2.446708e-01,-3.996242e-03,6.772841e-01,5.268609e-03,-9.250300e-02,6.957884e-01,6.753168e-03
3.574427e-03,-1.396214e+00,-4.435950e-01,1.114255e+00,3.606203e-03,-1.400759e+00,3.159731e-03,-1.479302e+00,-8.329295e-01,2.852445e-03
5.423217e-03,-1.021460e+00,-2.090549e+00,1.686139e-01,2.462555e-03,2.878841e-01,8.598992e-04,-1.150518e+00,4.069781e-01,-1.372074e-03
1.519609e+00,-6.563824e-01,9.302136e-01,-1.787229e-01,-2.384860e-01,6.964394e-01,-1.381648e+00,3.077837e-01,-5.337234e-02,-1.947114e+00
-7.795445e-01,9.411512e-01,-1.851029e+00,-3.684238e-01,-3.129566e-01,3.327974e-01,3.603209e-01,-7.071479e-01,-1.792257e-01,-1.664662e-01
-3.591434e-03,4.454430e-01,1.884723e-01,8.927300e-01,-7.709940e-03,8.699625e-01,5.734420e-03,-1.092125e+00,-5.246972e-01,2.694777e-04
-1.602005e-01,2.906279e-01,1.945942e+00,-1.942313e-01,-6.219772e-01,-1.135155e-01,1.697149e-01,-1.105606e+00,-4.357705e-01,2.844258e-02
-8.111065e-01,5.475428e-01,1.040200e+00,-4.212294e-01,1.154147e+00,1.194396e+00,-1.452823e+00,9.283195e-01,-6.650590e-01,1.039789e+00
