1.366538e+00,-2.389926e+00,5.775492e-01,-2.174147e+00,-2.965555e-01,-4.913754e-01,8.657941e-02,-1.943819e+00,-8.309243e-01,1.780231e+00
1.522372e+00,1.585451e+00,-7.258324e-01,3.375615e-01,1.128265e-01,8.085535e-01,-1.751155e+00,-7.515413e-01,-1.155117e-02,4.877693e-01
1.594088e+00,-2.775619e-01,3.746288e-01,5.016953e-01,3.237342e-01,-1.711298e+00,-1.263934e+00,-2.896529e-01,-4.238172e-01,5.934540e-01
3.492403e-03,-8.222154e-01,6.372338e-02,-5.123091e-01,-7.292681e-04,5.091863e-01,7.419680e-03,-9.530423e-02,-8.112296e-01,-2.139185e-03
2.717177e-03,-1.687373e+00,1.058479e+00,8.325293e-01,-2.819944e-03,1.242381e+00,1.066789e-02,-1.798295e-01,-1.788637e+00,3.171589e-03
4.611865e-03,1.447697e+00,-3.659297e-01,-3.250703e-01,-2.003325e-03,4.943630e-01,-9.551865e-03,1.300898e-01,-3.265927e-01,-6.058787e-04
-3.713023e-03,8.065320e-01,1.128363e+00,-7.062183e-01,7.118232e-03,5.215392e-01,2.021773e-03,-2.997221e-01,-8.797721e-01,2.399058e-04
-9.784968e-01,-3.369661e-02,-8.427483e-01,1.287178e-02,3.831819e-01,-6.063257e-01,-1.083095e-01,8.793238e-01,-1.086702e+00,1.907920e+00
-2.895738e-03,3.487627e-01,3.258714e-01,9.476216e-01,-1.738342e-03,-1.372909e+00,1.570398e-02,6.467538e-02,-8.846431e-01,5.105942e-03
2.610775e-03,-1.544799e+00,-1.188491e+00,1.373855e+00,-1.084583e-02,9.174385e-01,-1.061700e-03,-8.406132e-01,-6.250033e-01,-1.024567e-05
-6.887349e-04,-5.392205e-01,-6.259799e-01,1.694881e+00,1.116952e-03,9.072382e-01,-6.118413e-03,-4.618262e-01,5.131805e-01,2.529792e-03
-1.296391e-03,5.203661e-01,1.147440e+00,-4.573825e-01,-3.013137e-03,-4.356656e-01,4.274095e-03,-1.601250e+00,-1.229979e+00,-2.950707e-03
2.064960e-03,-3.800610e-01,5.993132e-01,-1.760256e+00,4.678880e-03,7.321750e-01,2.770688e-03,1.189296e-01,5.313759e-01,4.909255e-03
-2.781614e-03,5.171449e-01,1.374995e+00,7.062954e-02,2.432499e-03,-1.235510e+00,-1.660166e-03,-1.365403e+00,8.279759e-02,7.533189e-04
4.732959e-03,6.949384e-01,1.224320e-01,9.096229e-01,2.916340e-03,-4.461573e-02,-1.163922e-02,-1.292181e-01,9.320626e-01,9.722047e-04
1.527124e+00,-5.938286e-01,-2.060636e-01,-3.038741e-01,-2.435913e-01,-1.151685e-01,-1.398793e+00,6.759404e-01,-5.341885e-01,-1.946893e+00
-7.753916e-01,-9.284099e-01,-1.679917e-01,-1.776775e+00,-3.168405e-01,-7.432162e-01,3.582463e-01,6.406345e-01,-1.029202e-01,-1.602195e-01
-9.240750e-04,9.446313e-01,1.102718e+00,1.025578e+00,3.876120e-03,-7.579071e-01,8.548592e-04,-1.834153e-01,1.560717e-01,-7.264291e-04
-1.620841e-01,-4.900070e-01,-4.697837e-01,-9.367046e-01,-6.242214e-01,-7.309994e-01,1.827336e-01,-6.318526e-01,1.232736e+00,2.212346e-02
-8.180224e-01,-7.735451e-01,-1.264492e+00,2.581129e-01,1.149948e+00,-2.545975e-01,-1.462781e+00,1.002408e+00,-8.472543e-01,1.038407e+00
