1.351397e+00,-7.730535e-01,8.476158e-01,5.827758e-01,-2.850772e-01,-4.175771e-01,8.905378e-02,-8.086510e-01,-2.274378e-01,1.780187e+00
1.526907e+00,-2.716328e-01,-9.606788e-01,5.027797e-03,1.095037e-01,3.608370e-01,-1.748315e+00,-1.125330e-01,-8.785518e-01,4.890424e-01
1.603458e+00,2.779128e-01,-4.196448e-02,-1.676365e-01,3.263434e-01,1.460390e-01,-1.266072e+00,2.251360e+00,3.362748e-01,5.895328e-01
1.856118e-03,-1.196182e+00,1.236461e-01,-7.262281e-01,-5.653371e-03,6.020006e-01,-1.508657e-02,-8.675771e-01,1.046877e+00,1.112222e-03
2.322561e-03,-2.768170e-01,-9.697733e-01,-9.205162e-01,7.787837e-04,1.877142e-01,1.135401e-02,1.772288e+00,7.265986e-01,-2.573389e-03
-2.249368e-04,-2.285511e-01,-1.098514e-01,3.849227e-01,-3.557748e-03,3.486593e-01,8.228174e-04,1.382999e+00,9.738474e-01,-1.849409e-04
9.372985e-04,5.140287e-01,-4.838374e-01,-1.141379e+00,-5.519979e-03,-1.808807e-01,-9.372927e-03,1.535419e+00,-7.607580e-01,-1.890981e-03
-9.781632e-01,3.156595e-01,7.064125e-01,-1.824992e+00,3.894562e-01,-1.014907e-01,-1.147196e-01,4.931541e-02,1.061530e+00,1.903661e+00
9.026432e-04,9.675425e-01,4.503050e-01,1.028505e+00,-5.129639e-03,4.992152e-01,5.224624e-03,-3.085833e-01,5.676657e-01,1.566080e-03
-2.861353e-03,1.112803e+00,-8.563477e-01,8.141092e-01,-3.422266e-03,1.203214e+00,-4.150523e-03,5.264097e-01,-1.792317e-01,1.167059e-03
4.481679e-03,-1.502404e+00,7.252365e-01,-2.140258e+00,8.374606e-04,1.171824e+00,-3.267740e-05,8.630624e-01,1.573965e-01,-1.412379e-04
-1.975829e-04,-1.004043e-01,-1.278533e+00,4.495725e-01,-6.185889e-03,3.636033e-01,6.970822e-04,1.231789e-01,8.506221e-02,-9.219059e-04
-1.532251e-04,7.028841e-01,2.999481e-01,-1.119416e+00,-5.667700e-03,-1.023386e+00,1.017877e-02,1.400219e+00,-4.450908e-01,3.425845e-03
3.523938e-04,3.489865e-01,2.548454e-01,-8.453517e-01,1.895861e-03,9.779908e-01,-4.023292e-03,3.339305e-01,-3.318331e-01,2.665667e-03
-4.259829e-03,-6.808307e-01,1.860574e-01,-1.331979e-01,-6.355859e-03,-4.811815e-01,-9.651999e-03,1.235382e-01,7.514829e-01,-2.483696e-03
1.523095e+00,-1.378976e+00,1.835413e+00,1.275738e+00,-2.404925e-01,-4.120868e-01,-1.382128e+00,-5.514956e-01,-2.372608e-01,-1.947572e+00
-7.812398e-01,-1.148284e+00,-3.687910e-01,-7.859482e-01,-3.008770e-01,5.466172e-01,3.518723e-01,1.565919e-01,1.236393e-01,-1.582761e-01
5.863910e-03,1.361239e+00,-5.898649e-01,1.688577e+00,-5.439529e-03,7.675575e-01,-9.555082e-03,-1.044360e-01,4.686295e-01,-6.194634e-04
-1.538550e-01,1.201093e+00,7.385226e-01,2.844919e-01,-6.238643e-01,2.477174e+00,1.738526e-01,2.385005e-01,1.483383e-01,2.279380e-02
-8.183440e-01,1.811620e+00,-1.812738e-01,1.374841e+00,1.149563e+00,9.177481e-01,-1.458841e+00,1.257608e+00,1.474729e-02,1.034915e+00
