1.361238e+00,-5.789107e-01,-1.617094e+00,1.252869e-01,-2.878347e-01,-1.850530e-01,7.790476e-02,-5.516953e-01,-8.257189e-02,1.778773e+00
1.523238e+00,3.392438e-01,-5.568737e-01,6.345159e-01,1.085091e-01,4.763327e-01,-1.752199e+00,2.924478e-01,1.854032e-01,4.891939e-01
1.600357e+00,-4.064822e-01,-1.975563e+00,-8.415186e-02,3.328448e-01,2.439092e-01,-1.266013e+00,9.901045e-01,5.656714e-01,5.937939e-01
-3.143251e-04,9.844884e-01,1.245782e+00,-1.249609e+00,-4.383367e-03,-1.913148e-01,-9.442208e-03,4.704024e-01,-2.445741e-01,1.956268e-03
-2.842044e-03,1.648294e+00,1.019986e-01,8.985698e-01,8.038095e-03,-8.830437e-01,-9.051246e-03,1.320816e+00,-4.309079e-01,-8.745273e-05
5.620714e-03,-1.964042e-02,8.346888e-01,1.339384e-01,1.000211e-03,-1.197150e-01,9.869679e-03,6.348024e-01,2.158436e-02,9.168434e-05
4.104070e-03,-5.280259e-01,1.340427e+00,-2.238860e-01,3.700616e-03,9.886527e-02,3.395586e-03,1.976407e+00,6.277163e-01,-3.693459e-03
-9.731430e-01,-1.891319e+00,-2.014452e+00,-1.535506e+00,3.889679e-01,7.222869e-01,-1.216278e-01,-1.069581e+00,-8.274738e-01,1.908522e+00
1.816004e-03,-1.680714e+00,6.522579e-01,-1.060570e+00,-8.797276e-04,3.747025e-02,-7.588140e-03,-1.199660e+00,-1.163701e-01,8.019018e-04
-8.703887e-04,1.194820e+00,1.167188e+00,-4.756348e-01,-3.667232e-03,-3.470495e-01,-1.423052e-02,-3.202881e-01,1.137208e+00,-3.951505e-03
1.602530e-03,2.853500e-01,-3.237863e-01,-9.125844e-01,7.372757e-05,5.216917e-01,-2.390934e-03,7.912967e-01,7.583382e-01,3.304636e-03
-1.020812e-03,4.988586e-01,-6.521384e-01,-1.125912e+00,-8.930344e-03,-6.957058e-01,2.214887e-03,1.823669e-01,-1.440186e+00,-3.358000e-03
-4.172521e-04,-4.282266e-01,-7.979552e-01,1.544639e+00,5.442653e-03,-1.164555e+00,1.861468e-03,1.768061e+00,6.530455e-01,4.568110e-03
-4.316166e-04,-3.511656e-01,-1.845508e-01,6.750160e-01,-3.799817e-03,-2.353999e-01,4.274014e-03,-9.231923e-01,7.242705e-01,1.790139e-03
6.079903e-04,-2.463404e-01,-1.102864e-01,1.345314e+00,5.535466e-03,-1.004665e+00,-8.673609e-03,4.871887e-01,-2.925920e-01,1.378149e-03
1.521369e+00,-1.122599e+00,2.412384e-01,-1.001418e+00,-2.470460e-01,2.581938e-01,-1.392959e+00,-1.587383e-01,-8.017988e-01,-1.949872e+00
-7.772684e-01,1.693443e+00,1.795954e-01,-1.150246e+00,-3.141155e-01,5.060773e-01,3.695656e-01,-1.385971e+00,-3.422529e-02,-1.610402e-01
-1.740845e-03,1.613614e-01,1.602453e+00,3.848092e-01,-3.221088e-03,4.520472e-01,-7.371657e-03,3.017101e-01,3.557675e-01,1.312127e-03
-1.598039e-01,-1.591113e+00,-1.754253e+00,-2.535155e-01,-6.229625e-01,-8.952608e-01,1.706491e-01,2.094237e+00,6.628107e-01,2.254142e-02
-8.122628e-01,3.612427e-01,1.382741e+00,1.125754e+00,1.155552e+00,4.708510e-02,-1.440868e+00,-5.638108e-01,2.265328e-01,1.039268e+00
