1.357705e+00,5.552945e-01,1.141680e+00,-8.050286e-01,-2.825156e-01,-8.637600e-01,8.980616e-02,2.800167e-01,-6.816622e-01,1.775167e+00
1.522835e+00,7.873695e-01,-8.568661e-01,-1.162799e+00,1.160664e-01,-7.650656e-03,-1.742023e+00,-2.794804e-01,-8.196172e-01,4.901473e-01
1.597322e+00,-5.185409e-01,-7.401338e-01,9.537231e-01,3.323468e-01,1.305423e+00,-1.261805e+00,-9.970312e-01,-2.642343e-02,5.876044e-01
-5.793138e-03,1.790489e-01,-4.867944e-01,-8.434357e-01,-1.358228e-03,-7.966741e-01,-5.342920e-03,8.215630e-01,4.746524e-01,-1.047230e-03
4.079606e-03,-6.227308e-01,-3.269250e-01,2.917323e-01,1.494025e-03,6.368253e-01,-6.197857e-03,-1.568396e+00,-1.359604e-02,5.875904e-04
-5.814652e-03,-4.680570e-01,1.231052e+00,5.083906e-01,-4.374785e-03,-6.485551e-01,5.889118e-03,-3.390609e-01,1.130823e+00,6.375454e-04
-1.800458e-04,5.856822e-01,1.354838e-01,-4.543483e-01,-5.270853e-03,-3.477292e-01,4.068452e-03,4.405798e-01,3.196378e-01,-5.523177e-04
-9.738180e-01,2.276209e+00,9.616122e-01,9.763844e-01,3.901891e-01,4.122682e-01,-1.233191e-01,3.425623e-01,2.436592e-01,1.905630e+00
-2.192914e-03,6.452814e-01,7.455240e-02,7.101573e-01,-8.132688e-03,7.823074e-01,1.032701e-03,1.344047e+00,7.678159e-01,1.113503e-03
-4.315452e-04,-1.049059e+00,1.552761e-01,-1.891755e+00,-4.427499e-04,-1.066280e+00,3.013945e-03,1.284700e+00,-8.319720e-02,4.909124e-04
-4.560890e-03,1.775795e+00,3.713370e-01,-7.893689e-01,1.372640e-03,-2.524148e-02,1.735530e-03,7.293089e-01,7.090928e-01,2.304350e-03
-5.961454e-03,-8.925287e-01,4.517389e-01,-7.132659e-01,-1.098631e-03,1.587941e+00,3.718183e-03,-7.872437e-01,1.336115e+00,-3.738204e-03
1.009867e-03,-1.596280e-01,-8.663288e-01,1.158507e+00,1.943853e-03,-8.158202e-01,-2.169972e-03,2.633291e-01,-7.061879e-01,7.187368e-05
3.329305e-03,1.842374e+00,6.616328e-01,-1.843331e+00,-3.225862e-04,5.122663e-01,9.001299e-03,1.006434e+00,-7.902520e-01,1.317880e-03
-3.051545e-03,-1.073983e-01,-1.694853e+00,-1.333520e+00,8.770344e-03,-5.512309e-01,-5.089342e-03,8.553583e-01,-4.166917e-01,-1.589117e-03
1.525916e+00,-3.716284e-01,-3.272990e-01,1.164011e+00,-2.438696e-01,1.758405e-02,-1.385366e+00,-9.173041e-01,6.942564e-01,-1.947934e+00
-7.802566e-01,-1.063505e+00,-5.887285e-01,1.357956e+00,-3.134301e-01,1.760318e+00,3.493024e-01,-9.006387e-01,-1.185002e+00,-1.628963e-01
6.922716e-04,7.409407e-01,6.260345e-01,-1.188698e+00,-5.943053e-03,9.941535e-01,8.336885e-03,6.174007e-02,-5.782943e-01,-3.862796e-03
-1.532905e-01,-7.025573e-02,-1.171212e+00,3.629785e-01,-6.224496e-01,-4.795366e-01,1.666329e-01,8.027462e-01,-9.048664e-01,2.438725e-02
-8.151548e-01,6.437869e-01,1.768344e-01,-6.938415e-02,1.150237e+00,8.296930e-01,-1.446666e+00,1.109169e+00,-1.436808e+00,1.037793e+00
