1.356813e+00,-3.795083e-01,-1.048007e+00,3.772831e-01,-2.831123e-01,-3.242812e-01,9.250671e-02,-9.290091e-01,-3.449561e-04,1.778831e+00
1.519976e+00,9.308761e-01,-2.435305e-01,8.286415e-01,1.182945e-01,-2.101218e-01,-1.739517e+00,4.300349e-01,-4.465441e-01,4.879140e-01
1.596492e+00,9.920431e-01,1.820842e-01,1.376360e+00,3.224430e-01,3.886531e-02,-1.278104e+00,9.336630e-01,1.090621e+00,5.902045e-01
1.063170e-04,8.618458e-01,-4.202481e-01,-4.380502e-01,1.734267e-03,-7.184309e-01,2.653893e-03,-4.079238e-01,-1.165402e+00,-3.099154e-04
1.490409e-03,6.752499e-01,-5.105558e-01,-1.494441e-01,2.326497e-03,2.066616e-03,-3.097293e-03,-7.477916e-01,-7.376660e-01,-3.074491e-03
-8.126731e-03,-1.416743e-01,-1.575774e-01,-1.130564e-01,-3.836429e-03,9.235256e-02,6.163651e-03,-9.836884e-01,1.989123e-01,-2.763946e-03
1.799029e-03,-2.924306e-01,4.052167e-01,-6.272665e-01,7.442429e-04,9.029206e-01,6.902704e-03,-2.124351e-01,6.462200e-02,-3.374088e-03
-9.726910e-01,-1.053970e+00,-3.314711e-01,4.199609e-01,3.869303e-01,-9.314639e-01,-1.149543e-01,-1.359252e-01,8.137192e-01,1.906013e+00
-7.892779e-03,4.844740e-01,1.667036e+00,2.584064e-01,3.687665e-03,-8.485389e-03,-4.457935e-04,5.675969e-01,6.973999e-01,2.347899e-04
1.389553e-03,9.629318e-01,-1.958881e+00,-1.673722e-01,-3.179376e-03,1.607126e-01,-8.176199e-04,-1.154049e+00,1.263306e-01,2.138900e-03
2.231861e-03,-8.955064e-01,-1.150351e-01,4.692320e-01,2.028626e-03,6.111708e-01,-5.117687e-03,5.285161e-01,-9.082754e-01,2.743087e-03
-2.147993e-03,-6.248798e-01,5.596496e-01,1.793479e+00,2.614381e-04,1.159413e+00,-9.755837e-03,1.829262e-03,2.174473e+00,-4.608532e-03
2.553244e-03,5.129612e-02,-1.178010e-02,-2.140677e-01,7.732331e-03,2.506898e-02,-1.464460e-03,-2.430268e+00,-3.190283e-01,3.112423e-03
5.081574e-03,4.117691e-01,8.559612e-01,-9.176707e-02,6.734924e-03,-4.088272e-01,1.039543e-03,-2.054675e-02,-1.879042e+00,-3.788016e-04
3.866840e-04,-5.978650e-01,-6.598363e-01,1.404255e+00,3.340086e-03,5.207997e-01,-1.484436e-02,-1.651810e-01,-8.035987e-01,5.299576e-03
1.523217e+00,5.057017e-01,1.117270e-01,-8.664367e-01,-2.489521e-01,-4.810040e-01,-1.386150e+00,-1.097237e+00,-4.170417e-01,-1.943817e+00
-7.815248e-01,-9.527168e-02,-3.113867e-01,1.187904e+00,-3.031796e-01,-6.457905e-01,3.585741e-01,-9.346671e-02,-3.652872e-01,-1.611718e-01
-3.778185e-03,-1.005542e+00,-7.117723e-01,5.839008e-01,7.096168e-04,5.382832e-01,4.755844e-05,-1.658747e+00,2.730993e-02,-8.472159e-04
-1.561547e-01,7.450903e-02,1.191364e+00,-4.792986e-01,-6.193788e-01,5.893095e-04,1.735112e-01,2.729232e-01,4.131861e-01,2.591553e-02
-8.145066e-01,5.305224e-01,4.200872e-01,-1.323757e+00,1.161593e+00,-5.273843e-01,-1.456926e+00,-1.081952e+00,1.615070e-01,1.038713e+00
