1.372259e+00,3.123552e-01,1.007685e+00,5.280394e-01,-2.838639e-01,-3.583550e-02,9.205649e-02,-4.845699e-01,2.553677e-01,1.780051e+00
1.528880e+00,-3.687477e-01,2.745480e-02,-1.664977e-01,9.838604e-02,1.524118e-02,-1.743068e+00,1.512672e-01,-1.189768e-01,4.869826e-01
1.605188e+00,-3.144202e-01,-4.971294e-01,2.756423e-01,3.399554e-01,-7.052072e-01,-1.268195e+00,-8.459668e-01,-4.137200e-02,5.909927e-01
-6.820707e-03,-1.898361e+00,-3.609863e-02,-1.232389e-01,6.679377e-03,9.553109e-01,1.179758e-03,1.640527e-01,-5.570627e-01,-4.132903e-03
-1.309028e-03,-2.257505e+00,-6.549785e-01,1.751045e-01,-8.628556e-03,-1.148189e-01,6.961048e-03,1.124419e+00,-1.376769e+00,-2.821823e-03
8.459160e-04,-6.570918e-01,-2.084374e-01,1.798658e-01,-9.280922e-04,7.615949e-01,-5.181257e-03,8.234171e-01,8.128741e-02,-1.053460e-03
-3.458971e-03,-1.495844e+00,6.871338e-02,-9.394638e-01,-2.486563e-03,2.462647e-01,-3.961002e-03,-6.159730e-01,-3.958527e-01,2.144739e-03
-9.726315e-01,-7.022153e-01,1.141180e+00,5.885001e-01,3.877535e-01,-3.872631e-01,-1.063325e-01,-3.697386e-01,4.129469e-01,1.907614e+00
1.674157e-04,-2.157262e-01,-7.336099e-01,3.001576e-02,8.690744e-04,7.070431e-01,-1.588204e-02,1.737710e+00,-9.170931e-01,1.308123e-03
-4.618743e-03,-8.698088e-01,-1.013251e-01,-9.479021e-01,-2.789912e-03,6.954077e-01,6.426984e-03,-6.283856e-02,1.497796e+00,-9.614039e-04
5.430454e-03,1.067326e+00,-8.023534e-01,4.250390e-01,2.290818e-03,-5.198584e-01,-9.664411e-03,-2.051823e-01,3.793563e-01,2.452362e-03
-5.452335e-03,6.348866e-01,1.711611e+00,1.180845e+00,-2.098014e-03,-1.347490e+00,-6.171583e-03,4.431050e-01,-7.990053e-01,-6.235705e-04
2.142241e-03,1.917948e-01,-1.018748e+00,-4.167127e-01,3.439946e-03,6.509844e-01,4.135706e-03,6.465600e-01,8.624785e-02,6.317986e-04
5.445432e-03,1.154327e+00,-1.144357e+00,-4.125043e-01,-1.587150e-03,-2.235831e+00,-2.055254e-04,1.253823e-01,9.402101e-01,-2.202138e-03
-4.481978e-03,4.110919e-01,-1.741813e-01,1.174111e-01,-3.933855e-03,-7.374221e-01,-2.012401e-03,4.154914e-01,6.735047e-01,1.896907e-03
1.516367e+00,-1.809112e-01,-4.600973e-01,7.637556e-01,-2.443424e-01,-1.150282e+00,-1.392056e+00,-1.033552e-01,-5.905444e-01,-1.943724e+00
-7.796498e-01,6.887786e-01,-9.939116e-01,-3.190716e-01,-3.267150e-01,-2.434074e-01,3.572353e-01,9.310240e-01,3.814559e-02,-1.615113e-01
-2.148574e-03,4.048926e-01,5.556189e-01,-5.438969e-01,-4.496747e-04,-3.728282e-01,-1.518869e-03,-1.001247e+00,3.008467e-01,-2.210596e-03
-1.563408e-01,4.774410e-01,-1.102675e+00,-6.062376e-02,-6.320273e-01,1.163054e+00,1.848691e-01,-9.848005e-01,-7.355896e-02,2.318045e-02
-8.156835e-01,4.835203e-01,-7.452271e-01,-8.862152e-01,1.155301e+00,-4.398186e-02,-1.464787e+00,3.267258e-01,9.496155e-01,1.041730e+00
