1.365346e+00,-1.762862e-01,4.147241e-01,1.020679e+00,-2.861520e-01,-1.018379e-01,8.688474e-02,2.864300e-01,7.884465e-01,1.773956e+00
1.525225e+00,8.959118e-01,-1.496349e+00,-7.648288e-01,1.121403e-01,2.969177e-01,-1.748794e+00,5.057534e-01,8.814611e-01,4.827134e-01
1.598213e+00,1.775660e+00,5.080492e-01,7.147061e-01,3.292926e-01,1.089910e+00,-1.267584e+00,5.815560e-01,-1.132993e+00,5.889268e-01
6.285005e-04,-4.065733e-01,-1.052600e+00,1.067985e+00,5.594389e-04,-9.280689e-01,-4.089431e-03,-1.409194e-02,2.382273e-01,-2.256942e-03
5.424009e-03,-1.039331e-01,7.142533e-01,-6.994361e-01,7.050099e-05,3.253994e-01,-1.281483e-03,-8.231348e-01,1.012582e-01,2.588446e-03
-2.897888e-03,4.380095e-01,1.450613e-01,-2.647202e-01,-8.274662e-03,-4.937622e-02,6.821838e-03,4.466711e-01,8.888369e-01,-7.394387e-04
1.483031e-03,-1.881200e+00,2.983114e-01,-5.321282e-01,2.476255e-03,1.771588e+00,-4.604866e-03,-3.524937e-01,-2.317610e+00,4.615628e-04
-9.757571e-01,-5.490431e-01,1.384600e+00,8.201267e-01,3.849902e-01,1.337475e+00,-1.188624e-01,-2.563660e-01,1.162148e+00,1.903351e+00
3.319510e-03,-3.866857e-01,-2.039482e+00,1.576875e-01,-5.704203e-04,-6.286342e-01,9.464837e-03,-2.376047e+00,-2.098822e-01,3.686839e-03
-3.777055e-03,-2.945204e-01,-5.300082e-01,-2.574139e-01,8.283155e-04,7.593279e-01,2.300661e-04,6.399765e-01,3.853799e-01,-1.053439e-03
8.509375e-04,-1.244158e-01,9.221494e-01,-1.463386e+00,8.149058e-03,8.368375e-01,2.017762e-03,-7.716679e-01,-1.984176e-01,1.082311e-03
-2.435865e-03,3.066868e-01,-4.139968e-01,-1.720558e-01,-2.236573e-03,-1.769860e-01,-1.992655e-03,-1.624063e-01,-5.665913e-01,-1.710099e-03
7.640154e-03,2.172541e-01,9.899759e-02,7.828919e-01,5.922764e-03,9.601612e-01,4.881502e-03,-1.248758e+00,3.273249e-01,4.729750e-03
-4.472912e-03,-1.683446e-02,-3.615649e-01,-1.669791e+00,4.522731e-03,5.977300e-02,6.907749e-03,-6.648714e-01,1.543552e+00,1.393750e-03
3.083042e-03,8.921412e-01,-1.030157e+00,-6.492717e-02,-7.333770e-05,-8.513180e-01,-7.095985e-03,2.822611e-01,-9.361804e-01,1.382716e-04
1.524442e+00,3.182479e-01,-4.502711e-01,9.953007e-01,-2.476487e-01,-6.604026e-01,-1.392540e+00,-3.027150e-01,3.032304e-02,-1.945573e+00
-7.826951e-01,-5.644100e-01,7.609502e-03,5.955417e-01,-3.218051e-01,1.042102e+00,3.500370e-01,-5.445914e-01,1.804395e+00,-1.620847e-01
-6.258462e-03,-1.185807e+00,-1.065095e-01,6.090558e-01,-4.512155e-03,2.769635e-01,3.775680e-03,1.884760e-01,-6.500552e-01,5.561823e-04
-1.578244e-01,2.075497e-01,-6.856752e-01,-6.718398e-01,-6.176276e-01,-1.203560e-02,1.652069e-01,-1.392189e-02,4.888827e-01,2.221933e-02
-8.149390e-01,1.031180e+00,6.131197e-01,-1.817808e+00,1.152755e+00,-3.938983e-01,-1.470833e+00,-1.440658e-01,5.245402e-01,1.039528e+00
