1.358026e+00,1.549177e-01,-1.895988e+00,1.149994e+00,-2.858531e-01,6.984977e-01,9.485918e-02,5.499581e-01,4.951575e-01,1.783117e+00
1.515435e+00,1.554224e-01,-1.047869e+00,-9.975568e-01,1.105539e-01,1.470146e+00,-1.729964e+00,5.040822e-02,-1.226023e+00,4.875080e-01
1.589781e+00,-3.895293e-01,-1.424856e-01,-2.034105e-01,3.343565e-01,5.095502e-01,-1.266662e+00,-5.567199e-01,4.241878e-01,5.906496e-01
2.820663e-03,-9.104653e-01,-5.845837e-01,1.003642e+00,-7.268935e-03,8.164762e-01,-7.864986e-05,-2.639000e-01,8.994880e-01,-1.828515e-03
-9.324908e-04,8.484033e-02,-1.402637e+00,6.566837e-01,-7.625625e-04,3.690390e-01,2.138212e-03,6.025776e-01,1.087565e+00,1.322827e-03
3.703738e-03,-5.831069e-01,4.770767e-01,-7.755369e-01,1.645442e-03,-8.809774e-01,-5.338254e-03,2.851022e-01,5.146079e-01,5.244781e-04
1.874586e-03,5.203221e-02,2.341559e-01,1.823474e-02,-9.567782e-03,-4.574935e-01,4.735986e-03,-9.236507e-01,1.657858e-02,-1.394431e-03
-9.747149e-01,9.086388e-01,1.878271e-01,-1.123875e-01,3.859106e-01,5.250732e-02,-1.127049e-01,9.946217e-01,-2.372067e-01,1.904429e+00
-1.555353e-03,-1.331221e+00,-2.730304e-04,8.606411e-01,1.005929e-02,-5.003269e-02,1.126349e-02,-2.152933e-01,-5.887447e-01,-6.331620e-05
-2.669833e-03,4.730892e-01,-5.023966e-01,7.011764e-01,-1.305801e-03,-5.275118e-01,8.414567e-03,1.528778e+00,7.110489e-01,2.932534e-04
1.764386e-04,-4.672755e-01,-4.991406e-01,9.315823e-01,1.902371e-03,1.491810e-02,-7.677879e-03,-3.592110e-01,-8.259438e-02,3.191240e-04
7.470439e-04,1.347918e-01,4.218606e-03,1.044361e+00,-4.067907e-04,5.925043e-01,1.370208e-02,-7.383124e-01,1.461783e+00,-4.084581e-03
-6.919427e-04,4.443689e-01,-1.991323e-01,-5.970711e-01,2.872583e-03,-5.529967e-02,-2.555624e-03,8.972312e-01,-5.429065e-01,8.912726e-04
1.043265e-03,-2.541394e-01,2.471433e-01,-6.666656e-01,4.822638e-03,2.001151e-01,3.065287e-04,4.415951e-01,5.196022e-01,3.275691e-03
-2.449271e-03,2.333981e-01,-8.744267e-01,-9.669160e-02,-6.712930e-04,-1.871829e-03,-2.339536e-03,3.918256e-01,2.359020e-01,-2.325472e-03
1.523413e+00,-8.795041e-02,3.696609e-01,-1.363447e-01,-2.477971e-01,4.318464e-02,-1.386705e+00,2.033032e-01,6.343480e-01,-1.945083e+00
-7.749153e-01,7.369515e-01,8.204161e-01,1.598494e+00,-3.182156e-01,4.794321e-01,3.610361e-01,-6.838456e-01,1.915286e-01,-1.566677e-01
3.125003e-03,3.525924e-01,-3.967372e-02,2.781727e-01,-1.159041e-03,3.853597e-02,-2.107466e-04,-5.815468e-01,6.304368e-01,1.403177e-03
-1.631991e-01,-6.294272e-01,-5.189227e-01,-1.654272e+00,-6.252614e-01,-7.743178e-01,1.684963e-01,6.034620e-01,-1.600240e+00,2.398708e-02
-8.176731e-01,-5.445984e-01,-2.058517e-01,3.417321e-01,1.151523e+00,-6.689029e-01,-1.462653e+00,-6.215818e-01,1.273927e+00,1.043183e+00
