1.362526e+00,1.037638e+00,-4.155220e-01,2.665608e+00,-2.908813e-01,4.112500e-01,8.831593e-02,-1.833850e-01,1.794388e+00,1.778561e+00
1.528548e+00,-1.079634e-01,-2.175494e-01,7.965335e-01,1.027031e-01,8.976054e-01,-1.742699e+00,7.887752e-01,1.679637e+00,4.870455e-01
1.596710e+00,-1.131679e+00,1.854395e+00,8.356677e-02,3.178079e-01,-1.140906e+00,-1.267220e+00,-1.934018e+00,3.204426e-01,5.929025e-01
3.657404e-04,-1.551542e-01,7.270600e-03,-1.142490e+00,-3.236007e-03,-4.976604e-01,-3.370988e-04,-9.816683e-01,6.544875e-01,3.005560e-03
1.708913e-03,1.598082e-01,-4.148778e-01,-8.047244e-01,-2.244583e-03,-8.252517e-01,2.524357e-03,3.138871e-01,3.131164e-01,-2.215600e-03
-1.526701e-03,8.843984e-01,-9.481712e-01,-5.546155e-01,3.744716e-03,2.051931e-01,-8.380305e-04,1.096746e+00,-3.594750e-01,-4.057543e-04
2.215599e-04,-1.783042e-01,1.713751e+00,7.227781e-01,4.259879e-03,-7.105683e-01,8.869491e-03,3.657015e-01,-5.148645e-01,-2.955409e-03
-9.668267e-01,-8.794108e-01,1.245367e+00,-1.116973e+00,3.856226e-01,-1.451266e+00,-1.179892e-01,-8.675468e-01,1.616291e+00,1.905130e+00
-2.486859e-03,-6.098474e-02,-6.853466e-01,2.051948e-01,6.492425e-03,9.157072e-01,2.222952e-03,-4.570339e-01,-1.625389e+00,1.860681e-03
-5.398574e-03,5.106827e-01,6.693444e-01,-7.846084e-01,-1.037906e-03,-1.542918e+00,9.700182e-04,-6.753659e-01,-9.931976e-01,-5.948730e-04
-3.686734e-03,1.298444e+00,-1.706619e-01,-7.193729e-01,2.732784e-03,-2.114265e+00,3.299713e-03,5.831198e-01,1.521514e+00,7.050161e-03
3.369935e-03,-3.947402e-01,-1.067765e+00,1.391694e+00,-1.509823e-03,-1.695099e+00,1.206321e-03,8.003879e-01,1.154825e+00,-2.179329e-03
4.181680e-03,1.075072e+00,-6.791350e-01,-7.439904e-01,-4.774986e-03,-1.591240e+00,7.526171e-03,9.898254e-01,9.394649e-01,3.898216e-03
2.152004e-03,-9.346502e-01,-2.219251e+00,1.767879e+00,-2.326339e-03,1.333154e+00,-1.081199e-02,2.339837e-01,-1.979932e-01,1.557744e-03
-3.585212e-03,6.020257e-01,-3.473808e-01,-1.632334e+00,-3.535326e-03,6.087784e-01,-3.044373e-03,-1.183889e+00,-3.432007e-01,4.791288e-04
1.522579e+00,1.052130e+00,4.825238e-01,9.303501e-01,-2.387938e-01,-5.561787e-01,-1.390664e+00,-1.475409e+00,4.469948e-01,-1.947070e+00
-7.847223e-01,-6.397292e-01,-2.269256e-01,1.845444e+00,-3.158551e-01,-3.559434e-01,3.459825e-01,-1.113659e+00,1.096214e+00,-1.637640e-01
-4.908322e-03,-5.052086e-01,-5.118629e-01,1.423084e-01,-1.892686e-03,-2.076348e+00,-5.476612e-03,1.004768e+00,-1.829378e+00,3.413401e-03
-1.613330e-01,1.075371e+00,2.746311e-01,-3.219148e-01,-6.234125e-01,1.728519e+00,1.728323e-01,2.649595e-02,-3.387122e-01,1.994529e-02
-8.198402e-01,8.222816e-01,1.134398e+00,7.416353e-01,1.147690e+00,4.500276e-01,-1.468967e+00,3.492375e-01,-1.087911e+00,1.035508e+00
