1.368410e+00,4.130036e-02,-1.481255e+00,1.739616e-01,-2.807791e-01,-3.894963e-01,9.337375e-02,8.001769e-01,-1.513715e+00,1.780507e+00
1.524196e+00,-9.275372e-01,-1.093714e-01,3.172023e-01,1.117163e-01,-7.614954e-01,-1.749536e+00,-3.879667e-01,5.652131e-01,4.865804e-01
1.596060e+00,-1.827037e+00,5.988256e-01,6.164649e-01,3.319750e-01,7.399961e-01,-1.262213e+00,-3.665282e-01,6.834359e-02,5.882302e-01
1.395467e-03,-2.932275e-01,4.129365e-01,9.482889e-01,1.085977e-03,1.084335e+00,-5.221353e-03,5.247013e-01,6.731838e-01,1.857683e-04
-3.119512e-03,3.382614e-01,2.402637e-01,4.727671e-01,-1.805414e-03,8.123193e-01,2.217980e-03,-1.167156e+00,-1.015164e+00,2.734246e-04
2.905787e-03,7.891426e-01,2.670853e-01,-8.180692e-01,5.662337e-04,-2.160880e-01,-3.379336e-04,9.259026e-01,7.211719e-01,-2.144467e-03
-1.327719e-03,-3.740859e-01,-5.845845e-01,-4.694206e-01,-6.097575e-03,-9.488024e-02,-1.176255e-03,6.288281e-01,7.919034e-01,1.318062e-04
-9.708782e-01,2.946561e-01,1.145641e-01,2.719172e-01,3.874561e-01,-4.338602e-01,-1.206005e-01,-7.735188e-02,-1.044028e+00,1.903837e+00
-1.940444e-03,-3.412992e-01,1.402652e+00,1.231549e-01,1.985465e-03,1.135214e-01,-9.708563e-03,9.326404e-01,1.062416e+00,1.001469e-03
2.227375e-03,-2.607154e-01,-1.227358e+00,7.844898e-01,2.107281e-03,-7.528636e-01,-6.817447e-03,1.633432e-01,9.784082e-02,-1.036903e-03
2.428931e-03,6.832272e-02,1.413486e+00,1.352406e+00,-4.047645e-03,-1.211429e+00,1.684746e-05,-1.129908e-01,-2.259413e+00,2.632157e-03
-8.539496e-04,-1.384900e-01,-7.185000e-01,-1.185974e+00,-8.084328e-04,3.813687e-02,2.677273e-03,2.291331e-01,-1.343036e+00,1.962232e-03
2.595045e-03,-3.838229e-02,-5.617416e-01,1.546010e-01,-1.832628e-03,-1.131168e-01,-8.260796e-03,-3.090717e-01,-1.612478e+00,1.904978e-03
6.686709e-03,-5.883756e-01,-2.118313e-01,-2.883686e-01,-3.128650e-03,-5.531222e-01,1.859603e-03,-8.277248e-01,1.482496e+00,-1.074960e-03
-3.450855e-03,-5.197882e-01,-5.625092e-01,1.111722e+00,-1.096735e-02,-6.314763e-01,-1.074080e-02,-2.512824e-02,2.844431e-02,-1.048750e-03
1.526205e+00,-4.234218e-01,-1.603293e+00,-4.866353e-01,-2.479896e-01,-1.072133e+00,-1.385278e+00,-1.621065e+00,-1.592468e-01,-1.946713e+00
-7.759598e-01,4.807368e-01,2.617779e-01,1.698728e-01,-3.213424e-01,-1.590593e+00,3.525289e-01,1.330480e+00,1.000273e+00,-1.610040e-01
-2.713723e-03,5.852935e-01,9.228211e-01,-2.671348e-01,-3.270301e-03,-4.371428e-01,-7.892101e-03,7.104821e-01,-4.317532e-01,2.134597e-03
-1.608159e-01,-1.658582e-01,1.427290e+00,5.330697e-01,-6.314833e-01,1.497134e+00,1.791466e-01,9.880090e-01,-1.183961e+00,2.141691e-02
-8.187511e-01,-1.329526e+00,-4.871278e-01,-1.785484e-01,1.170316e+00,-7.468901e-01,-1.449867e+00,1.119447e+00,-2.862963e-01,1.041269e+00
