1.362986e+00,2.523487e-01,-1.211311e+00,8.784039e-01,-2.796865e-01,-2.379566e-01,9.130033e-02,-4.332661e-02,1.989962e-02,1.778064e+00
1.529266e+00,6.287626e-01,-6.744420e-01,5.219137e-01,1.066139e-01,6.025841e-01,-1.735692e+00,1.188585e+00,2.498802e-01,4.876111e-01
1.602459e+00,2.231746e-01,-9.092744e-01,5.620902e-02,3.242791e-01,-1.901257e-01,-1.271209e+00,4.112386e-01,4.781274e-01,5.903991e-01
-2.036802e-03,-6.672879e-02,2.767352e-01,-2.475764e-01,2.262303e-03,5.850081e-01,-1.128258e-02,3.578918e-01,1.959819e-01,6.863255e-05
-5.184806e-04,7.742486e-01,-1.162611e-02,-3.009721e-01,-3.213958e-03,-3.774116e-02,-1.603097e-03,-5.403877e-01,9.927718e-01,1.958805e-03
4.597960e-04,3.939207e-01,7.869961e-01,3.465659e-01,-5.776853e-03,-2.856897e-01,3.647102e-03,7.386464e-01,-1.189947e+00,-3.242628e-03
-2.761323e-05,1.670240e-01,3.291939e-01,1.215443e-01,-6.866660e-03,-7.845872e-01,1.461406e-03,-2.466152e-01,1.032282e-01,-1.826232e-04
-9.725057e-01,-8.213253e-02,-6.224624e-01,1.562395e-01,3.872577e-01,4.037582e-01,-1.118038e-01,-9.953741e-01,-4.301844e-01,1.903785e+00
-1.710377e-03,1.439056e+00,-1.003833e-01,1.284386e+00,2.805573e-03,1.056955e-01,-6.304875e-03,1.330098e+00,8.260785e-01,5.950719e-03
6.780416e-06,-4.895317e-01,3.369425e-02,3.616650e-01,2.748184e-03,5.408969e-02,5.162131e-03,-3.892657e-01,9.181542e-01,-1.636282e-03
-1.594875e-03,1.522020e+00,1.096579e+00,-3.326878e-01,-2.562872e-03,3.030993e+00,7.789040e-04,-1.488050e+00,9.649508e-01,1.349083e-04
4.626763e-04,-1.173036e+00,-2.267458e-01,-2.326855e-01,1.857770e-03,7.699082e-01,3.530795e-03,-5.710711e-01,1.002950e+00,-3.929697e-03
2.869003e-03,-2.148525e-01,5.709847e-01,-1.393837e+00,4.523520e-03,-2.286970e-01,1.196156e-02,3.819865e-01,1.119356e+00,5.881032e-05
7.207126e-03,1.226546e+00,-7.618385e-01,4.998061e-01,1.776736e-03,-1.382650e-01,5.089328e-03,1.363205e+00,-1.161541e-01,-8.811561e-04
-3.245542e-03,-1.673825e+00,1.054246e+00,2.399040e-01,-5.347688e-04,3.772181e+00,7.599608e-03,6.564983e-01,-6.947762e-01,-3.556116e-03
1.521038e+00,4.130933e-01,3.402268e-01,-3.515468e-01,-2.422622e-01,4.622481e-01,-1.397031e+00,1.519604e+00,1.328876e-01,-1.951961e+00
-7.823635e-01,2.358799e-01,1.152682e+00,-3.298644e-02,-3.170075e-01,4.002327e-01,3.542622e-01,1.081956e+00,8.211706e-01,-1.619922e-01
-3.886740e-03,-2.212351e-01,-1.075044e+00,-1.349255e+00,-3.045774e-04,2.163886e-01,-1.185266e-02,1.091607e-01,4.302400e-02,2.778751e-03
-1.556560e-01,-1.085246e+00,-6.588965e-01,1.442409e-01,-6.258560e-01,-1.143986e+00,1.701703e-01,-1.563331e+00,-6.974425e-01,2.286626e-02
-8.135258e-01,2.179427e-01,-1.133165e+00,4.908964e-01,1.160934e+00,1.529050e-01,-1.456860e+00,-7.430537e-01,-1.118171e-01,1.040052e+00
