1.358777e+00,-1.411263e+00,-6.521125e-01,-1.088272e+00,-2.834196e-01,1.242400e+00,9.604770e-02,1.734007e-01,-1.055097e+00,1.778937e+00
1.518669e+00,5.189211e-01,2.686286e-01,1.449105e+00,1.053546e-01,2.612533e+00,-1.753318e+00,-2.145010e-01,-1.405218e+00,4.832854e-01
1.605711e+00,8.022008e-01,2.247708e-01,-1.635079e+00,3.250146e-01,2.522310e-01,-1.273385e+00,-9.584686e-02,-1.572126e+00,5.924265e-01
-1.602687e-04,-3.901070e-01,-2.315598e+00,-3.536059e-01,-8.019268e-03,-1.111038e+00,-4.721079e-03,3.133501e-01,1.252782e+00,1.585051e-03
1.310394e-03,4.046545e-01,1.282475e-01,1.199242e+00,-4.203095e-04,5.605339e-01,7.477288e-03,-5.142684e-01,-6.102402e-01,9.238068e-04
-1.829623e-03,6.374557e-01,1.158156e-01,-1.213165e+00,-6.119950e-03,2.479328e-01,-3.376082e-03,2.170113e-01,1.659070e+00,2.600817e-03
5.816804e-04,-7.518588e-01,-3.781098e-01,1.214612e+00,-1.002543e-03,1.496773e-01,-1.112913e-02,8.280631e-02,4.454576e-01,-2.676220e-03
-9.693922e-01,4.413009e-01,3.643359e-01,7.779696e-01,3.877882e-01,5.360288e-01,-1.095074e-01,1.651041e+00,-1.416660e+00,1.906581e+00
2.073252e-03,2.062489e-01,2.606693e-01,1.773776e+00,5.655312e-03,-3.990222e-01,-3.677036e-03,-6.559797e-01,-5.120848e-01,1.957006e-03
1.964854e-03,6.220764e-01,2.432700e-01,2.040773e-02,-5.060124e-03,6.107334e-01,-3.514659e-03,-8.042980e-01,-1.316325e+00,2.872503e-03
2.959873e-03,5.659838e-01,-4.857953e-01,6.746151e-01,-5.511993e-03,-1.462872e+00,3.361639e-03,-5.381345e-01,-1.344012e+00,-4.563516e-04
-3.800291e-03,-4.904238e-01,2.538589e+00,3.468611e-02,-6.018770e-03,-5.460158e-01,7.480479e-03,-4.820849e-01,4.990861e-01,-6.075132e-03
-1.386023e-03,-6.652229e-01,-3.532164e-01,9.225695e-01,1.631415e-03,2.703894e-01,1.046535e-02,4.258870e-01,5.115790e-01,4.386373e-03
4.858467e-04,1.780624e-01,1.207669e+00,-1.322370e+00,1.072329e-02,-1.005787e+00,3.228407e-03,2.207400e+00,2.119587e-01,1.851263e-03
-4.232730e-04,-4.235032e-01,3.470758e-02,9.818728e-01,-4.145713e-03,-2.465231e-01,-8.864089e-03,-1.623803e+00,-2.360801e-01,-8.311748e-04
1.517564e+00,9.400762e-02,4.025853e-01,-2.201752e-01,-2.396539e-01,-3.164028e-01,-1.381238e+00,-1.310590e+00,8.865438e-01,-1.944041e+00
-7.840613e-01,-1.543464e+00,3.940522e-01,-1.469585e+00,-3.110948e-01,-1.826304e+00,3.413656e-01,9.625345e-01,-9.427108e-01,-1.589730e-01
-7.623789e-03,7.661751e-02,-7.757108e-01,-1.407521e-01,2.700782e-03,-4.208947e-02,-3.540264e-03,-4.757983e-01,-7.601409e-01,2.399433e-03
-1.539373e-01,5.233861e-01,-5.226889e-02,6.436269e-01,-6.295059e-01,3.601245e-01,1.808541e-01,-9.428415e-01,-5.575307e-01,2.474878e-02
-8.131074e-01,-5.797757e-02,8.173466e-01,9.629710e-01,1.148289e+00,1.845458e+00,-1.473006e+00,-2.154162e+00,-1.309564e+00,1.044803e+00
