1.365570e+00,-9.236396e-01,7.451608e-01,9.411773e-01,-2.824478e-01,-1.068474e+00,9.616604e-02,1.109560e+00,5.941298e-01,1.782128e+00
1.522510e+00,-1.309656e+00,6.195489e-01,-2.350821e-01,1.054088e-01,4.379535e-01,-1.736343e+00,-1.009074e-02,4.629769e-01,4.837283e-01
1.597375e+00,3.475196e-01,1.366776e+00,-3.004999e-01,3.305242e-01,9.735570e-01,-1.276729e+00,1.055919e+00,-5.997830e-01,5.929196e-01
-2.579898e-03,6.273768e-01,6.456482e-01,7.542039e-01,-5.783191e-03,1.771961e-01,4.897056e-03,-1.828554e-01,-1.862217e-01,2.388350e-03
7.427162e-04,-5.044151e-02,-1.825563e+00,-1.215398e+00,-5.756316e-03,-7.507313e-01,3.973539e-03,4.627295e-01,-2.143933e-01,1.407907e-03
-3.001194e-03,5.366280e-01,-6.913357e-01,-4.907349e-01,-5.213558e-03,-4.061736e-03,1.442537e-03,1.700897e+00,-2.588831e-01,-1.389829e-03
1.317033e-03,-4.165862e-01,8.204470e-01,4.895634e-02,-1.901464e-03,-8.429793e-01,-8.102296e-03,1.091319e+00,-7.973119e-01,-7.824279e-04
-9.778208e-01,-2.070608e-01,5.956941e-02,-4.031021e-01,3.817092e-01,-5.147117e-02,-1.131605e-01,6.455195e-01,-1.789981e+00,1.907418e+00
1.544723e-03,-4.780709e-01,-5.851577e-02,5.301548e-01,3.323706e-03,-5.830207e-01,-7.294186e-03,1.708909e-02,7.838398e-02,2.405180e-03
1.616658e-03,9.425116e-01,6.354875e-01,2.521136e-01,1.068085e-03,5.567116e-01,3.467869e-03,1.204883e+00,-5.160581e-01,-7.458216e-04
5.062127e-03,-2.430448e-01,3.074658e-01,1.071528e+00,1.631128e-03,1.104593e+00,1.068358e-02,-8.218570e-01,3.151343e-02,3.790328e-03
1.649907e-03,-5.417861e-03,-1.443479e+00,1.192346e-01,-1.663360e-03,4.889376e-01,7.986908e-03,-1.824300e-01,-1.480552e-01,-2.419600e-03
-3.601316e-03,1.262474e+00,-7.503445e-02,7.795137e-02,6.569208e-04,-1.415902e+00,9.202568e-03,-8.609232e-01,1.457322e-01,2.606178e-04
2.614104e-03,-1.236149e+00,5.826906e-01,3.181672e-01,4.236428e-03,-9.927149e-02,2.300582e-03,-3.607136e-02,2.830950e-01,3.520163e-03
-1.064623e-04,-2.271684e-01,7.243490e-01,-1.915991e-01,-5.562795e-03,1.032239e+00,9.267455e-03,1.436349e-01,5.833299e-01,-3.591807e-03
1.526605e+00,-1.196963e+00,6.828067e-01,-2.649455e-01,-2.347901e-01,8.272218e-01,-1.397554e+00,-4.432549e-01,-6.886866e-01,-1.946019e+00
-7.832832e-01,1.102466e-01,-7.068242e-02,-9.067039e-01,-3.130611e-01,7.723336e-01,3.556610e-01,4.927286e-01,2.510825e-01,-1.632543e-01
-8.797302e-04,2.433226e-01,-3.200030e-01,1.409195e+00,1.391471e-03,1.364878e+00,-1.682222e-02,-7.935310e-01,8.212198e-01,1.104496e-03
-1.584341e-01,3.497280e-01,-1.326166e+00,-1.184260e+00,-6.221697e-01,-1.074262e+00,1.788212e-01,-3.759196e-01,-1.079667e+00,2.567068e-02
-8.127794e-01,-1.721398e+00,-7.877185e-01,-1.122227e-01,1.158951e+00,3.199466e-02,-1.476401e+00,4.786561e-02,4.810802e-01,1.039619e+00
