Id,Group
1,57
2,57
3,57
4,57
5,57
6,57
7,57
8,57
9,57
10,57
11,57
12,57
13,57
14,26
15,26
16,26
17,26
18,26
19,26
20,26
21,26
22,26
23,26
24,26
25,26
26,26
27,26
28,26
29,26
30,26
31,26
32,26
33,26
34,29
35,29
36,29
37,29
38,29
39,60
40,29
41,29
42,29
43,29
44,29
45,26
46,29
47,29
48,29
49,60
50,22
51,29
52,22
53,60
54,22
55,22
56,60
57,22
58,22
59,60
60,22
61,22
62,60
63,22
64,60
65,22
66,22
67,60
68,22
69,22
70,60
71,22
72,60
73,22
74,22
75,60
76,22
77,60
78,136
79,22
80,60
81,20
82,20
83,20
84,20
85,20
86,20
87,136
88,20
89,20
90,20
91,60
92,20
93,136
94,20
95,20
96,20
97,136
98,60
99,31
100,20
101,31
102,136
103,31
104,60
105,31
106,136
107,31
108,60
109,31
110,136
111,31
112,31
113,136
114,60
115,31
116,31
117,136
118,60
119,31
120,136
121,31
122,60
123,31
124,136
125,31
126,60
127,136
128,31
129,31
130,136
131,102
132,31
133,136
134,143
135,60
136,31
137,136
138,149
139,149
140,149
141,149
142,149
143,149
144,143
145,149
146,149
147,102
148,149
149,149
150,136
151,143
152,149
153,149
154,149
155,102
156,143
157,128
158,136
159,149
160,128
161,143
162,128
163,55
164,102
165,128
166,143
167,128
168,128
169,55
170,143
171,102
172,128
173,128
174,143
175,55
176,128
177,102
178,128
179,143
180,55
181,128
182,143
183,128
184,102
185,128
186,55
187,143
188,128
189,102
190,128
191,55
192,143
193,128
194,143
195,102
196,55
197,128
198,83
199,143
200,55
201,102
202,128
203,19
204,19
205,19
206,143
207,19
208,19
209,19
210,19
211,83
212,19
213,19
214,55
215,19
216,143
217,19
218,102
219,83
220,19
221,19
222,65
223,83
224,55
225,143
226,19
227,65
228,102
229,83
230,65
231,62
232,65
233,55
234,83
235,65
236,65
237,102
238,62
239,83
240,65
241,55
242,65
243,83
244,62
245,65
246,102
247,65
248,55
249,83
250,65
251,62
252,83
253,65
254,102
255,55
256,65
257,62
258,83
259,65
260,55
261,65
262,102
263,83
264,62
265,65
266,83
267,65
268,62
269,55
270,102
271,65
272,83
273,62
274,65
275,50
276,50
277,55
278,50
279,50
280,50
281,83
282,50
283,102
284,50
285,107
286,50
287,50
288,50
289,62
290,50
291,83
292,65
293,50
294,55
295,50
296,66
297,102
298,107
299,50
300,62
301,83
302,66
303,107
304,66
305,97
306,66
307,145
308,62
309,107
310,66
311,102
312,66
313,97
314,145
315,107
316,66
317,62
318,66
319,107
320,102
321,66
322,145
323,97
324,66
325,107
326,62
327,66
328,145
329,66
330,107
331,102
332,97
333,62
334,66
335,145
336,107
337,66
338,66
339,102
340,107
341,62
342,145
343,97
344,66
345,107
346,66
347,145
348,62
349,102
350,97
351,111
352,107
353,66
354,145
355,17
356,17
357,17
358,17
359,17
360,62
361,17
362,107
363,17
364,17
365,111
366,97
367,17
368,102
369,17
370,145
371,17
372,111
373,107
374,17
375,17
376,62
377,56
378,111
379,17
380,97
381,107
382,145
383,56
384,51
385,111
386,56
387,110
388,56
389,107
390,56
391,111
392,145
393,97
394,56
395,51
396,111
397,56
398,107
399,110
400,56
401,145
402,111
403,56
404,107
405,97
406,56
407,110
408,111
409,51
410,145
411,56
412,107
413,56
414,111
415,97
416,56
417,110
418,145
419,107
420,111
421,51
422,56
423,56
424,111
425,97
426,145
427,107
428,110
429,56
430,111
431,51
432,56
433,107
434,145
435,130
436,97
437,110
438,111
439,130
440,40
441,40
442,40
443,107
444,40
445,40
446,40
447,40
448,111
449,51
450,75
451,40
452,130
453,40
454,40
455,110
456,40
457,97
458,90
459,130
460,40
461,94
462,40
463,145
464,27
465,130
466,27
467,51
468,111
469,27
470,90
471,110
472,27
473,130
474,97
475,27
476,75
477,94
478,27
479,130
480,90
481,27
482,110
483,51
484,27
485,130
486,94
487,97
488,75
489,27
490,90
491,130
492,27
493,94
494,27
495,110
496,130
497,51
498,75
499,27
500,90
501,97
502,94
503,27
504,130
505,27
506,110
507,90
508,75
509,94
510,130
511,27
512,51
513,97
514,27
515,130
516,94
517,90
518,27
519,110
520,75
521,130
522,27
523,51
524,97
525,94
526,90
527,115
528,130
529,75
530,110
531,24
532,115
533,24
534,24
535,24
536,24
537,94
538,24
539,24
540,130
541,24
542,115
543,90
544,24
545,97
546,24
547,51
548,24
549,75
550,24
551,115
552,94
553,110
554,88
555,24
556,28
557,90
558,115
559,24
560,28
561,88
562,94
563,41
564,28
565,75
566,115
567,51
568,28
569,110
570,90
571,28
572,88
573,115
574,94
575,28
576,28
577,75
578,115
579,88
580,41
581,28
582,90
583,110
584,51
585,94
586,28
587,115
588,88
589,28
590,75
591,115
592,28
593,90
594,94
595,41
596,110
597,28
598,88
599,115
600,51
601,28
602,75
603,94
604,115
605,28
606,88
607,90
608,28
609,41
610,110
611,115
612,88
613,28
614,140
615,51
616,75
617,90
618,115
619,28
620,88
621,119
622,110
623,41
624,94
625,115
626,15
627,90
628,15
629,15
630,28
631,15
632,75
633,15
634,15
635,51
636,15
637,88
638,15
639,115
640,15
641,119
642,140
643,15
644,15
645,110
646,15
647,119
648,41
649,90
650,15
651,88
652,49
653,75
654,45
655,15
656,119
657,140
658,51
659,45
660,115
661,45
662,88
663,119
664,90
665,48
666,45
667,41
668,45
669,75
670,49
671,119
672,140
673,45
674,88
675,45
676,119
677,51
678,49
679,90
680,45
681,48
682,140
683,45
684,75
685,119
686,88
687,41
688,45
689,49
690,119
691,45
692,90
693,140
694,88
695,51
696,45
697,49
698,48
699,119
700,104
701,45
702,41
703,45
704,119
705,88
706,90
707,49
708,140
709,45
710,119
711,48
712,104
713,51
714,45
715,49
716,96
717,41
718,140
719,90
720,45
721,119
722,49
723,114
724,88
725,119
726,104
727,48
728,18
729,18
730,18
731,45
732,18
733,18
734,51
735,140
736,18
737,18
738,90
739,18
740,49
741,18
742,119
743,114
744,41
745,18
746,18
747,96
748,18
749,114
750,18
751,104
752,119
753,49
754,140
755,44
756,48
757,90
758,18
759,114
760,44
761,105
762,96
763,119
764,44
765,41
766,114
767,49
768,44
769,140
770,104
771,44
772,114
773,119
774,101
775,48
776,44
777,96
778,49
779,44
780,114
781,51
782,44
783,119
784,140
785,41
786,44
787,114
788,96
789,104
790,49
791,101
792,44
793,61
794,48
795,114
796,44
797,140
798,44
799,49
800,96
801,119
802,114
803,105
804,41
805,44
806,104
807,101
808,44
809,114
810,48
811,61
812,49
813,140
814,96
815,44
816,114
817,44
818,101
819,61
820,104
821,105
822,49
823,41
824,44
825,114
826,96
827,140
828,48
829,92
830,61
831,114
832,49
833,14
834,14
835,14
836,14
837,44
838,14
839,101
840,14
841,104
842,14
843,96
844,14
845,14
846,61
847,84
848,92
849,114
850,41
851,105
852,14
853,14
854,14
855,49
856,48
857,92
858,14
859,114
860,53
861,61
862,101
863,96
864,14
865,92
866,104
867,53
868,140
869,49
870,53
871,114
872,92
873,41
874,53
875,61
876,105
877,48
878,53
879,96
880,92
881,114
882,101
883,53
884,95
885,84
886,53
887,104
888,61
889,92
890,53
891,114
892,53
893,96
894,41
895,92
896,95
897,48
898,105
899,61
900,53
901,101
902,84
903,47
904,53
905,92
906,104
907,53
908,96
909,61
910,95
911,114
912,92
913,53
914,118
915,101
916,84
917,48
918,53
919,92
920,105
921,47
922,61
923,53
924,104
925,96
926,95
927,92
928,53
929,47
930,84
931,61
932,101
933,53
934,92
935,118
936,48
937,95
938,96
939,144
940,105
941,47
942,104
943,36
944,92
945,36
946,36
947,36
948,36
949,61
950,53
951,36
952,36
953,36
954,84
955,36
956,95
957,101
958,144
959,47
960,36
961,92
962,96
963,36
964,36
965,48
966,118
967,61
968,36
969,144
970,58
971,104
972,92
973,47
974,36
975,105
976,144
977,95
978,84
979,58
980,58
981,96
982,101
983,92
984,61
985,144
986,58
987,47
988,58
989,48
990,144
991,118
992,58
993,95
994,70
995,104
996,84
997,58
998,61
999,138
1000,47
1001,105
1002,144
1003,58
1004,101
1005,92
1006,58
1007,144
1008,95
1009,58
1010,61
1011,47
1012,48
1013,70
1014,12
1015,84
1016,58
1017,118
1018,138
1019,144
1020,58
1021,101
1022,47
1023,105
1024,95
1025,144
1026,70
1027,58
1028,52
1029,58
1030,144
1031,138
1032,84
1033,131
1034,12
1035,70
1036,58
1037,47
1038,118
1039,61
1040,95
1041,101
1042,144
1043,58
1044,70
1045,58
1046,105
1047,47
1048,144
1049,138
1050,84
1051,52
1052,11
1053,95
1054,12
1055,131
1056,70
1057,54
1058,54
1059,54
1060,54
1061,144
1062,54
1063,58
1064,101
1065,54
1066,47
1067,54
1068,118
1069,54
1070,54
1071,54
1072,11
1073,138
1074,144
1075,70
1076,52
1077,54
1078,84
1079,54
1080,95
1081,105
1082,54
1083,11
1084,47
1085,63
1086,12
1087,144
1088,63
1089,131
1090,70
1091,101
1092,11
1093,63
1094,52
1095,63
1096,138
1097,118
1098,144
1099,11
1100,95
1101,63
1102,47
1103,84
1104,70
1105,63
1106,11
1107,63
1108,144
1109,105
1110,52
1111,12
1112,63
1113,101
1114,131
1115,47
1116,138
1117,11
1118,70
1119,63
1120,95
1121,144
1122,63
1123,84
1124,118
1125,11
1126,63
1127,52
1128,70
1129,47
1130,103
1131,63
1132,11
1133,12
1134,138
1135,95
1136,12
1137,105
1138,63
1139,131
1140,11
1141,63
1142,70
1143,144
1144,84
1145,52
1146,47
1147,63
1148,118
1149,11
1150,7
1151,103
1152,63
1153,138
1154,70
1155,12
1156,12
1157,47
1158,11
1159,63
1160,52
1161,131
1162,105
1163,84
1164,103
1165,63
1166,11
1167,70
1168,95
1169,109
1170,118
1171,138
1172,93
1173,42
1174,42
1175,42
1176,103
1177,52
1178,42
1179,42
1180,11
1181,42
1182,109
1183,12
1184,42
1185,12
1186,42
1187,70
1188,42
1189,84
1190,42
1191,109
1192,131
1193,42
1194,11
1195,103
1196,42
1197,105
1198,47
1199,7
1200,42
1201,109
1202,138
1203,52
1204,82
1205,70
1206,82
1207,11
1208,118
1209,103
1210,109
1211,82
1212,12
1213,82
1214,12
1215,137
1216,93
1217,82
1218,11
1219,109
1220,7
1221,70
1222,52
1223,82
1224,131
1225,103
1226,138
1227,82
1228,109
1229,105
1230,85
1231,82
1232,93
1233,109
1234,82
1235,12
1236,70
1237,118
1238,103
1239,137
1240,7
1241,12
1242,52
1243,82
1244,11
1245,109
1246,82
1247,138
1248,131
1249,93
1250,103
1251,82
1252,70
1253,85
1254,109
1255,82
1256,105
1257,52
1258,7
1259,12
1260,137
1261,109
1262,82
1263,85
1264,103
1265,118
1266,12
1267,93
1268,70
1269,138
1270,82
1271,109
1272,82
1273,85
1274,131
1275,52
1276,103
1277,7
1278,98
1279,109
1280,70
1281,137
1282,93
1283,12
1284,9
1285,98
1286,85
1287,138
1288,12
1289,109
1290,103
1291,118
1292,98
1293,52
1294,23
1295,23
1296,23
1297,23
1298,35
1299,23
1300,85
1301,7
1302,23
1303,109
1304,98
1305,23
1306,93
1307,131
1308,23
1309,23
1310,103
1311,23
1312,137
1313,98
1314,12
1315,23
1316,109
1317,138
1318,23
1319,85
1320,23
1321,35
1322,9
1323,98
1324,52
1325,12
1326,23
1327,93
1328,23
1329,7
1330,118
1331,103
1332,67
1333,71
1334,98
1335,85
1336,71
1337,131
1338,71
1339,137
1340,35
1341,98
1342,109
1343,7
1344,137
1345,71
1346,52
1347,103
1348,93
1349,85
1350,71
1351,98
1352,7
1353,12
1354,67
1355,71
1356,9
1357,71
1358,35
1359,98
1360,118
1361,103
1362,85
1363,71
1364,67
1365,137
1366,52
1367,138
1368,93
1369,98
1370,131
1371,71
1372,137
1373,7
1374,71
1375,85
1376,35
1377,67
1378,98
1379,103
1380,71
1381,12
1382,71
1383,9
1384,93
1385,98
1386,52
1387,67
1388,118
1389,85
1390,137
1391,7
1392,71
1393,103
1394,35
1395,137
1396,98
1397,7
1398,131
1399,71
1400,67
1401,85
1402,71
1403,93
1404,98
1405,12
1406,133
1407,103
1408,35
1409,71
1410,67
1411,7
1412,137
1413,98
1414,9
1415,85
1416,7
1417,71
1418,9
1419,43
1420,43
1421,43
1422,137
1423,43
1424,43
1425,43
1426,93
1427,131
1428,67
1429,43
1430,37
1431,71
1432,98
1433,43
1434,133
1435,43
1436,35
1437,43
1438,85
1439,43
1440,122
1441,12
1442,43
1443,98
1444,137
1445,67
1446,43
1447,137
1448,122
1449,7
1450,147
1451,37
1452,147
1453,93
1454,10
1455,147
1456,9
1457,35
1458,85
1459,137
1460,122
1461,9
1462,133
1463,67
1464,147
1465,131
1466,147
1467,122
1468,10
1469,37
1470,147
1471,137
1472,131
1473,85
1474,147
1475,7
1476,67
1477,93
1478,122
1479,137
1480,35
1481,147
1482,10
1483,133
1484,147
1485,122
1486,137
1487,37
1488,147
1489,67
1490,46
1491,9
1492,9
1493,10
1494,122
1495,147
1496,131
1497,93
1498,35
1499,133
1500,7
1501,147
1502,137
1503,137
1504,67
1505,122
1506,10
1507,133
1508,37
1509,147
1510,46
1511,147
1512,122
1513,137
1514,10
1515,35
1516,93
1517,67
1518,147
1519,9
1520,46
1521,133
1522,137
1523,122
1524,9
1525,37
1526,147
1527,131
1528,133
1529,10
1530,137
1531,132
1532,131
1533,67
1534,122
1535,35
1536,147
1537,46
1538,93
1539,10
1540,37
1541,137
1542,122
1543,132
1544,133
1545,25
1546,67
1547,25
1548,25
1549,133
1550,25
1551,25
1552,25
1553,133
1554,25
1555,132
1556,25
1557,122
1558,9
1559,10
1560,25
1561,72
1562,46
1563,9
1564,35
1565,137
1566,25
1567,25
1568,37
1569,132
1570,93
1571,72
1572,67
1573,25
1574,122
1575,25
1576,10
1577,80
1578,132
1579,137
1580,133
1581,80
1582,46
1583,133
1584,133
1585,80
1586,122
1587,35
1588,132
1589,68
1590,80
1591,37
1592,10
1593,80
1594,6
1595,137
1596,132
1597,9
1598,72
1599,122
1600,80
1601,9
1602,46
1603,72
1604,80
1605,67
1606,132
1607,10
1608,80
1609,133
1610,35
1611,133
1612,37
1613,122
1614,137
1615,133
1616,80
1617,132
1618,6
1619,80
1620,46
1621,10
1622,68
1623,122
1624,137
1625,80
1626,132
1627,80
1628,37
1629,72
1630,35
1631,72
1632,72
1633,133
1634,132
1635,133
1636,86
1637,10
1638,80
1639,9
1640,68
1641,46
1642,133
1643,6
1644,137
1645,80
1646,132
1647,86
1648,80
1649,10
1650,37
1651,137
1652,35
1653,132
1654,80
1655,68
1656,46
1657,133
1658,133
1659,86
1660,127
1661,72
1662,6
1663,132
1664,9
1665,72
1666,10
1667,133
1668,80
1669,9
1670,37
1671,72
1672,68
1673,86
1674,35
1675,132
1676,46
1677,127
1678,64
1679,64
1680,64
1681,64
1682,64
1683,77
1684,64
1685,137
1686,64
1687,133
1688,64
1689,127
1690,132
1691,64
1692,133
1693,86
1694,6
1695,64
1696,68
1697,64
1698,37
1699,127
1700,64
1701,46
1702,133
1703,72
1704,64
1705,10
1706,72
1707,132
1708,35
1709,72
1710,69
1711,127
1712,86
1713,72
1714,69
1715,9
1716,69
1717,68
1718,59
1719,127
1720,133
1721,69
1722,3
1723,6
1724,77
1725,37
1726,133
1727,69
1728,86
1729,46
1730,127
1731,69
1732,132
1733,6
1734,69
1735,133
1736,68
1737,127
1738,69
1739,77
1740,86
1741,72
1742,72
1743,59
1744,72
1745,69
1746,9
1747,37
1748,46
1749,133
1750,127
1751,6
1752,69
1753,3
1754,133
1755,9
1756,86
1757,6
1758,69
1759,68
1760,59
1761,77
1762,127
1763,69
1764,133
1765,127
1766,46
1767,69
1768,37
1769,59
1770,86
1771,6
1772,6
1773,72
1774,77
1775,69
1776,68
1777,72
1778,72
1779,127
1780,6
1781,133
1782,69
1783,72
1784,59
1785,3
1786,86
1787,127
1788,69
1789,46
1790,37
1791,9
1792,77
1793,68
1794,3
1795,59
1796,69
1797,127
1798,6
1799,133
1800,86
1801,69
1802,6
1803,72
1804,59
1805,72
1806,77
1807,46
1808,133
1809,127
1810,72
1811,124
1812,30
1813,30
1814,30
1815,30
1816,30
1817,68
1818,37
1819,30
1820,3
1821,30
1822,86
1823,72
1824,30
1825,124
1826,30
1827,127
1828,30
1829,59
1830,30
1831,3
1832,6
1833,124
1834,30
1835,77
1836,6
1837,6
1838,9
1839,30
1840,46
1841,127
1842,34
1843,86
1844,68
1845,124
1846,34
1847,59
1848,37
1849,133
1850,34
1851,72
1852,72
1853,124
1854,78
1855,34
1856,77
1857,72
1858,3
1859,34
1860,86
1861,59
1862,6
1863,124
1864,129
1865,6
1866,34
1867,68
1868,72
1869,3
1870,78
1871,6
1872,34
1873,129
1874,124
1875,34
1876,77
1877,59
1878,86
1879,112
1880,3
1881,34
1882,78
1883,124
1884,34
1885,68
1886,129
1887,72
1888,72
1889,6
1890,6
1891,3
1892,34
1893,59
1894,78
1895,124
1896,72
1897,77
1898,86
1899,6
1900,129
1901,34
1902,3
1903,112
1904,34
1905,124
1906,78
1907,68
1908,59
1909,3
1910,129
1911,34
1912,86
1913,124
1914,77
1915,6
1916,34
1917,6
1918,112
1919,78
1920,129
1921,3
1922,3
1923,72
1924,59
1925,34
1926,124
1927,6
1928,68
1929,3
1930,72
1931,86
1932,34
1933,129
1934,78
1935,77
1936,124
1937,34
1938,59
1939,3
1940,112
1941,6
1942,6
1943,73
1944,129
1945,73
1946,99
1947,73
1948,124
1949,78
1950,73
1951,73
1952,86
1953,73
1954,129
1955,73
1956,73
1957,77
1958,148
1959,99
1960,73
1961,72
1962,59
1963,129
1964,3
1965,112
1966,73
1967,124
1968,72
1969,73
1970,78
1971,3
1972,73
1973,99
1974,73
1975,72
1976,108
1977,74
1978,6
1979,124
1980,3
1981,129
1982,99
1983,59
1984,74
1985,68
1986,148
1987,77
1988,78
1989,74
1990,112
1991,129
1992,74
1993,99
1994,81
1995,148
1996,74
1997,86
1998,74
1999,100
2000,99
2001,78
2002,3
2003,3
2004,3
2005,74
2006,81
2007,129
2008,77
2009,72
2010,6
2011,129
2012,112
2013,74
2014,99
2015,6
2016,3
2017,129
2018,74
2019,1
2020,78
2021,108
2022,59
2023,81
2024,99
2025,74
2026,148
2027,74
2028,77
2029,129
2030,112
2031,99
2032,81
2033,78
2034,74
2035,129
2036,6
2037,100
2038,3
2039,108
2040,3
2041,3
2042,74
2043,129
2044,99
2045,148
2046,72
2047,81
2048,3
2049,74
2050,78
2051,112
2052,77
2053,99
2054,129
2055,100
2056,74
2057,112
2058,108
2059,148
2060,81
2061,129
2062,74
2063,99
2064,148
2065,78
2066,129
2067,106
2068,112
2069,3
2070,77
2071,100
2072,148
2073,81
2074,3
2075,99
2076,1
2077,106
2078,108
2079,129
2080,3
2081,78
2082,1
2083,89
2084,89
2085,89
2086,89
2087,106
2088,89
2089,99
2090,81
2091,89
2092,148
2093,129
2094,89
2095,89
2096,100
2097,112
2098,129
2099,148
2100,89
2101,106
2102,77
2103,1
2104,89
2105,78
2106,89
2107,108
2108,99
2109,89
2110,129
2111,81
2112,106
2113,148
2114,89
2115,32
2116,3
2117,3
2118,99
2119,100
2120,32
2121,106
2122,3
2123,1
2124,112
2125,78
2126,32
2127,129
2128,81
2129,77
2130,129
2131,108
2132,32
2133,106
2134,148
2135,1
2136,148
2137,139
2138,32
2139,129
2140,32
2141,100
2142,106
2143,81
2144,121
2145,32
2146,148
2147,112
2148,112
2149,99
2150,32
2151,106
2152,108
2153,108
2154,79
2155,79
2156,32
2157,129
2158,129
2159,79
2160,81
2161,139
2162,100
2163,1
2164,32
2165,106
2166,121
2167,129
2168,148
2169,148
2170,112
2171,32
2172,106
2173,1
2174,139
2175,32
2176,108
2177,81
2178,77
2179,148
2180,121
2181,32
2182,100
2183,106
2184,129
2185,129
2186,139
2187,1
2188,32
2189,129
2190,112
2191,79
2192,81
2193,79
2194,1
2195,148
2196,106
2197,32
2198,108
2199,148
2200,121
2201,1
2202,108
2203,139
2204,100
2205,32
2206,106
2207,112
2208,81
2209,148
2210,32
2211,129
2212,1
2213,2
2214,2
2215,139
2216,106
2217,121
2218,32
2219,108
2220,100
2221,87
2222,87
2223,148
2224,87
2225,81
2226,108
2227,87
2228,87
2229,79
2230,32
2231,79
2232,87
2233,106
2234,112
2235,87
2236,79
2237,139
2238,87
2239,79
2240,87
2241,112
2242,32
2243,87
2244,121
2245,87
2246,2
2247,1
2248,150
2249,129
2250,87
2251,148
2252,81
2253,108
2254,2
2255,113
2256,87
2257,100
2258,139
2259,146
2260,108
2261,112
2262,146
2263,1
2264,113
2265,106
2266,148
2267,146
2268,121
2269,81
2270,146
2271,139
2272,79
2273,113
2274,79
2275,146
2276,108
2277,150
2278,79
2279,100
2280,2
2281,2
2282,1
2283,146
2284,1
2285,113
2286,2
2287,148
2288,146
2289,2
2290,121
2291,139
2292,134
2293,112
2294,1
2295,150
2296,146
2297,113
2298,146
2299,148
2300,100
2301,108
2302,146
2303,150
2304,139
2305,113
2306,1
2307,112
2308,2
2309,2
2310,134
2311,121
2312,146
2313,79
2314,79
2315,79
2316,2
2317,113
2318,2
2319,146
2320,150
2321,79
2322,79
2323,139
2324,100
2325,146
2326,108
2327,113
2328,112
2329,134
2330,121
2331,146
2332,2
2333,1
2334,150
2335,2
2336,112
2337,139
2338,146
2339,2
2340,113
2341,2
2342,146
2343,100
2344,134
2345,150
2346,2
2347,79
2348,1
2349,79
2350,113
2351,121
2352,79
2353,108
2354,112
2355,146
2356,79
2357,139
2358,1
2359,113
2360,146
2361,150
2362,2
2363,2
2364,134
2365,33
2366,33
2367,2
2368,33
2369,33
2370,2
2371,33
2372,100
2373,33
2374,135
2375,1
2376,33
2377,139
2378,121
2379,1
2380,113
2381,33
2382,33
2383,108
2384,150
2385,33
2386,135
2387,2
2388,33
2389,112
2390,33
2391,79
2392,79
2393,134
2394,113
2395,33
2396,135
2397,79
2398,139
2399,79
2400,141
2401,1
2402,150
2403,2
2404,100
2405,2
2406,121
2407,33
2408,135
2409,125
2410,2
2411,2
2412,113
2413,141
2414,1
2415,108
2416,141
2417,134
2418,135
2419,150
2420,139
2421,141
2422,2
2423,113
2424,141
2425,1
2426,1
2427,121
2428,135
2429,100
2430,141
2431,79
2432,2
2433,2
2434,79
2435,141
2436,150
2437,79
2438,113
2439,134
2440,39
2441,135
2442,108
2443,2
2444,141
2445,79
2446,125
2447,2
2448,1
2449,141
2450,135
2451,113
2452,121
2453,150
2454,1
2455,100
2456,141
2457,2
2458,125
2459,39
2460,134
2461,141
2462,135
2463,2
2464,2
2465,113
2466,8
2467,141
2468,150
2469,1
2470,79
2471,79
2472,135
2473,1
2474,2
2475,79
2476,121
2477,141
2478,39
2479,2
2480,100
2481,13
2482,134
2483,79
2484,141
2485,135
2486,150
2487,2
2488,141
2489,2
2490,125
2491,1
2492,2
2493,8
2494,13
2495,123
2496,135
2497,39
2498,21
2499,141
2500,134
2501,125
2502,150
2503,8
2504,2
2505,141
2506,135
2507,79
2508,79
2509,13
2510,91
2511,91
2512,91
2513,91
2514,91
2515,123
2516,79
2517,2
2518,91
2519,141
2520,91
2521,39
2522,91
2523,125
2524,2
2525,91
2526,135
2527,8
2528,150
2529,121
2530,91
2531,79
2532,2
2533,134
2534,141
2535,2
2536,13
2537,91
2538,91
2539,8
2540,91
2541,135
2542,141
2543,16
2544,39
2545,123
2546,2
2547,123
2548,16
2549,76
2550,125
2551,13
2552,141
2553,16
2554,5
2555,135
2556,21
2557,134
2558,5
2559,16
2560,8
2561,8
2562,5
2563,125
2564,16
2565,5
2566,141
2567,2
2568,13
2569,39
2570,8
2571,123
2572,117
2573,16
2574,76
2575,135
2576,16
2577,141
2578,123
2579,125
2580,16
2581,134
2582,117
2583,21
2584,13
2585,135
2586,116
2587,16
2588,76
2589,8
2590,39
2591,8
2592,123
2593,16
2594,123
2595,8
2596,5
2597,116
2598,5
2599,5
2600,38
2601,16
2602,117
2603,13
2604,125
2605,117
2606,134
2607,5
2608,16
2609,116
2610,76
2611,21
2612,39
2613,125
2614,16
2615,38
2616,123
2617,117
2618,8
2619,123
2620,13
2621,116
2622,16
2623,8
2624,8
2625,125
2626,76
2627,134
2628,38
2629,16
2630,116
2631,117
2632,39
2633,5
2634,21
2635,5
2636,16
2637,13
2638,123
2639,5
2640,117
2641,123
2642,116
2643,38
2644,16
2645,5
2646,76
2647,8
2648,117
2649,8
2650,21
2651,8
2652,125
2653,16
2654,13
2655,126
2656,39
2657,126
2658,116
2659,126
2660,126
2661,126
2662,38
2663,126
2664,123
2665,21
2666,126
2667,123
2668,120
2669,125
2670,126
2671,117
2672,126
2673,126
2674,76
2675,116
2676,126
2677,120
2678,5
2679,13
2680,5
2681,126
2682,125
2683,38
2684,117
2685,21
2686,126
2687,39
2688,8
2689,8
2690,5
2691,120
2692,126
2693,116
2694,123
2695,8
2696,126
2697,117
2698,21
2699,76
2700,125
2701,142
2702,123
2703,120
2704,38
2705,13
2706,142
2707,116
2708,117
2709,142
2710,120
2711,39
2712,21
2713,142
2714,125
2715,123
2716,123
2717,38
2718,8
2719,8
2720,116
2721,142
2722,13
2723,76
2724,5
2725,120
2726,5
2727,125
2728,117
2729,21
2730,142
2731,8
2732,5
2733,117
2734,142
2735,120
2736,116
2737,125
2738,38
2739,39
2740,123
2741,142
2742,21
2743,13
2744,76
2745,117
2746,123
2747,120
2748,142
2749,8
2750,116
2751,125
2752,8
2753,142
2754,38
2755,21
2756,120
2757,39
2758,142
2759,13
2760,117
2761,5
2762,123
2763,117
2764,116
2765,5
2766,21
2767,76
2768,123
2769,142
2770,120
2771,117
2772,125
2773,38
2774,5
2775,142
2776,125
2777,8
2778,116
2779,117
2780,120
2781,13
2782,21
2783,8
2784,142
2785,39
2786,123
2787,125
2788,76
2789,123
2790,38
2791,21
2792,142
2793,120
2794,116
2795,117
2796,125
2797,5
2798,5
2799,142
2800,4
2801,4
2802,13
2803,4
2804,4
2805,4
2806,117
2807,120
2808,4
2809,5
2810,38
2811,4
2812,123
2813,8
2814,4
2815,39
2816,21
2817,116
2818,142
2819,76
2820,4
2821,4
2822,117
2823,123
2824,8
2825,5
2826,4
2827,120
2828,21
2829,142
2830,4
2831,13
2832,4
2833,125
2834,38
2835,116
2836,4
2837,117
2838,142
2839,125
2840,120
2841,4
2842,123
2843,123
2844,76
2845,39
2846,4
2847,125
2848,21
2849,142
2850,8
2851,5
2852,4
2853,5
2854,189
2855,196
2856,186
2857,176
2858,176
2859,177
2860,184
2861,184
2862,180
2863,191
2864,177
2865,181
2866,198
2867,180
2868,168
2869,186
2870,196
2871,196
2872,186
2873,177
2874,180
2875,168
2876,184
2877,176
2878,191
2879,186
2880,184
2881,168
2882,184
2883,168
2884,196
2885,179
2886,168
2887,177
2888,180
2889,189
2890,191
2891,181
2892,179
2893,180
2894,178
2895,168
2896,180
2897,198
2898,191
2899,176
2900,186
2901,181
2902,178
2903,196
2904,172
2905,191
2906,189
2907,177
2908,198
2909,172
2910,184
2911,179
2912,191
2913,180
2914,179
2915,179
2916,196
2917,176
2918,172
2919,180
2920,178
2921,168
2922,196
2923,168
2924,177
2925,186
2926,179
2927,191
2928,172
2929,198
2930,189
2931,181
2932,168
2933,184
2934,189
2935,180
2936,176
2937,172
2938,184
2939,180
2940,177
2941,186
2942,172
2943,178
2944,196
2945,184
2946,189
2947,198
2948,179
2949,191
2950,172
2951,172
2952,172
2953,172
2954,172
2955,191
2956,172
2957,178
2958,172
2959,172
2960,168
2961,191
2962,167
2963,196
2964,167
2965,183
2966,179
2967,177
2968,169
2969,180
2970,180
2971,198
2972,167
2973,191
2974,167
2975,196
2976,178
2977,183
2978,172
2979,181
2980,167
2981,189
2982,186
2983,179
2984,184
2985,183
2986,191
2987,167
2988,181
2989,177
2990,198
2991,167
2992,178
2993,179
2994,198
2995,184
2996,183
2997,180
2998,167
2999,167
3000,183
3001,189
3002,196
3003,180
3004,167
3005,186
3006,179
3007,168
3008,183
3009,167
3010,167
3011,177
3012,177
3013,186
3014,186
3015,169
3016,191
3017,191
3018,178
3019,180
3020,167
3021,184
3022,180
3023,169
3024,191
3025,183
3026,184
3027,168
3028,179
3029,189
3030,196
3031,169
3032,180
3033,179
3034,198
3035,176
3036,169
3037,189
3038,177
3039,175
3040,183
3041,180
3042,175
3043,172
3044,179
3045,180
3046,178
3047,169
3048,189
3049,178
3050,178
3051,175
3052,198
3053,183
3054,177
3055,180
3056,167
3057,175
3058,198
3059,179
3060,176
3061,168
3062,181
3063,184
3064,175
3065,189
3066,181
3067,183
3068,179
3069,167
3070,168
3071,189
3072,197
3073,178
3074,191
3075,191
3076,176
3077,181
3078,177
3079,191
3080,172
3081,179
3082,168
3083,178
3084,197
3085,167
3086,167
3087,180
3088,196
3089,175
3090,189
3091,172
3092,181
3093,186
3094,167
3095,180
3096,175
3097,175
3098,175
3099,175
3100,183
3101,197
3102,197
3103,197
3104,167
3105,175
3106,184
3107,197
3108,196
3109,168
3110,184
3111,197
3112,176
3113,176
3114,179
3115,180
3116,169
3117,197
3118,175
3119,181
3120,175
3121,178
3122,177
3123,189
3124,183
3125,175
3126,178
3127,167
3128,167
3129,197
3130,197
3131,169
3132,197
3133,181
3134,189
3135,197
3136,172
3137,162
3138,178
3139,198
3140,197
3141,167
3142,180
3143,169
3144,191
3145,191
3146,167
3147,197
3148,167
3149,196
3150,196
3151,197
3152,181
3153,180
3154,197
3155,189
3156,177
3157,179
3158,186
3159,184
3160,162
3161,176
3162,180
3163,169
3164,197
3165,169
3166,183
3167,162
3168,176
3169,181
3170,167
3171,198
3172,162
3173,167
3174,180
3175,197
3176,189
3177,169
3178,166
3179,176
3180,177
3181,169
3182,181
3183,196
3184,177
3185,166
3186,197
3187,189
3188,169
3189,167
3190,175
3191,162
3192,169
3193,196
3194,168
3195,162
3196,179
3197,178
3198,169
3199,162
3200,181
3201,184
3202,178
3203,181
3204,180
3205,180
3206,197
3207,175
3208,197
3209,191
3210,169
3211,180
3212,168
3213,184
3214,168
3215,162
3216,176
3217,183
3218,196
3219,175
3220,180
3221,169
3222,197
3223,175
3224,162
3225,172
3226,181
3227,180
3228,184
3229,196
3230,169
3231,162
3232,162
3233,175
3234,197
3235,178
3236,186
3237,166
3238,181
3239,167
3240,169
3241,176
3242,166
3243,168
3244,166
3245,168
3246,166
3247,166
3248,166
3249,184
3250,162
3251,166
3252,181
3253,166
3254,166
3255,177
3256,183
3257,166
3258,176
3259,175
3260,159
3261,197
3262,166
3263,159
3264,181
3265,184
3266,166
3267,159
3268,197
3269,159
3270,169
3271,180
3272,177
3273,180
3274,166
3275,167
3276,180
3277,166
3278,159
3279,180
3280,166
3281,189
3282,172
3283,162
3284,162
3285,169
3286,159
3287,172
3288,184
3289,181
3290,159
3291,166
3292,178
3293,167
3294,176
3295,189
3296,186
3297,159
3298,177
3299,162
3300,162
3301,169
3302,159
3303,159
3304,196
3305,179
3306,169
3307,162
3308,181
3309,159
3310,197
3311,184
3312,159
3313,159
3314,198
3315,162
3316,184
3317,183
3318,162
3319,166
3320,172
3321,167
3322,181
3323,159
3324,159
3325,162
3326,175
3327,166
3328,197
3329,198
3330,159
3331,175
3332,176
3333,176
3334,159
3335,184
3336,166
3337,180
3338,179
3339,180
3340,159
3341,181
3342,196
3343,180
3344,189
3345,166
3346,180
3347,166
3348,159
3349,159
3350,167
3351,179
3352,167
3353,189
3354,168
3355,197
3356,183
3357,166
3358,197
3359,159
3360,159
3361,166
3362,197
3363,184
3364,181
3365,159
3366,179
3367,168
3368,162
3369,159
3370,159
3371,166
3372,181
3373,196
3374,159
3375,176
3376,162
3377,162
3378,177
3379,159
3380,167
3381,175
3382,186
3383,184
3384,159
3385,183
3386,197
3387,171
3388,168
3389,171
3390,171
3391,162
3392,171
3393,171
3394,166
3395,171
3396,184
3397,159
3398,163
3399,179
3400,163
3401,163
3402,159
3403,171
3404,189
3405,180
3406,163
3407,181
3408,162
3409,163
3410,168
3411,180
3412,162
3413,163
3414,181
3415,171
3416,171
3417,163
3418,169
3419,166
3420,166
3421,180
3422,186
3423,159
3424,184
3425,167
3426,163
3427,163
3428,196
3429,197
3430,181
3431,171
3432,198
3433,176
3434,163
3435,167
3436,159
3437,159
3438,165
3439,166
3440,168
3441,178
3442,171
3443,184
3444,166
3445,165
3446,166
3447,166
3448,179
3449,165
3450,171
3451,183
3452,159
3453,179
3454,165
3455,175
3456,159
3457,175
3458,179
3459,197
3460,165
3461,171
3462,166
3463,159
3464,157
3465,171
3466,166
3467,183
3468,166
3469,177
3470,198
3471,157
3472,189
3473,186
3474,171
3475,163
3476,181
3477,180
3478,196
3479,179
3480,172
3481,181
3482,157
3483,180
3484,171
3485,159
3486,163
3487,197
3488,178
3489,165
3490,181
3491,197
3492,166
3493,183
3494,180
3495,159
3496,169
3497,159
3498,165
3499,163
3500,171
3501,162
3502,184
3503,186
3504,186
3505,165
3506,159
3507,167
3508,163
3509,171
3510,165
3511,179
3512,171
3513,198
3514,198
3515,159
3516,171
3517,197
3518,172
3519,162
3520,165
3521,177
3522,165
3523,186
3524,169
3525,162
3526,171
3527,165
3528,167
3529,171
3530,163
3531,186
3532,178
3533,200
3534,157
3535,157
3536,157
3537,181
3538,181
3539,163
3540,157
3541,157
3542,157
3543,181
3544,189
3545,171
3546,157
3547,159
3548,169
3549,200
3550,200
3551,184
3552,171
3553,157
3554,180
3555,200
3556,163
3557,171
3558,163
3559,162
3560,200
3561,186
3562,186
3563,197
3564,200
3565,179
3566,166
3567,157
3568,198
3569,164
3570,180
3571,183
3572,168
3573,169
3574,164
3575,163
3576,163
3577,171
3578,157
3579,200
3580,169
3581,177
3582,163
3583,186
3584,171
3585,200
3586,171
3587,178
3588,200
3589,157
3590,163
3591,175
3592,163
3593,162
3594,176
3595,200
3596,197
3597,178
3598,166
3599,200
3600,200
3601,163
3602,171
3603,163
3604,200
3605,163
3606,171
3607,175
3608,163
3609,184
3610,200
3611,164
3612,172
3613,181
3614,181
3615,183
3616,176
3617,172
3618,186
3619,184
3620,189
3621,164
3622,169
3623,163
3624,163
3625,164
3626,164
3627,166
3628,179
3629,198
3630,159
3631,189
3632,171
3633,163
3634,197
3635,163
3636,162
3637,164
3638,165
3639,200
3640,159
3641,186
3642,176
3643,164
3644,180
3645,176
3646,163
3647,197
3648,164
3649,165
3650,185
3651,165
3652,186
3653,163
3654,163
3655,167
3656,172
3657,160
3658,159
3659,166
3660,175
3661,200
3662,168
3663,176
3664,165
3665,160
3666,159
3667,162
3668,157
3669,157
3670,197
3671,178
3672,200
3673,160
3674,198
3675,184
3676,184
3677,160
3678,160
3679,185
3680,160
3681,163
3682,181
3683,185
3684,184
3685,163
3686,185
3687,185
3688,200
3689,162
3690,185
3691,160
3692,157
3693,164
3694,181
3695,179
3696,165
3697,185
3698,171
3699,160
3700,159
3701,176
3702,185
3703,177
3704,185
3705,171
3706,160
3707,179
3708,189
3709,167
3710,164
3711,200
3712,160
3713,175
3714,183
3715,166
3716,185
3717,165
3718,160
3719,157
3720,163
3721,162
3722,165
3723,160
3724,168
3725,186
3726,180
3727,160
3728,185
3729,160
3730,196
3731,164
3732,160
3733,162
3734,171
3735,170
3736,168
3737,170
3738,171
3739,159
3740,200
3741,176
3742,185
3743,163
3744,170
3745,165
3746,170
3747,164
3748,163
3749,170
3750,159
3751,184
3752,184
3753,179
3754,167
3755,170
3756,185
3757,175
3758,168
3759,170
3760,200
3761,181
3762,167
3763,196
3764,179
3765,162
3766,170
3767,164
3768,171
3769,165
3770,163
3771,165
3772,181
3773,170
3774,179
3775,192
3776,172
3777,185
3778,166
3779,171
3780,170
3781,163
3782,157
3783,189
3784,178
3785,192
3786,177
3787,170
3788,185
3789,185
3790,183
3791,159
3792,192
3793,157
3794,165
3795,192
3796,176
3797,163
3798,175
3799,189
3800,171
3801,175
3802,192
3803,200
3804,185
3805,162
3806,164
3807,165
3808,169
3809,192
3810,171
3811,192
3812,168
3813,166
3814,194
3815,192
3816,177
3817,200
3818,192
3819,194
3820,192
3821,160
3822,194
3823,179
3824,179
3825,183
3826,165
3827,192
3828,192
3829,194
3830,184
3831,185
3832,186
3833,164
3834,194
3835,159
3836,194
3837,192
3838,181
3839,194
3840,163
3841,186
3842,194
3843,163
3844,192
3845,163
3846,160
3847,194
3848,194
3849,172
3850,177
3851,194
3852,181
3853,200
3854,185
3855,178
3856,197
3857,194
3858,163
3859,166
3860,197
3861,185
3862,194
3863,157
3864,192
3865,194
3866,166
3867,160
3868,194
3869,167
3870,189
3871,176
3872,194
3873,194
3874,192
3875,185
3876,163
3877,168
3878,194
3879,159
3880,165
3881,200
3882,163
3883,158
3884,185
3885,158
3886,167
3887,160
3888,198
3889,189
3890,200
3891,158
3892,192
3893,158
3894,171
3895,158
3896,185
3897,179
3898,179
3899,170
3900,162
3901,166
3902,178
3903,158
3904,194
3905,167
3906,192
3907,184
3908,164
3909,185
3910,197
3911,159
3912,168
3913,178
3914,163
3915,158
3916,165
3917,184
3918,194
3919,163
3920,158
3921,171
3922,176
3923,160
3924,200
3925,169
3926,170
3927,192
3928,158
3929,181
3930,194
3931,177
3932,185
3933,183
3934,158
3935,171
3936,185
3937,175
3938,192
3939,170
3940,160
3941,158
3942,158
3943,165
3944,165
3945,189
3946,166
3947,198
3948,200
3949,166
3950,159
3951,158
3952,193
3953,193
3954,153
3955,194
3956,163
3957,153
3958,158
3959,174
3960,162
3961,160
3962,174
3963,153
3964,171
3965,170
3966,169
3967,158
3968,174
3969,185
3970,160
3971,153
3972,153
3973,172
3974,158
3975,189
3976,186
3977,158
3978,193
3979,197
3980,178
3981,194
3982,186
3983,163
3984,153
3985,165
3986,176
3987,153
3988,164
3989,165
3990,170
3991,158
3992,179
3993,153
3994,193
3995,160
3996,196
3997,160
3998,153
3999,194
4000,160
4001,193
4002,175
4003,183
4004,153
4005,184
4006,163
4007,159
4008,171
4009,177
4010,153
4011,193
4012,166
4013,192
4014,193
4015,171
4016,153
4017,194
4018,181
4019,166
4020,153
4021,157
4022,160
4023,170
4024,185
4025,168
4026,193
4027,193
4028,163
4029,174
4030,165
4031,169
4032,185
4033,174
4034,194
4035,193
4036,162
4037,158
4038,193
4039,181
4040,174
4041,172
4042,165
4043,170
4044,174
4045,153
4046,170
4047,171
4048,159
4049,178
4050,185
4051,174
4052,193
4053,178
4054,200
4055,194
4056,158
4057,176
4058,171
4059,197
4060,174
4061,186
4062,166
4063,160
4064,174
4065,167
4066,177
4067,157
4068,189
4069,163
4070,179
4071,193
4072,156
4073,192
4074,166
4075,174
4076,177
4077,193
4078,170
4079,194
4080,156
4081,184
4082,154
4083,165
4084,154
4085,156
4086,154
4087,174
4088,156
4089,153
4090,168
4091,185
4092,156
4093,175
4094,156
4095,156
4096,200
4097,166
4098,154
4099,160
4100,156
4101,193
4102,192
4103,156
4104,156
4105,174
4106,171
4107,154
4108,158
4109,184
4110,163
4111,171
4112,157
4113,170
4114,154
4115,153
4116,183
4117,156
4118,154
4119,165
4120,159
4121,154
4122,156
4123,193
4124,162
4125,156
4126,156
4127,185
4128,154
4129,153
4130,194
4131,170
4132,165
4133,181
4134,158
4135,167
4136,159
4137,156
4138,154
4139,200
4140,176
4141,156
4142,196
4143,178
4144,154
4145,192
4146,198
4147,153
4148,186
4149,154
4150,154
4151,174
4152,156
4153,200
4154,168
4155,173
4156,166
4157,158
4158,163
4159,163
4160,175
4161,179
4162,154
4163,194
4164,154
4165,181
4166,163
4167,172
4168,163
4169,170
4170,160
4171,156
4172,173
4173,153
4174,174
4175,154
4176,192
4177,164
4178,159
4179,173
4180,184
4181,157
4182,167
4183,156
4184,173
4185,193
4186,154
4187,162
4188,174
4189,194
4190,153
4191,173
4192,159
4193,200
4194,154
4195,184
4196,156
4197,173
4198,192
4199,169
4200,155
4201,160
4202,155
4203,155
4204,155
4205,192
4206,155
4207,174
4208,155
4209,165
4210,173
4211,155
4212,173
4213,158
4214,163
4215,155
4216,165
4217,193
4218,155
4219,164
4220,196
4221,156
4222,176
4223,155
4224,158
4225,173
4226,163
4227,198
4228,166
4229,155
4230,176
4231,157
4232,173
4233,155
4234,175
4235,181
4236,172
4237,173
4238,156
4239,155
4240,186
4241,171
4242,155
4243,154
4244,192
4245,200
4246,193
4247,155
4248,167
4249,173
4250,155
4251,194
4252,153
4253,160
4254,155
4255,179
4256,155
4257,158
4258,173
4259,156
4260,154
4261,173
4262,162
4263,167
4264,155
4265,159
4266,160
4267,155
4268,181
4269,155
4270,165
4271,157
4272,153
4273,165
4274,193
4275,161
4276,179
4277,173
4278,157
4279,155
4280,154
4281,156
4282,175
4283,194
4284,161
4285,192
4286,163
4287,161
4288,193
4289,170
4290,155
4291,164
4292,173
4293,159
4294,161
4295,174
4296,173
4297,184
4298,163
4299,155
4300,193
4301,156
4302,161
4303,197
4304,198
4305,155
4306,168
4307,160
4308,195
4309,195
4310,176
4311,195
4312,161
4313,195
4314,195
4315,183
4316,195
4317,155
4318,194
4319,195
4320,173
4321,176
4322,195
4323,192
4324,161
4325,158
4326,195
4327,157
4328,157
4329,195
4330,183
4331,174
4332,155
4333,156
4334,195
4335,171
4336,200
4337,161
4338,161
4339,195
4340,166
4341,157
4342,178
4343,170
4344,153
4345,184
4346,195
4347,161
4348,169
4349,185
4350,152
4351,173
4352,155
4353,161
4354,195
4355,165
4356,161
4357,195
4358,179
4359,156
4360,174
4361,152
4362,158
4363,170
4364,193
4365,161
4366,197
4367,161
4368,152
4369,155
4370,192
4371,173
4372,159
4373,152
4374,153
4375,163
4376,195
4377,152
4378,161
4379,181
4380,179
4381,192
4382,152
4383,154
4384,157
4385,155
4386,166
4387,195
4388,200
4389,174
4390,157
4391,173
4392,152
4393,199
4394,199
4395,199
4396,199
4397,161
4398,199
4399,187
4400,185
4401,187
4402,152
4403,195
4404,193
4405,187
4406,165
4407,158
4408,187
4409,187
4410,168
4411,171
4412,161
4413,199
4414,153
4415,198
4416,187
4417,167
4418,161
4419,187
4420,195
4421,194
4422,192
4423,154
4424,196
4425,199
4426,187
4427,159
4428,155
4429,184
4430,187
4431,167
4432,165
4433,156
4434,187
4435,199
4436,152
4437,196
4438,187
4439,161
4440,195
4441,187
4442,199
4443,169
4444,192
4445,151
4446,151
4447,187
4448,151
4449,151
4450,152
4451,151
4452,151
4453,193
4454,151
4455,187
4456,199
4457,155
4458,151
4459,154
4460,153
4461,176
4462,151
4463,158
4464,195
4465,151
4466,187
4467,185
4468,163
4469,159
4470,200
4471,151
4472,161
4473,199
4474,151
4475,162
4476,152
4477,187
4478,151
4479,160
4480,156
4481,200
4482,151
4483,184
4484,151
4485,158
4486,151
4487,187
4488,190
4489,151
4490,151
4491,190
4492,190
4493,195
4494,190
4495,190
4496,152
4497,190
4498,190
4499,170
4500,190
4501,155
4502,190
4503,186
4504,151
4505,190
4506,187
4507,190
4508,157
4509,190
4510,161
4511,154
4512,190
4513,166
4514,190
4515,151
4516,190
4517,190
4518,190
4519,199
4520,187
4521,190
4522,153
4523,151
4524,174
4525,188
4526,188
4527,195
4528,190
4529,188
4530,188
4531,190
4532,188
4533,188
4534,194
4535,171
4536,188
4537,188
4538,188
4539,190
4540,151
4541,188
4542,188
4543,154
4544,188
4545,193
4546,187
4547,188
4548,190
4549,188
4550,188
4551,182
4552,182
4553,182
4554,151
4555,157
4556,182
4557,188
4558,155
4559,199
4560,182
4561,195
4562,188
4563,182
4564,182
4565,190
4566,188
4567,182
4568,182
4569,188
4570,188
4571,182
4572,182
4573,182
4574,182
4575,182
4576,182
4577,186
4578,182
4579,182
4580,182
4581,182
4582,182
4583,182
4584,182
4585,190
4586,182
4587,151
4588,159
4589,190
4590,195
4591,182
4592,188
4593,182
4594,182
4595,154
4596,182
4597,188
4598,188
4599,181
4600,182
4601,190
4602,158
4603,183
4604,182
4605,182
4606,199
4607,169
4608,164
4609,188
4610,151
4611,168
4612,182
4613,160
4614,200
4615,190
4616,188
4617,175
4618,182
4619,195
4620,156
4621,190
4622,195
4623,188
4624,161
4625,196
4626,151
4627,192
4628,153
4629,156
4630,200
4631,199
4632,163
4633,182
4634,188
4635,175
4636,182
4637,171
4638,190
4639,188
4640,173
4641,193
4642,196
4643,179
4644,194
4645,187
4646,152
4647,188
4648,195
4649,190
4650,157
4651,162
4652,182
4653,161
4654,188
4655,182
4656,187
4657,158
4658,156
4659,176
4660,154
4661,152
4662,188
4663,166
4664,195
4665,174
4666,173
4667,163
4668,157
4669,187
4670,182
4671,185
4672,170
4673,161
4674,182
4675,192
4676,199
4677,164
4678,153
4679,184
4680,151
4681,178
4682,159
4683,195
4684,158
4685,200
4686,154
4687,155
4688,154
4689,199
4690,190
4691,165
4692,161
4693,193
4694,174
4695,169
4696,183
4697,195
4698,169
4699,200
4700,190
4701,171
4702,199
4703,172
4704,186
4705,175
4706,174
4707,155
4708,154
4709,188
4710,198
4711,170
4712,161
4713,181
4714,192
4715,160
4716,162
4717,154
4718,152
4719,187
4720,158
4721,182
4722,157
4723,185
4724,163
4725,177
4726,156
4727,159
4728,153
4729,187
4730,179
4731,161
4732,152
4733,155
4734,164
4735,173
4736,196
4737,174
4738,159
4739,154
4740,151
4741,157
4742,199
4743,200
4744,195
4745,192
4746,192
4747,161
4748,154
4749,193
4750,151
4751,170
4752,163
4753,155
4754,176
4755,174
4756,184
4757,199
4758,185
4759,167
4760,175
4761,173
4762,167
4763,195
4764,190
4765,197
4766,200
4767,156
4768,172
4769,161
4770,162
4771,163
4772,185
4773,187
4774,188
4775,154
4776,155
4777,179
4778,168
4779,159
4780,195
4781,194
4782,193
4783,192
4784,182
4785,173
4786,174
4787,161
4788,187
4789,164
4790,157
4791,198
4792,170
4793,184
4794,171
4795,156
4796,155
4797,152
4798,160
4799,154
4800,187
4801,186
4802,163
4803,196
4804,161
4805,173
4806,164
4807,185
4808,152
4809,193
4810,194
4811,151
4812,174
4813,155
4814,165
4815,197
4816,194
4817,175
4818,156
4819,197
4820,167
4821,176
4822,166
4823,195
4824,154
4825,192
4826,190
4827,199
4828,183
4829,164
4830,184
4831,159
4832,173
4833,157
4834,160
4835,161
4836,172
4837,163
4838,188
4839,195
4840,156
4841,153
4842,178
4843,199
4844,154
4845,158
4846,173
4847,165
4848,160
4849,164
4850,194
4851,168
4852,182
4853,155
4854,161
4855,187
4856,192
4857,152
4858,184
4859,157
4860,196
4861,185
4862,186
4863,156
4864,154
4865,197
4866,162
4867,170
4868,173
4869,174
4870,175
4871,159
4872,155
4873,187
4874,157
4875,158
4876,161
4877,152
4878,167
4879,171
4880,194
4881,163
4882,176
4883,183
4884,160
4885,151
4886,164
4887,192
4888,165
4889,152
4890,155
4891,173
4892,155
4893,161
4894,179
4895,183
4896,156
4897,174
4898,190
4899,157
4900,193
4901,185
4902,170
4903,176
4904,168
4905,199
4906,195
4907,158
4908,161
4909,157
4910,188
4911,173
4912,173
4913,166
4914,159
4915,162
4916,156
4917,160
4918,171
4919,175
4920,194
4921,198
4922,179
4923,199
4924,156
4925,185
4926,165
4927,186
4928,169
4929,195
4930,174
4931,161
4932,157
4933,155
4934,192
4935,167
4936,187
4937,160
4938,173
4939,196
4940,158
4941,157
4942,154
4943,152
4944,183
4945,156
4946,164
4947,161
4948,194
4949,170
4950,151
4951,179
4952,161
4953,174
4954,168
4955,176
4956,173
4957,185
4958,171
4959,159
4960,199
4961,163
4962,166
4963,165
4964,190
4965,194
4966,154
4967,158
4968,162
4969,195
4970,157
4971,170
4972,154
4973,198
4974,175
4975,161
4976,200
4977,199
4978,182
4979,179
4980,158
4981,155
4982,178
4983,174
4984,192
4985,169
4986,164
4987,195
4988,154
4989,196
4990,187
4991,160
4992,161
4993,193
4994,167
4995,194
4996,154
4997,171
4998,155
4999,163
5000,170
5001,159
5002,152
5003,165
5004,166
5005,186
5006,200
5007,172
5008,174
5009,158
5010,151
5011,173
5012,196
5013,197
5014,200
5015,161
5016,192
5017,164
5018,197
5019,153
5020,199
5021,154
5022,155
5023,190
5024,168
5025,194
5026,160
5027,175
5028,195
5029,174
5030,173
5031,186
5032,170
5033,176
5034,193
5035,188
5036,199
5037,163
5038,169
5039,171
5040,165
5041,198
5042,161
5043,194
5044,200
5045,154
5046,159
5047,174
5048,164
5049,166
5050,195
5051,185
5052,158
5053,187
5054,155
5055,166
5056,183
5057,156
5058,160
5059,186
5060,196
5061,193
5062,161
5063,162
5064,192
5065,154
5066,152
5067,151
5068,168
5069,156
5070,194
5071,175
5072,155
5073,157
5074,165
5075,164
5076,163
5077,158
5078,154
5079,164
5080,161
5081,163
5082,176
5083,185
5084,190
5085,199
5086,169
5087,186
5088,174
5089,171
5090,173
5091,160
5092,198
5093,192
5094,161
5095,159
5096,156
5097,188
5098,167
5099,195
5100,158
5101,187
5102,154
5103,166
5104,193
5105,178
5106,177
5107,173
5108,157
5109,164
5110,174
5111,185
5112,165
5113,162
5114,161
5115,160
5116,172
5117,163
5118,152
5119,187
5120,170
5121,156
5122,163
5123,194
5124,154
5125,171
5126,158
5127,175
5128,155
5129,176
5130,193
5131,168
5132,159
5133,151
5134,161
5135,186
5136,152
5137,174
5138,167
5139,156
5140,166
5141,200
5142,185
5143,200
5144,160
5145,173
5146,157
5147,192
5148,190
5149,158
5150,155
5151,165
5152,195
5153,199
5154,193
5155,177
5156,162
5157,176
5158,163
5159,153
5160,183
5161,156
5162,163
5163,182
5164,156
5165,175
5166,173
5167,187
5168,155
5169,171
5170,195
5171,160
5172,192
5173,164
5174,194
5175,176
5176,168
5177,200
5178,158
5179,153
5180,200
5181,178
5182,159
5183,174
5184,169
5185,156
5186,165
5187,187
5188,154
5189,173
5190,152
5191,161
5192,165
5193,166
5194,198
5195,163
5196,167
5197,176
5198,151
5199,194
5200,192
5201,193
5202,170
5203,193
5204,185
5205,174
5206,162
5207,199
5208,171
5209,156
5210,164
5211,154
5212,161
5213,173
5214,200
5215,188
5216,172
5217,157
5218,171
5219,177
5220,169
5221,187
5222,157
5223,176
5224,195
5225,158
5226,153
5227,158
5228,155
5229,156
5230,154
5231,173
5232,159
5233,192
5234,192
5235,165
5236,185
5237,168
5238,185
5239,169
5240,187
5241,163
5242,177
5243,200
5244,162
5245,152
5246,161
5247,157
5248,173
5249,154
5250,156
5251,174
5252,171
5253,193
5254,194
5255,151
5256,157
5257,183
5258,158
5259,197
5260,198
5261,170
5262,199
5263,160
5264,165
5265,159
5266,161
5267,176
5268,185
5269,155
5270,188
5271,173
5272,164
5273,154
5274,163
5275,174
5276,169
5277,172
5278,153
5279,166
5280,200
5281,187
5282,158
5283,177
5284,194
5285,195
5286,192
5287,171
5288,200
5289,155
5290,160
5291,173
5292,183
5293,197
5294,154
5295,185
5296,187
5297,157
5298,156
5299,168
5300,159
5301,153
5302,185
5303,152
5304,193
5305,163
5306,176
5307,158
5308,161
5309,185
5310,151
5311,175
5312,194
5313,155
5314,166
5315,183
5316,173
5317,160
5318,164
5319,171
5320,154
5321,199
5322,198
5323,160
5324,174
5325,188
5326,195
5327,157
5328,153
5329,162
5330,185
5331,167
5332,171
5333,158
5334,155
5335,168
5336,173
5337,187
5338,194
5339,164
5340,163
5341,154
5342,192
5343,195
5344,196
5345,156
5346,197
5347,166
5348,164
5349,160
5350,167
5351,163
5352,153
5353,161
5354,187
5355,193
5356,157
5357,155
5358,160
5359,168
5360,158
5361,152
5362,154
5363,166
5364,171
5365,175
5366,185
5367,156
5368,194
5369,165
5370,190
5371,161
5372,172
5373,174
5374,164
5375,170
5376,155
5377,159
5378,193
5379,187
5380,162
5381,163
5382,177
5383,173
5384,188
5385,160
5386,167
5387,157
5388,158
5389,195
5390,154
5391,185
5392,194
5393,168
5394,163
5395,166
5396,156
5397,161
5398,187
5399,157
5400,175
5401,192
5402,153
5403,185
5404,155
5405,152
5406,167
5407,158
5408,170
5409,171
5410,154
5411,165
5412,151
5413,162
5414,200
5415,161
5416,156
5417,158
5418,198
5419,169
5420,160
5421,155
5422,199
5423,174
5424,163
5425,192
5426,200
5427,159
5428,188
5429,172
5430,164
5431,173
5432,197
5433,193
5434,195
5435,170
5436,154
5437,165
5438,167
5439,187
5440,163
5441,158
5442,200
5443,161
5444,166
5445,160
5446,156
5447,194
5448,173
5449,152
5450,197
5451,168
5452,163
5453,200
5454,153
5455,160
5456,187
5457,171
5458,173
5459,192
5460,161
5461,183
5462,162
5463,193
5464,157
5465,156
5466,185
5467,152
5468,163
5469,155
5470,170
5471,151
5472,169
5473,158
5474,166
5475,174
5476,195
5477,173
5478,164
5479,160
5480,165
5481,197
5482,192
5483,187
5484,171
5485,188
5486,168
5487,174
5488,154
5489,161
5490,162
5491,185
5492,170
5493,200
5494,183
5495,193
5496,195
5497,163
5498,156
5499,155
5500,187
5501,175
5502,159
5503,160
5504,164
5505,158
5506,161
5507,174
5508,173
5509,165
5510,197
5511,152
5512,171
5513,151
5514,155
5515,168
5516,192
5517,193
5518,154
5519,185
5520,164
5521,166
5522,195
5523,163
5524,167
5525,173
5526,174
5527,158
5528,199
5529,170
5530,188
5531,171
5532,164
5533,175
5534,157
5535,155
5536,154
5537,153
5538,194
5539,163
5540,166
5541,195
5542,185
5543,187
5544,164
5545,173
5546,172
5547,156
5548,159
5549,158
5550,165
5551,170
5552,161
5553,169
5554,185
5555,173
5556,152
5557,171
5558,174
5559,200
5560,151
5561,197
5562,158
5563,155
5564,160
5565,163
5566,156
5567,166
5568,185
5569,195
5570,193
5571,187
5572,188
5573,194
5574,165
5575,173
5576,159
5577,183
5578,185
5579,174
5580,161
5581,169
5582,158
5583,163
5584,200
5585,195
5586,170
5587,154
5588,162
5589,187
5590,153
5591,163
5592,185
5593,173
5594,159
5595,194
5596,156
5597,161
5598,165
5599,160
5600,159
5601,152
5602,158
5603,151
5604,183
5605,173
5606,164
5607,163
5608,192
5609,175
5610,174
5611,155
5612,162
5613,160
5614,195
5615,165
5616,158
5617,188
5618,154
5619,187
5620,166
5621,170
5622,200
5623,193
5624,173
5625,171
5626,155
5627,194
5628,185
5629,174
5630,167
5631,195
5632,163
5633,187
5634,197
5635,154
5636,193
5637,160
5638,157
5639,166
5640,155
5641,174
5642,192
5643,161
5644,159
5645,200
5646,152
5647,151
5648,156
5649,194
5650,171
5651,160
5652,173
5653,165
5654,153
5655,169
5656,160
5657,155
5658,197
5659,195
5660,188
5661,157
5662,174
5663,187
5664,194
5665,166
5666,156
5667,164
5668,171
5669,158
5670,173
5671,160
5672,163
5673,155
5674,174
5675,152
5676,187
5677,170
5678,165
5679,156
5680,175
5681,200
5682,194
5683,154
5684,162
5685,173
5686,159
5687,185
5688,193
5689,161
5690,151
5691,152
5692,171
5693,160
5694,153
5695,163
5696,156
5697,192
5698,157
5699,154
5700,158
5701,188
5702,155
5703,164
5704,197
5705,195
5706,187
5707,153
5708,166
5709,185
5710,159
5711,174
5712,160
5713,163
5714,156
5715,165
5716,194
5717,173
5718,161
5719,187
5720,152
5721,157
5722,158
5723,185
5724,153
5725,197
5726,174
5727,160
5728,166
5729,154
5730,171
5731,170
5732,151
5733,155
5734,161
5735,152
5736,163
5737,194
5738,165
5739,193
5740,200
5741,174
5742,185
5743,156
5744,188
5745,173
5746,160
5747,187
5748,155
5749,162
5750,195
5751,192
5752,159
5753,171
5754,194
5755,165
5756,193
5757,157
5758,174
5759,164
5760,154
5761,187
5762,173
5763,185
5764,152
5765,161
5766,170
5767,192
5768,162
5769,158
5770,159
5771,163
5772,153
5773,151
5774,165
5775,156
5776,173
5777,152
5778,200
5779,155
5780,161
5781,164
5782,160
5783,192
5784,194
5785,188
5786,193
5787,174
5788,187
5789,166
5790,154
5791,159
5792,195
5793,173
5794,161
5795,163
5796,157
5797,164
5798,185
5799,160
5800,192
5801,158
5802,151
5803,193
5804,156
5805,152
5806,154
5807,161
5808,155
5809,166
5810,171
5811,165
5812,157
5813,164
5814,188
5815,160
5816,170
5817,192
5818,187
5819,158
5820,174
5821,195
5822,156
5823,155
5824,173
5825,159
5826,163
5827,165
5828,157
5829,187
5830,164
5831,160
5832,170
5833,195
5834,158
5835,193
5836,161
5837,174
5838,173
5839,154
5840,151
5841,152
5842,163
5843,159
5844,165
5845,200
5846,185
5847,195
5848,170
5849,192
5850,155
5851,158
5852,153
5853,154
5854,156
5855,188
5856,187
5857,152
5858,161
5859,173
5860,200
5861,157
5862,185
5863,154
5864,170
5865,165
5866,194
5867,174
5868,193
5869,171
5870,151
5871,152
5872,161
5873,155
5874,154
5875,174
5876,153
5877,158
5878,192
5879,160
5880,164
5881,200
5882,165
5883,188
5884,171
5885,187
5886,195
5887,155
5888,173
5889,156
5890,174
5891,158
5892,194
5893,160
5894,185
5895,164
5896,187
5897,165
5898,163
5899,152
5900,161
5901,155
5902,154
5903,174
5904,151
5905,193
5906,194
5907,192
5908,160
5909,164
5910,152
5911,157
5912,163
5913,195
5914,155
5915,188
5916,173
5917,156
5918,153
5919,158
5920,187
5921,192
5922,160
5923,185
5924,195
5925,200
5926,165
5927,161
5928,173
5929,154
5930,151
5931,174
5932,193
5933,194
5934,152
5935,192
5936,160
5937,161
5938,164
5939,165
5940,155
5941,188
5942,154
5943,156
5944,187
5945,153
5946,158
5947,195
5948,194
5949,160
5950,155
5951,164
5952,200
5953,173
5954,187
5955,154
5956,174
5957,152
5958,193
5959,194
5960,161
5961,170
5962,151
5963,185
5964,173
5965,200
5966,154
5967,152
5968,174
5969,193
5970,161
5971,158
5972,188
5973,192
5974,155
5975,160
5976,154
5977,187
5978,164
5979,156
5980,195
5981,153
5982,193
5983,161
5984,192
5985,151
5986,173
5987,170
5988,185
5989,154
5990,152
5991,174
5992,161
5993,193
5994,188
5995,194
5996,155
5997,192
5998,187
5999,154
6000,185
6001,174
6002,195
6003,153
6004,155
6005,158
6006,187
6007,192
6008,173
6009,160
6010,156
6011,152
6012,174
6013,161
6014,188
6015,158
6016,173
6017,192
6018,187
6019,154
6020,160
6021,174
6022,195
6023,193
6024,155
6025,187
6026,194
6027,154
6028,170
6029,195
6030,156
6031,193
6032,155
6033,151
6034,194
6035,173
6036,152
6037,170
6038,154
6039,188
6040,161
6041,153
6042,173
6043,158
6044,187
6045,192
6046,154
6047,195
6048,174
6049,151
6050,155
6051,158
6052,154
6053,194
6054,152
6055,156
6056,188
6057,161
6058,193
6059,173
6060,187
6061,158
6062,154
6063,195
6064,174
6065,187
6066,155
6067,158
6068,154
6069,195
6070,151
6071,174
6072,155
6073,153
6074,152
6075,154
6076,188
6077,156
6078,161
6079,153
6080,187
6081,173
6082,156
6083,195
6084,187
6085,174
6086,155
6087,152
6088,154
6089,188
6090,174
6091,155
6092,187
6093,173
6094,161
6095,156
6096,187
6097,155
6098,195
6099,154
6100,151
6101,155
6102,195
6103,154
6104,188
6105,155
6106,152
6107,173
6108,161
6109,187
6110,155
6111,195
6112,151
6113,195
6114,152
6115,187
