-4.305973e-03,2.630204e+00,-2.287584e+00,-1.274273e+00,-1.212296e-01,-6.790967e-01,2.952554e-05,-2.766761e-03,-3.578122e-03,2.537031e+00
-1.313655e+00,1.097079e+00,1.895933e+00,-3.763940e+00,1.793399e+00,-4.157283e-01,-3.910006e+00,3.323596e+00,1.078369e+00,3.492878e-01
-1.640424e-03,4.995591e-01,1.950440e+00,-5.070023e-01,4.527408e-01,-6.714402e-01,-7.223838e-04,1.015660e-02,1.207916e-03,2.058756e-01
1.137316e-03,6.950405e-02,1.782097e+00,-2.725545e+00,-8.336515e-01,-2.943235e+00,-5.384530e-05,-1.862136e-02,-1.510306e-03,-1.316077e+00
3.234613e-03,-2.385521e+00,1.770840e+00,2.075772e+00,4.201763e+00,7.296542e-01,6.735447e-03,2.787507e-03,-4.117682e-04,1.742572e+00
-4.773609e-03,1.893984e+00,7.203057e-01,-1.968199e+00,-1.259722e+00,6.107251e-01,-1.204507e-03,-8.867226e-03,-2.409263e-03,-2.075665e+00
1.349260e+00,-4.400525e-01,-1.202998e+00,4.087156e-01,-1.588291e+00,3.873903e-02,1.817094e+00,-1.458497e+00,-2.910503e+00,2.093671e+00
-1.422187e+00,7.306121e-01,2.337627e-01,-1.185975e+00,3.711026e-01,-9.514443e-01,-5.934765e-01,-3.052931e+00,-1.361695e+00,-1.682337e+00
9.764745e-04,8.612014e-01,-3.586180e-01,2.356513e+00,-3.082317e+00,3.635636e+00,4.466779e-06,1.184081e-02,-5.325651e-03,-1.792976e+00
-4.575067e+00,-1.068075e+00,-5.583148e-01,-6.662147e-01,2.285776e-02,8.711679e-02,3.129751e-02,1.246579e+00,-4.025387e-01,-6.912302e-01
2.940675e-01,1.804959e+00,1.309288e-01,2.090836e+00,2.654211e+00,-3.097255e+00,-3.106060e-01,1.950101e+00,-3.168560e+00,-2.214062e-01
-2.505470e-03,-8.728152e-01,2.450557e+00,1.449978e+00,-9.757451e-01,-1.076872e-01,5.027240e-04,-6.079484e-03,3.415464e-04,1.033581e+00
8.360553e-04,2.104033e+00,-1.508285e+00,1.434248e-01,1.956089e+00,3.001062e-01,1.045908e-03,3.343866e-03,-6.781109e-03,2.022061e+00
2.022425e-02,3.090283e+00,-1.395534e+00,-3.302322e-01,-2.099968e-01,-2.047250e+00,-1.391940e+00,-1.092891e+00,5.097470e+00,1.066692e+00
-2.163949e-03,5.947372e-01,-1.214779e+00,3.775932e-01,1.036437e+00,5.204126e-01,-4.138247e-03,2.460184e-04,-5.967745e-04,2.263081e+00
-4.045544e-03,9.017876e-01,-6.485446e-01,1.100114e+00,7.398676e-01,-1.915963e+00,-3.242778e-03,-7.762909e-03,3.831469e-03,-1.408737e-01
-2.270704e-04,7.512311e-01,-3.495619e-01,1.265131e+00,-6.570159e-01,-1.226227e+00,1.623215e-03,-6.475866e-03,2.543211e-03,-1.426025e+00
-6.383368e-04,1.503034e+00,1.720655e+00,7.032290e-01,1.328206e+00,-1.693176e+00,-3.349971e-03,-4.196712e-03,3.739903e-03,-2.721088e-01
-3.194863e+00,2.760450e-01,4.316355e-01,-4.649426e-03,1.797561e+00,1.686339e+00,1.539763e+00,-9.398194e-01,-2.531880e-01,-4.381152e-01
-7.019013e-04,-1.492959e+00,-1.695703e+00,-2.289794e+00,7.143818e-01,3.574165e+00,-1.764882e-03,1.241783e-02,-2.537864e-03,2.129506e+00
