-4.736251e-03,4.449778e-01,6.164968e-01,-2.854816e+00,-8.069031e-01,1.394610e+00,-9.796046e-04,-7.185426e-03,1.166922e-05,-1.363478e+00
-1.311384e+00,2.186396e-01,7.867058e-01,-1.720455e+00,-6.936770e-01,-9.192092e-02,-3.911754e+00,3.315864e+00,1.081425e+00,-4.324792e-01
1.152852e-03,-7.699139e-01,-1.510759e+00,5.306962e-01,-7.128404e-01,-1.219452e+00,-1.126437e-03,-7.026233e-03,-3.339644e-03,1.463297e+00
-1.388414e-03,2.489984e+00,-2.916251e+00,-7.993771e-01,-5.597689e-01,1.610868e-01,9.151800e-04,-8.188368e-03,-3.694351e-03,2.005738e+00
2.964001e-03,5.681181e-01,-1.130484e+00,2.934055e+00,-7.873503e-01,-2.125510e+00,5.289352e-03,8.858230e-03,-3.272165e-03,1.020242e+00
-1.537713e-03,1.204200e+00,3.373092e+00,9.735576e-01,-2.271958e+00,-2.992430e+00,-2.105952e-03,-7.155278e-03,-2.133257e-03,-1.450921e+00
1.347204e+00,-2.415212e+00,-1.573490e+00,1.154364e+00,1.218584e+00,-1.908047e+00,1.809962e+00,-1.490931e+00,-2.916491e+00,8.309687e-01
-1.421463e+00,-1.305824e+00,2.099923e+00,-4.828600e-01,7.297624e-01,1.816627e+00,-5.962204e-01,-3.050730e+00,-1.356699e+00,1.167928e+00
-8.070630e-04,-3.351136e-02,1.764057e+00,2.051213e+00,1.337499e+00,1.451719e+00,-2.773088e-03,-2.057447e-03,3.558832e-03,3.027083e+00
-4.574760e+00,1.104630e+00,-3.764053e-01,-9.293378e-01,1.680515e+00,-1.224136e+00,2.810497e-02,1.240218e+00,-3.899534e-01,-2.451185e-01
2.994129e-01,3.541333e-01,-2.557041e+00,7.418550e-01,-3.838251e-01,-1.707448e-01,-3.122356e-01,1.944721e+00,-3.163599e+00,-1.132411e+00
-2.643025e-04,-1.824313e+00,-9.346490e-01,4.990560e-01,7.592699e-01,8.203538e-01,-2.447649e-03,-2.380643e-03,-1.744402e-03,1.621108e+00
1.412944e-03,1.806561e+00,-1.043118e+00,1.332330e+00,-1.006895e+00,-8.268720e-01,3.573722e-04,-8.733950e-03,4.655447e-04,4.820136e-01
2.131388e-02,2.080504e+00,4.069058e+00,-1.990796e+00,-5.483696e-01,-4.443414e-01,-1.388708e+00,-1.085113e+00,5.103371e+00,-2.394965e+00
-2.437816e-03,2.279705e-01,-2.951432e+00,1.921337e-01,-4.075174e+00,1.262550e+00,-2.191680e-03,6.707702e-03,3.650257e-03,-2.513223e+00
7.245113e-04,-1.178394e+00,-1.574394e-01,-5.360759e-01,2.654364e+00,6.507967e-01,-2.884704e-03,4.285528e-03,1.308888e-03,-8.112550e-02
7.364385e-04,1.119286e+00,-2.038632e+00,3.749694e+00,6.983075e-01,2.851694e+00,-3.067550e-04,-2.180954e-03,-5.702780e-03,-2.424666e-01
2.584131e-03,-4.396366e-01,5.909903e-01,2.422638e-01,4.034642e+00,1.502248e+00,-2.297769e-03,2.788183e-03,4.953346e-04,5.680112e-01
-3.192615e+00,6.616413e-01,1.049814e+00,1.005694e+00,-9.691118e-01,3.018705e-01,1.542434e+00,-9.443234e-01,-2.563667e-01,2.298448e+00
9.542761e-04,2.152475e-01,-1.304826e+00,2.049415e+00,5.934493e-02,1.475276e+00,2.890691e-03,5.943850e-03,6.910177e-03,7.066259e-01
