-6.152804e-03,-8.232062e-01,-3.943508e-01,2.382453e-01,1.263315e+00,-1.617502e+00,-4.655810e-03,3.009944e-03,-2.359168e-03,-1.107622e+00
-1.312341e+00,9.037236e-01,2.231675e+00,4.785046e-01,-1.076200e+00,2.495209e-01,-3.907701e+00,3.322198e+00,1.085717e+00,1.261098e+00
-9.221477e-04,1.696747e+00,2.710390e+00,-2.218913e+00,-9.999051e-01,-9.312353e-01,1.390866e-03,3.834070e-03,-5.500471e-05,-2.376452e+00
4.402574e-04,-1.428150e+00,1.886380e+00,3.480525e-01,4.449080e-01,-2.679537e-01,1.249440e-03,6.052837e-03,-1.693457e-03,-1.091976e-01
2.933444e-03,1.344203e-01,3.625301e+00,3.790516e+00,2.466054e-01,2.195944e-01,6.474637e-03,1.120618e-02,3.802322e-03,1.549005e+00
-2.321704e-03,1.043535e+00,-8.638978e-01,-2.157240e+00,-1.788967e+00,6.720469e-01,-3.225594e-03,-1.371306e-02,8.444743e-05,6.789750e-01
1.344747e+00,-5.704621e-02,-2.470690e-01,-1.494754e+00,-9.286558e-01,-1.069688e+00,1.815558e+00,-1.470653e+00,-2.912647e+00,1.087626e+00
-1.422856e+00,3.204613e-01,-4.204274e+00,7.170782e-01,8.803081e-01,2.704804e+00,-5.894229e-01,-3.042364e+00,-1.355069e+00,-7.872167e-01
-1.250997e-03,-1.322150e+00,-8.066877e-01,1.258468e+00,-1.938490e-01,3.622319e-01,-4.762496e-03,1.210919e-03,1.916300e-03,-1.190421e+00
-4.577302e+00,2.894066e+00,1.487890e+00,1.330273e+00,-9.120584e-01,-2.555918e+00,2.941049e-02,1.230274e+00,-3.980038e-01,7.627736e-01
2.958320e-01,-2.376351e+00,-6.823214e-01,-6.626768e-01,-7.036129e-01,9.814374e-01,-3.114947e-01,1.954487e+00,-3.174529e+00,-7.462176e-01
-4.776304e-03,1.911453e+00,1.450057e+00,-6.442924e-02,-1.600391e+00,7.210000e-01,-3.293604e-03,-6.706754e-04,-7.276853e-04,-3.607340e-01
6.447655e-04,-3.429963e+00,3.072745e-01,2.180200e+00,-3.203915e-01,-1.940238e+00,4.933487e-03,-5.549036e-03,2.349610e-03,2.734320e+00
1.741488e-02,-2.258443e+00,2.801263e+00,3.560709e+00,4.405162e+00,-1.826567e+00,-1.391775e+00,-1.096251e+00,5.100333e+00,-2.724555e-03
-2.056379e-03,-1.939201e+00,1.155592e+00,-1.326188e+00,-1.606838e+00,-2.351385e+00,-7.724388e-04,-4.290566e-03,7.298475e-04,1.679578e+00
-2.436654e-03,-1.831981e+00,-1.014245e+00,8.410535e-01,8.857183e-01,1.557806e+00,-7.045787e-03,-2.132165e-03,5.446660e-03,2.430306e+00
3.103220e-03,2.528699e+00,-2.642094e+00,1.986955e+00,6.461921e-01,5.958032e-01,1.802221e-03,-2.783708e-03,-3.508088e-03,-3.153989e+00
6.469505e-04,-8.144305e-01,2.167566e+00,2.186727e+00,-1.847805e+00,2.939947e+00,8.086932e-03,4.131096e-03,1.664742e-03,1.386368e+00
-3.193529e+00,1.213345e+00,1.668916e+00,8.771826e-01,-2.255111e+00,-1.120188e+00,1.537187e+00,-9.480356e-01,-2.513937e-01,-1.351517e+00
3.023567e-03,6.453375e-01,-4.107570e-01,-7.029148e-01,-8.081410e-01,7.631579e-01,-3.446994e-04,3.798559e-04,4.366944e-03,-4.489821e+00
