-5.219430e-03,7.162685e-01,-1.390921e+00,-5.820449e-01,1.946413e+00,1.237301e+00,-5.033714e-03,-1.019880e-02,4.490815e-03,1.752121e+00
-1.311603e+00,-1.960939e+00,-4.074719e-01,9.778179e-03,-4.258634e-01,3.788602e-01,-3.911998e+00,3.313027e+00,1.087703e+00,7.114319e-01
6.060387e-04,1.606157e+00,-1.007868e+00,1.252711e+00,-9.682771e-02,-1.724868e-01,1.674299e-03,-4.258522e-03,2.236500e-04,6.471106e-01
4.580103e-04,-1.683867e+00,-2.553451e-01,1.198585e+00,-1.442254e+00,-7.917651e-01,4.031025e-03,-8.282750e-03,1.301759e-03,-7.688913e-01
4.333680e-03,2.775325e+00,-3.530581e+00,-2.512093e+00,-1.273371e+00,-6.782626e-01,2.200741e-03,8.153026e-04,-2.504125e-04,-7.351913e-01
-2.235136e-03,1.681065e+00,2.197249e+00,-1.871293e+00,-3.038204e-01,1.985203e+00,-2.401186e-03,2.322822e-03,3.345101e-03,1.128479e+00
1.346514e+00,9.092248e-01,-2.705272e+00,9.036942e-01,9.087583e-01,3.917893e-01,1.814203e+00,-1.471416e+00,-2.913749e+00,-6.679773e-01
-1.422557e+00,-3.084965e+00,4.325990e-01,-3.702990e+00,2.251613e+00,-9.122738e-01,-5.904371e-01,-3.037395e+00,-1.362599e+00,-4.292233e-01
1.712377e-03,1.142068e+00,-1.094645e+00,-7.565713e-01,-4.576874e-01,8.746969e-01,8.674807e-05,3.356286e-03,4.354328e-03,2.553248e+00
-4.575722e+00,-1.348734e+00,3.530432e-01,8.341384e-01,-4.305247e-01,-3.745406e+00,3.210724e-02,1.241120e+00,-3.965219e-01,1.836620e-01
2.956035e-01,-3.258865e+00,1.228657e+00,1.666452e+00,3.055840e-01,-2.943375e-01,-3.078328e-01,1.957958e+00,-3.159789e+00,1.320307e+00
-8.629100e-04,-1.343527e+00,-1.770055e-01,4.366325e+00,-6.871237e-02,4.862148e-01,-1.694261e-03,8.651245e-04,3.887253e-03,2.523196e+00
2.984738e-03,2.743450e+00,4.288337e-01,-5.638279e-01,1.222577e+00,-1.749786e+00,8.290190e-04,-2.670076e-04,-4.237157e-04,-1.038424e+00
2.279650e-02,-9.089687e-01,9.486587e-01,-4.224747e-01,1.343582e+00,-6.550073e-01,-1.390861e+00,-1.090378e+00,5.098476e+00,1.142840e+00
-2.703101e-03,9.198772e-01,-1.094914e+00,-7.824544e-01,-2.139185e+00,-8.063836e-03,8.364003e-04,2.511936e-03,1.310383e-03,8.247640e-01
1.057086e-03,-4.162899e-01,-2.376909e+00,-5.687760e-01,-5.757241e-01,-2.487949e+00,-7.747863e-04,3.437907e-03,3.622946e-03,3.375137e-01
1.335287e-03,2.816426e+00,3.891560e-02,-4.314486e-01,1.264686e+00,-1.108358e+00,1.186475e-03,1.359825e-02,-2.601574e-03,-1.245942e+00
-3.513328e-04,-3.664322e-01,4.420280e-01,1.769374e+00,-2.221046e+00,-3.313709e+00,2.700631e-03,-7.717106e-03,-1.809801e-03,-1.846777e+00
-3.191536e+00,-1.050944e+00,2.157396e+00,-1.154533e+00,7.470762e-01,-4.005327e+00,1.539555e+00,-9.499134e-01,-2.541973e-01,-2.833830e-01
-3.209766e-04,-1.074456e+00,-1.195122e+00,-9.460718e-01,2.360297e-01,-1.802314e+00,2.337382e-03,1.710143e-03,3.511860e-03,7.707117e-01
