-3.928882e-03,-1.711504e+00,-4.881462e-01,4.800960e-01,-1.381743e+00,-4.053616e-01,-7.436894e-03,-1.262269e-02,6.681316e-03,7.465111e-01
-1.310631e+00,-2.136929e+00,-1.480174e+00,5.675688e-01,1.548168e+00,-1.608234e+00,-3.908708e+00,3.318268e+00,1.072843e+00,1.541904e-02
-6.177907e-04,-1.495102e-01,9.536227e-01,-7.001745e-01,3.312405e+00,-3.060116e-01,4.242879e-04,-3.643717e-03,3.616609e-03,2.168098e+00
-7.409675e-04,1.230064e+00,1.241718e+00,8.337751e-01,-1.352475e-02,3.115930e-01,-3.405820e-04,-9.983071e-03,2.657036e-03,-1.465099e+00
1.900701e-03,2.440956e+00,3.875822e-02,-1.728624e-01,1.437283e+00,3.103444e+00,4.571532e-03,9.453517e-03,-7.676417e-03,-2.854664e+00
-1.014233e-03,-1.444329e-01,1.349783e+00,-5.847557e-01,1.843090e+00,-2.320379e+00,-4.862056e-03,-7.512202e-03,-2.880582e-03,-2.216076e-01
1.348411e+00,1.719776e+00,-2.349908e+00,-1.151778e+00,9.895753e-01,2.295162e+00,1.815816e+00,-1.465029e+00,-2.911226e+00,-1.068282e+00
-1.418299e+00,-2.792056e+00,-2.068151e+00,5.276006e-01,1.849923e+00,-4.759081e+00,-5.893015e-01,-3.042960e+00,-1.360915e+00,1.253529e+00
-1.441641e-03,-5.170102e-01,1.089964e+00,1.492241e+00,2.502205e-01,-3.026294e+00,-1.568930e-03,1.042705e-03,9.889925e-03,1.456277e+00
-4.575851e+00,2.341895e+00,-2.420340e+00,-2.017545e+00,1.509989e+00,3.327726e-01,3.113491e-02,1.231614e+00,-3.971113e-01,-1.733581e+00
2.976547e-01,-1.751817e+00,7.719225e-01,-1.186493e+00,8.608789e-01,4.755852e-01,-3.150769e-01,1.949605e+00,-3.166357e+00,-1.247923e+00
-2.420615e-03,-3.375682e-01,-1.035241e+00,1.252407e+00,-6.833781e-01,-4.680040e-01,-2.921417e-03,3.416265e-03,-1.840683e-03,-9.267448e-01
4.731959e-03,-1.317756e-01,-2.999479e+00,-1.046797e+00,4.220522e-01,1.497310e+00,7.532860e-04,-2.880841e-03,1.703071e-03,-2.996067e+00
1.974527e-02,-2.527601e+00,-1.491735e+00,3.835600e-01,-3.948288e-01,1.296720e+00,-1.396223e+00,-1.083240e+00,5.099640e+00,8.637262e-01
-1.877820e-03,8.151651e-01,-2.609972e-01,1.623275e+00,-8.612321e-01,-1.907638e+00,-8.626746e-04,-7.327397e-03,7.591042e-03,-1.210919e+00
-1.424375e-03,-3.016991e+00,1.424756e+00,-1.874574e+00,1.398579e+00,-2.318225e+00,-1.374380e-03,-3.183138e-03,1.664722e-03,2.258450e+00
2.697594e-04,-1.868984e-02,-6.899888e-01,-4.939151e-01,1.575673e+00,-2.246006e+00,-1.655492e-03,8.127200e-03,2.070155e-03,1.739325e+00
-1.472492e-03,2.465291e+00,1.177356e+00,-1.887342e+00,1.210623e+00,9.454495e-01,3.223263e-03,1.321614e-03,2.383266e-03,2.882643e+00
-3.192459e+00,-8.140406e-01,1.486103e+00,1.591438e+00,-7.287917e-02,6.657053e-01,1.536478e+00,-9.506772e-01,-2.621318e-01,-1.520477e+00
1.856474e-03,-1.319857e+00,-1.403414e-01,-3.050609e-01,-3.205047e-02,2.197211e+00,4.115872e-04,6.441243e-03,6.176815e-03,2.093081e-01
