-4.367836e-03,-6.117630e-01,8.966417e-01,-1.654156e+00,3.049618e-01,-3.222431e-01,-6.108280e-03,-1.316177e-03,-2.204636e-04,1.622060e+00
-1.310440e+00,3.952475e-01,-3.203808e+00,2.067602e-01,-2.278850e+00,6.692718e-01,-3.911251e+00,3.323944e+00,1.080846e+00,2.323605e+00
1.738867e-03,-2.147712e+00,3.347027e-01,4.137642e-01,1.130926e+00,1.946477e+00,4.173074e-03,-3.365359e-03,2.916278e-03,-1.496390e+00
-1.086115e-03,2.012414e+00,-2.473364e+00,-7.335381e-01,4.305426e+00,2.856998e+00,1.475474e-03,-9.239287e-03,1.480351e-03,1.919956e+00
3.739718e-03,9.983825e-02,-1.349616e+00,1.149477e+00,1.185952e+00,6.986494e-01,5.778697e-03,-2.320364e-03,-4.277495e-03,1.093932e+00
-3.959586e-03,-2.043781e+00,1.029472e-01,-9.722701e-01,-2.320933e+00,-2.738318e+00,-2.248561e-03,-5.099487e-03,1.142069e-03,2.124320e+00
1.348490e+00,1.247950e+00,4.132792e-01,1.034873e+00,-2.663535e+00,-9.542173e-03,1.812214e+00,-1.468629e+00,-2.900974e+00,-2.099936e+00
-1.423279e+00,1.961855e+00,-4.805143e-01,8.983505e-01,-1.318657e+00,-1.823028e-02,-5.919569e-01,-3.051143e+00,-1.358127e+00,-2.457571e+00
3.530316e-04,-1.050397e+00,-1.168199e-02,-2.937803e-01,4.801545e-01,-1.350463e+00,-1.394397e-03,8.048642e-04,6.524075e-03,1.580920e+00
-4.576230e+00,-4.400442e-01,5.230908e-02,-1.219566e+00,4.745620e-01,-3.019184e-01,3.278277e-02,1.247496e+00,-3.994168e-01,2.148943e+00
2.964647e-01,6.511539e-01,1.631931e+00,3.828639e-01,-1.735544e+00,-2.388238e+00,-3.074451e-01,1.946500e+00,-3.162310e+00,2.331972e+00
1.601164e-04,8.211804e-01,1.821219e+00,3.759771e-01,-4.631755e-01,-2.707927e-01,3.795688e-03,6.743413e-03,1.675445e-03,8.010293e-01
5.075621e-04,2.852291e-01,1.497749e-01,-3.975945e-01,3.598985e+00,1.613873e-01,3.522598e-03,-4.164694e-03,3.850491e-03,-2.052059e+00
2.035747e-02,3.918232e-01,3.410848e+00,1.682055e+00,2.070987e+00,2.666272e+00,-1.391969e+00,-1.100126e+00,5.101836e+00,-1.925891e+00
-1.815438e-03,1.019404e+00,2.496588e+00,-3.946756e-01,7.715907e-02,-5.046965e-01,-5.218018e-03,-1.634796e-03,1.954588e-03,6.789680e-01
1.768386e-04,-2.729857e-01,2.098084e+00,1.028198e+00,-7.233196e-01,-1.615334e+00,-5.407302e-03,4.102750e-03,-4.104143e-03,-6.436176e-01
2.994710e-03,-1.028755e-01,3.186782e+00,-7.406273e-01,2.403973e+00,9.803289e-01,1.336337e-03,-8.828095e-04,1.060773e-03,-1.563439e+00
-1.422056e-03,-1.080706e+00,-4.963696e-02,1.424587e+00,2.462728e+00,-6.216128e-01,1.467173e-03,-1.211188e-02,6.669663e-03,7.042268e-01
-3.194139e+00,-1.656666e+00,9.474792e-01,1.103823e+00,-4.748315e-01,-1.555424e-01,1.544143e+00,-9.412380e-01,-2.523351e-01,3.318188e+00
3.891077e-03,-2.404534e+00,-1.000176e+00,-1.757070e+00,-3.691763e+00,-3.828225e-01,9.889642e-04,-8.735074e-03,1.342307e-03,1.181877e+00
