-1.504027e-03,2.241055e+00,-2.882149e-01,-2.443939e+00,1.578910e+00,7.029494e-01,-3.574164e-03,-3.576139e-03,2.955357e-03,-8.560405e-01
-1.312036e+00,-1.685691e+00,-6.700795e-01,-1.584871e-01,5.257163e-01,9.921152e-01,-3.918998e+00,3.317239e+00,1.082747e+00,7.916361e-01
-7.874197e-04,-8.796920e-02,-2.705086e+00,-7.865336e-01,-1.237539e-01,5.080783e-01,-1.269139e-03,2.271562e-03,2.334348e-03,-3.097428e+00
-6.098155e-04,1.051145e+00,-1.720517e+00,1.002794e+00,6.161992e-01,9.656859e-01,-2.217471e-03,-3.460366e-03,-2.790432e-03,-1.832007e+00
4.380137e-03,1.373835e+00,-5.072517e-01,-6.576615e-02,1.335088e-01,-8.369078e-01,4.211647e-03,6.874133e-03,-1.990954e-03,-2.610578e+00
-6.577890e-03,2.037581e+00,1.919039e+00,-2.568338e+00,1.324931e+00,-1.861285e+00,-1.268937e-03,-7.433819e-03,2.741716e-03,-6.709951e-01
1.349606e+00,-7.149574e-01,1.382998e+00,2.490771e+00,-3.716624e+00,3.108740e+00,1.815277e+00,-1.469456e+00,-2.906229e+00,-1.854461e+00
-1.421619e+00,-2.036392e+00,1.035840e+00,2.587581e+00,1.390697e+00,-1.463667e+00,-5.891062e-01,-3.041636e+00,-1.362244e+00,7.460508e-01
-5.807437e-04,-2.053487e-01,-7.074944e-01,3.046443e-01,-1.395747e+00,2.185005e-01,-4.289814e-03,2.979594e-04,4.206957e-03,5.528460e-01
-4.578120e+00,-1.163321e+00,1.134731e+00,1.095988e+00,-2.333709e+00,2.164731e-01,2.887550e-02,1.241647e+00,-3.903741e-01,3.011661e+00
2.971221e-01,-4.771017e-01,1.142376e+00,3.240633e+00,1.615286e+00,1.343207e+00,-3.091183e-01,1.956598e+00,-3.167285e+00,-3.232693e-01
-3.926825e-03,-2.012927e+00,2.907963e+00,-1.003630e+00,-2.795728e+00,2.448217e+00,8.049304e-04,-7.197356e-03,2.846554e-03,-4.795231e-01
1.701308e-03,4.269199e-01,4.805389e-01,1.590209e+00,-3.130705e+00,-9.455387e-01,4.041984e-03,-2.568562e-03,3.173759e-03,8.906894e-01
2.040313e-02,2.435847e+00,4.938723e-01,2.391616e+00,2.365406e-01,-2.891514e+00,-1.394655e+00,-1.091787e+00,5.106672e+00,-1.379693e+00
-3.518194e-03,-3.479544e+00,8.031855e-01,-9.930759e-01,1.684708e+00,6.165510e-01,-1.682538e-03,-9.192634e-03,2.807889e-03,4.029513e-01
-8.913462e-04,-4.011125e+00,4.940765e-02,-1.378606e+00,-2.849211e+00,5.549358e-01,-2.415412e-03,6.748739e-03,-1.552461e-03,5.206680e-01
-2.119975e-05,8.340159e-01,1.838095e+00,1.577839e-01,1.853798e+00,-2.979008e-03,1.816466e-03,5.798803e-03,-1.056880e-02,-6.713036e-01
-1.665113e-03,3.870299e+00,2.141416e-01,8.747648e-01,-2.928808e-01,2.087189e+00,2.487313e-03,1.868205e-03,3.294130e-03,2.438096e+00
-3.193237e+00,4.675654e-01,8.475755e-01,-1.707320e+00,-6.033291e-01,-8.923211e-01,1.538447e+00,-9.426978e-01,-2.431525e-01,-2.013649e+00
1.188258e-04,7.166455e-02,-5.961611e-01,1.923081e+00,-1.829371e+00,-5.046813e-01,-4.292690e-04,4.418311e-03,6.618813e-03,-1.546362e+00
