-5.570858e-03,4.989666e-02,2.048499e+00,-4.593327e-01,-5.603157e-01,2.465830e-01,-1.186396e-03,1.742827e-03,-1.477957e-03,-2.073418e+00
-1.311401e+00,-8.787729e-01,-1.052878e+00,1.496724e+00,1.063334e+00,-9.517027e-01,-3.913622e+00,3.325785e+00,1.077214e+00,8.706746e-01
-1.582774e-04,-4.852963e-01,2.383036e+00,-2.846169e-01,7.208893e-01,-1.780549e+00,-9.517684e-04,5.962509e-03,-9.337664e-04,-3.863934e-01
6.867315e-04,-6.962099e-01,-3.967214e-01,1.752624e+00,7.819031e-01,-2.180681e+00,-4.090869e-03,-7.356224e-03,3.171419e-03,9.526733e-01
4.085879e-03,1.018218e+00,2.097396e+00,-1.129833e+00,1.615930e+00,1.112887e+00,6.159769e-04,-3.294837e-03,4.721302e-03,1.264490e+00
-1.896746e-03,6.056589e-01,-1.604240e+00,-1.370739e+00,7.139284e-01,5.029603e-01,-2.044212e-03,1.586382e-03,6.086910e-04,-2.858152e+00
1.342580e+00,7.646559e-02,-1.446409e+00,-4.171523e-01,-2.402435e-02,9.372606e-02,1.816089e+00,-1.455811e+00,-2.918962e+00,2.283126e+00
-1.423585e+00,1.385624e+00,-3.329598e+00,1.358806e-01,-1.413904e+00,1.675594e+00,-5.918534e-01,-3.048645e+00,-1.362820e+00,-3.178972e-01
-1.356173e-03,6.536781e-01,-4.749589e-01,-1.368420e+00,-2.390282e+00,-2.650397e+00,1.197683e-03,-4.121759e-03,-3.766666e-03,2.249086e+00
-4.576678e+00,-2.247338e-01,2.928013e+00,-2.271938e+00,-7.079795e-01,2.261865e+00,2.832047e-02,1.235113e+00,-3.839629e-01,-1.278684e+00
2.957564e-01,1.696838e+00,-1.617609e+00,-1.200784e+00,-1.103813e+00,7.570994e-01,-3.135182e-01,1.948821e+00,-3.162785e+00,-6.722147e-01
-1.773634e-03,3.181684e-02,-7.419324e-03,-2.223119e-01,-4.120376e+00,3.022440e+00,1.058987e-03,6.088724e-03,-6.849138e-03,-1.984240e+00
-5.359620e-04,-2.517680e+00,-6.124766e-01,-7.188513e-01,-4.508265e-01,7.679905e-01,3.754969e-03,2.548823e-03,2.093696e-03,1.466266e+00
2.260247e-02,-1.484339e+00,-1.182168e+00,7.468872e-01,-2.813298e+00,3.444317e-01,-1.389717e+00,-1.092709e+00,5.098988e+00,3.202239e-01
-2.969894e-03,2.292199e+00,-2.606372e+00,4.554455e-01,-1.940001e+00,5.778411e-01,-9.687619e-04,-2.212895e-03,-9.117842e-04,-1.277630e+00
4.867135e-04,-1.264847e+00,-6.453335e-03,-3.509063e+00,1.720498e-01,2.168479e+00,-3.438057e-03,-9.439135e-05,-9.418043e-03,-1.123367e+00
1.265904e-03,-2.264158e+00,-2.193559e+00,-3.941510e+00,1.608995e+00,-1.875376e-01,-1.908741e-03,1.922456e-03,-1.146104e-03,-8.205539e-01
-7.461289e-04,1.053454e+00,-1.712662e+00,1.467866e-02,5.462180e-01,1.497748e-01,7.485458e-04,-4.864184e-03,-2.559793e-03,2.078101e+00
-3.195881e+00,1.295001e-01,-7.110186e-01,-7.716089e-02,1.650465e+00,1.527309e-01,1.541759e+00,-9.465815e-01,-2.550444e-01,2.347114e+00
9.336389e-04,-2.824206e+00,-1.515012e+00,2.364492e-02,-2.777873e-01,1.069480e+00,-4.922455e-03,-1.168353e-03,5.776667e-03,3.563746e-01
