-1.682925e-03,-7.261625e-01,2.076232e-01,-2.805628e-01,-2.885894e+00,-2.794521e+00,-3.650594e-03,-1.731302e-03,1.300986e-02,2.478560e-02
-1.313931e+00,-1.396916e+00,-2.855321e-01,9.250399e-01,-1.635808e+00,2.257785e+00,-3.917691e+00,3.320281e+00,1.079239e+00,-2.903641e+00
-2.615171e-03,1.186145e+00,6.588540e-01,-2.890064e+00,-8.706840e-01,-1.108301e+00,2.894849e-03,-2.055595e-03,-3.870800e-04,5.211664e+00
-1.485430e-03,-4.027967e-01,1.053034e+00,-1.492420e-02,2.382373e+00,5.669694e-01,-3.232307e-03,1.714062e-03,-1.648711e-04,-1.213476e+00
7.185844e-03,5.197474e-03,-9.321723e-01,-3.305889e+00,6.326859e-02,-2.826648e+00,3.594051e-03,3.545570e-03,-1.284285e-03,-1.165085e+00
-1.985789e-03,1.575922e+00,-4.657138e-01,-2.383572e+00,3.403960e-01,-4.289027e+00,-6.404232e-03,-3.893427e-04,4.290471e-03,2.834359e+00
1.340620e+00,1.457926e+00,1.514355e+00,-1.743015e+00,6.407646e-01,-2.560484e+00,1.822210e+00,-1.455243e+00,-2.907014e+00,2.626122e+00
-1.419039e+00,-1.964145e-01,-1.314107e+00,1.603365e+00,1.224231e+00,-2.869964e+00,-5.928093e-01,-3.045417e+00,-1.359252e+00,-1.273739e+00
-6.228093e-04,-6.210376e-01,8.375313e-01,-3.504772e+00,-3.686047e-01,-2.071128e+00,1.423450e-03,-5.127920e-03,-1.770310e-03,1.169953e+00
-4.579783e+00,-3.604848e-01,2.016799e+00,6.119005e-01,3.925515e-01,-3.283064e+00,3.153911e-02,1.250544e+00,-3.910877e-01,-2.202769e-02
2.982248e-01,-4.509547e-02,-1.659568e+00,-1.791426e+00,-7.837562e-01,-2.134911e+00,-3.092811e-01,1.951688e+00,-3.165541e+00,-4.278667e-01
-2.332417e-03,-1.228978e+00,-8.161493e-01,1.746758e+00,-7.162873e-01,-1.258682e+00,3.340999e-03,-3.317767e-04,-1.357223e-03,2.719557e-03
2.134574e-04,5.688439e-01,-2.547428e+00,4.279989e-01,-2.425811e+00,1.986317e+00,6.035015e-04,5.599460e-03,-2.563916e-03,6.278791e-02
1.825025e-02,1.303396e+00,1.310524e+00,-5.772103e-01,4.662537e-01,-1.881260e+00,-1.388774e+00,-1.095153e+00,5.101158e+00,-1.953978e+00
-3.450621e-03,-8.292839e-01,-5.010512e-01,-1.130008e-01,2.469618e-01,3.921156e+00,-6.772625e-03,-1.336421e-02,2.876396e-03,-4.502036e-01
-1.155882e-03,1.015294e+00,-1.728319e+00,1.556257e+00,-8.341258e-01,1.394607e+00,-5.139887e-03,1.277010e-03,-9.230644e-04,-8.599103e-01
5.862486e-04,4.233845e-01,1.604179e+00,-2.975575e+00,-1.342931e+00,-1.922556e+00,5.164400e-03,4.110443e-03,-6.416301e-03,6.210375e-01
-1.816944e-03,9.027438e-01,-1.166697e+00,-2.365027e+00,-1.566310e+00,-1.046774e+00,1.111696e-04,-3.250053e-03,1.762269e-03,2.724220e-01
-3.194412e+00,6.970955e-01,-3.666715e-01,1.939109e+00,-1.262250e+00,-2.997050e+00,1.545144e+00,-9.491602e-01,-2.507849e-01,-6.176963e-01
8.402907e-04,-3.436166e+00,7.641180e-01,-1.115039e+00,-1.940486e+00,-1.234390e+00,-5.578753e-04,9.012452e-04,-2.781914e-03,1.886900e+00
