-2.698174e-03,-3.452924e-01,-2.593972e+00,3.408115e+00,-2.075838e+00,-1.072114e+00,-6.874462e-03,-1.615638e-02,8.700924e-03,2.025447e+00
-1.315691e+00,3.250095e-01,2.910654e-01,-1.377581e+00,-8.740394e-01,1.546158e+00,-3.912683e+00,3.310789e+00,1.074493e+00,-8.663952e-01
4.811478e-04,2.595854e+00,-6.035040e-01,-3.974688e+00,1.215767e+00,-5.118683e-01,-1.498248e-03,-8.334075e-03,-2.472332e-03,1.381104e+00
4.930501e-05,-8.964599e-01,9.019037e-01,-1.205497e+00,9.550044e-01,-5.883388e-01,1.835524e-03,3.215467e-03,6.450940e-03,8.562487e-01
2.800643e-03,1.541431e+00,5.349315e-01,-1.327993e+00,3.064868e-01,1.699157e+00,2.897616e-03,-5.439070e-03,-2.864068e-03,-3.540834e-01
-5.380102e-03,-1.078832e+00,1.462860e+00,-1.253888e+00,1.126730e+00,-2.994813e-01,-4.568195e-03,-5.480831e-03,7.794711e-04,1.003376e+00
1.350991e+00,-2.214915e+00,-7.319359e-01,-1.062443e+00,1.272268e+00,9.082713e-01,1.819759e+00,-1.457605e+00,-2.912332e+00,-3.553342e-01
-1.423738e+00,4.660196e-01,2.334280e+00,-1.918133e+00,3.138959e-01,1.406263e+00,-5.928937e-01,-3.040944e+00,-1.361181e+00,1.419132e+00
-1.657056e-03,2.157774e+00,7.053434e-01,-1.503268e+00,1.550353e+00,-4.632685e-01,3.150678e-03,4.040549e-04,-6.665238e-04,1.034122e+00
-4.574486e+00,2.291613e+00,-3.065844e+00,1.931355e+00,-3.094299e+00,-1.451491e+00,2.920059e-02,1.235573e+00,-4.056424e-01,1.920469e+00
2.939446e-01,2.414112e+00,4.026100e-01,2.502859e+00,-1.262633e+00,-1.840552e+00,-3.116240e-01,1.950839e+00,-3.166615e+00,4.826141e-01
7.941118e-04,1.451196e-01,-5.782536e-01,-3.594688e+00,2.476610e-01,-1.205981e+00,2.935307e-04,-3.777483e-03,9.528639e-04,5.344775e-01
1.107492e-04,1.616023e+00,6.834160e-01,5.701093e-02,3.354696e-01,1.250215e+00,-3.622176e-07,1.479473e-03,-7.962228e-04,-2.331065e+00
2.190943e-02,-8.297456e-02,1.103748e+00,-1.412377e-01,-4.504462e-01,6.530753e-01,-1.390591e+00,-1.096485e+00,5.099855e+00,-1.942391e-01
-3.837770e-03,1.736605e+00,1.940936e+00,-1.958550e+00,-5.608609e-01,-6.377818e-01,-3.145358e-03,-1.750340e-04,4.774746e-03,1.209805e-01
-2.203045e-03,-6.337449e-01,-1.935793e+00,-1.076698e+00,-1.853799e+00,1.118522e+00,-1.214663e-03,-1.081160e-02,-4.915993e-03,-1.296649e+00
-5.963148e-04,8.909169e-01,-2.277523e-01,1.372230e+00,4.906694e-01,2.312533e+00,1.050228e-04,1.835177e-04,-5.418104e-03,4.208357e+00
1.331804e-04,-1.637299e+00,1.595623e+00,2.621172e+00,-8.708994e-01,1.086229e+00,1.252516e-03,-1.942642e-04,-3.861633e-03,-3.879800e+00
-3.193114e+00,-6.931070e-01,2.349384e+00,-4.199580e-01,-2.077645e-01,3.104209e+00,1.544081e+00,-9.452717e-01,-2.546975e-01,-4.409795e-02
-4.957185e-05,1.168699e+00,1.329235e+00,4.213650e-01,-1.709801e+00,-2.793638e-01,2.706208e-03,3.816872e-03,5.199418e-03,5.023581e-02
