-3.770065e-03,3.509707e-01,-1.199873e-01,1.236254e+00,5.332137e-01,6.628955e-01,-2.529247e-03,-2.987066e-03,4.703334e-03,7.159794e-01
-1.313990e+00,4.045578e+00,1.251027e+00,-1.362132e+00,1.845653e+00,-2.137329e-01,-3.912577e+00,3.310034e+00,1.081396e+00,1.526389e+00
9.381779e-04,4.209492e-01,-1.617312e+00,-6.621332e-01,4.607918e+00,1.681734e+00,2.289784e-04,2.573500e-03,-7.214870e-04,-1.297714e+00
-9.496239e-04,-1.499859e+00,-1.141887e+00,-1.053033e+00,-3.416528e+00,1.144130e+00,-1.889348e-03,-4.804619e-03,-1.776427e-03,-3.513500e-01
4.578139e-03,-1.820737e+00,2.368274e+00,1.417125e+00,-2.937496e-01,-1.430178e-01,1.417145e-03,5.445271e-03,-4.210020e-03,-8.452292e-01
-3.024609e-03,7.956291e-01,8.156204e-01,4.536388e-01,8.002478e-01,-2.267265e-01,-4.459127e-04,-1.100360e-02,-1.810782e-03,7.905320e-01
1.346860e+00,-6.668261e-01,1.153458e+00,-6.232983e-01,-2.055808e+00,5.601586e-01,1.818444e+00,-1.461761e+00,-2.910720e+00,1.364166e+00
-1.420492e+00,2.671058e+00,-1.896735e+00,-6.754417e-01,6.078266e-01,-5.627876e-01,-5.868039e-01,-3.054208e+00,-1.361434e+00,-1.399035e+00
-2.988665e-03,-2.301254e+00,1.451508e+00,1.775685e-01,7.249068e-01,-1.882599e+00,1.007469e-03,8.124419e-03,1.817969e-03,1.732989e+00
-4.574373e+00,1.291459e+00,2.375809e+00,-1.613555e+00,-1.906023e+00,1.653506e+00,3.615408e-02,1.239800e+00,-4.006825e-01,-4.955713e-01
2.962258e-01,-8.760950e-01,3.105719e+00,-2.102263e+00,-5.286273e-01,1.968829e+00,-3.072883e-01,1.958876e+00,-3.161608e+00,-9.131393e-01
2.917324e-04,-7.997174e-01,1.571098e+00,-5.736818e-01,2.970353e+00,9.519313e-02,6.358425e-04,5.789597e-03,3.011010e-03,4.394901e+00
1.764699e-03,-9.984302e-01,3.339236e+00,1.944508e+00,-1.310702e+00,-4.544389e+00,-2.464667e-04,-3.327356e-03,5.653797e-03,-1.855286e+00
1.924615e-02,-4.216635e-03,-8.580152e-01,1.072320e+00,2.029528e-02,5.710520e-01,-1.392462e+00,-1.096059e+00,5.102319e+00,1.408557e-01
-2.632904e-03,2.944251e+00,-8.415070e-02,6.588322e-01,-7.629429e-01,-1.218487e+00,-5.507601e-03,-3.734752e-03,5.710906e-04,-3.049520e+00
-4.965727e-06,-5.223091e-01,3.069607e+00,1.819455e+00,6.150959e-02,-1.565787e+00,-1.724868e-03,4.022423e-04,-6.311209e-03,-3.288406e-01
-8.859402e-04,-2.872171e+00,1.047435e+00,2.630958e+00,1.166348e-01,5.350346e-01,3.075258e-04,-3.192585e-03,-8.705003e-04,9.650883e-01
-6.000163e-05,-1.514022e-01,2.647538e+00,3.689925e+00,-1.999284e+00,1.874546e+00,2.620100e-03,8.330710e-04,-2.775746e-03,-8.988388e-01
-3.195045e+00,2.257644e-01,1.217461e+00,-2.039528e+00,2.594524e-01,-1.984093e+00,1.543734e+00,-9.419651e-01,-2.516770e-01,-2.288561e+00
-5.582986e-04,-1.566634e+00,-1.077780e+00,-2.955663e+00,-4.104794e-01,-1.986418e-01,1.695744e-03,3.735271e-03,2.589359e-03,-1.263685e+00
