-2.329769e-03,-5.216616e-01,1.538822e+00,1.759696e+00,3.194532e+00,-1.707554e+00,-2.773942e-03,-4.755541e-03,7.220818e-03,-1.054799e+00
-1.312653e+00,-1.198464e+00,5.940229e-01,-2.234425e-01,-3.501412e+00,4.865132e-01,-3.912148e+00,3.318620e+00,1.075633e+00,2.244764e-01
-1.260413e-03,-4.550966e-01,-4.409295e-01,-1.847803e+00,-3.913853e-01,4.760429e-01,-3.822952e-03,-1.578134e-03,-1.909646e-03,4.043795e-01
-2.619005e-04,-2.294579e+00,2.041145e+00,-9.254670e-01,3.094462e-01,1.442662e+00,1.729706e-03,2.497946e-03,1.965383e-03,4.820843e-01
2.032459e-03,-1.247748e+00,-1.779170e-01,2.443905e+00,-6.413051e-02,-5.216021e-01,4.061918e-03,-2.903736e-03,-7.217352e-03,-2.533484e+00
-3.687940e-03,-5.436630e-01,-9.998572e-01,2.228055e+00,-1.201669e+00,-1.099783e+00,-7.994432e-04,-1.330738e-03,-4.522103e-03,1.528516e+00
1.345506e+00,-1.281228e+00,1.802735e+00,1.787242e+00,1.435927e+00,-2.140249e-01,1.822060e+00,-1.477172e+00,-2.917995e+00,-4.357133e-01
-1.421295e+00,9.185684e-01,1.928212e+00,1.242326e+00,-7.213155e-01,2.095267e+00,-5.941374e-01,-3.051797e+00,-1.359538e+00,-1.746198e+00
1.343978e-03,-2.942156e+00,1.972239e-01,4.405821e-01,-5.017092e-01,-1.442540e+00,6.180134e-04,3.614599e-03,9.303164e-04,-9.979048e-01
-4.576069e+00,-6.274450e-02,2.199202e+00,-3.457168e+00,-1.083388e-01,9.764118e-01,2.513843e-02,1.233710e+00,-3.940234e-01,3.586312e-01
2.937718e-01,5.519176e-01,-1.266986e+00,1.889703e+00,7.711269e-01,-1.366873e+00,-3.097490e-01,1.955303e+00,-3.165223e+00,1.232378e+00
-1.823083e-03,-6.825139e-01,2.225681e+00,-1.998690e+00,-1.096061e+00,1.149044e+00,-7.510333e-06,-5.190972e-03,-5.892559e-03,-4.289826e-01
-1.078992e-04,1.335756e+00,2.591342e-01,-1.828367e+00,-1.592533e+00,-1.500820e-01,3.817382e-04,-1.462539e-03,4.481271e-03,-1.270332e+00
2.406765e-02,7.867082e-01,7.446739e-01,-5.027805e-01,5.498539e-01,-2.197187e+00,-1.395211e+00,-1.087384e+00,5.096319e+00,7.134016e-01
-2.834949e-03,3.346593e+00,-3.393322e+00,3.216859e+00,1.362839e+00,1.458318e+00,-4.595493e-03,4.432467e-03,2.392619e-03,-7.347115e-01
8.671872e-04,-1.153642e-01,1.282318e+00,2.990914e+00,2.359718e+00,-6.901329e-01,-4.975579e-03,2.362120e-03,3.202292e-03,-1.014732e+00
-1.330110e-03,6.373291e-02,-9.746435e-01,-1.583876e+00,3.431248e+00,-5.026966e-01,-4.652290e-03,-7.872411e-03,5.863239e-03,1.101984e+00
9.456858e-04,-1.269663e+00,7.181273e-01,-1.027236e+00,-2.427033e+00,2.431111e+00,1.325286e-03,-6.687886e-03,2.144561e-03,-9.797956e-01
-3.193487e+00,-1.558129e+00,3.497427e-01,1.467397e-01,4.938995e-01,-3.469426e-01,1.537410e+00,-9.525953e-01,-2.543891e-01,5.350812e-01
1.471399e-03,6.639386e-01,9.375719e-01,1.329059e-01,-1.114218e+00,9.329191e-01,1.852607e-03,5.134875e-03,1.014781e-03,-2.016118e-01
