-3.081143e-03,1.247936e+00,4.709590e+00,-1.174868e+00,-3.754765e+00,-9.344077e-01,-3.134637e-03,-5.819859e-03,-7.205316e-04,-4.925074e-01
-1.314747e+00,-1.112624e+00,-1.219217e+00,-8.136871e-01,-2.059007e+00,5.723848e-01,-3.910318e+00,3.314911e+00,1.083531e+00,-2.459269e-01
8.764551e-04,2.557786e+00,8.076656e-01,-1.559315e-01,3.227560e-01,-9.500513e-01,1.859802e-03,-1.118027e-03,1.505662e-03,5.889654e-01
-1.957882e-03,-2.842649e+00,7.173665e-01,2.622870e+00,-3.217056e-01,3.476952e-01,-1.044378e-03,-4.538740e-03,-3.981617e-03,3.607327e-01
9.462591e-04,-8.231378e-01,1.003603e+00,-6.702694e-01,1.994155e+00,-2.598634e+00,4.321928e-03,4.572159e-03,2.943356e-04,-1.835884e+00
-4.059318e-03,-4.694206e-02,-1.597841e-02,2.423438e+00,1.677345e+00,-1.073745e+00,-2.992696e-03,-3.187884e-03,-1.424347e-03,2.516900e+00
1.348091e+00,2.932564e+00,-2.153204e+00,2.404251e-02,1.783579e+00,2.322341e-01,1.813448e+00,-1.454578e+00,-2.904864e+00,-2.841143e+00
-1.420251e+00,-1.743971e+00,3.661993e+00,6.298958e-01,4.868406e+00,8.663425e-01,-5.939431e-01,-3.050437e+00,-1.366718e+00,-1.683352e-01
-2.322215e-03,-4.122654e-01,-3.961686e+00,2.646309e+00,-1.594489e+00,1.250205e+00,5.617888e-03,-4.430039e-04,3.955283e-03,-2.699500e+00
-4.578295e+00,4.719654e-01,-7.678883e-01,1.406160e+00,1.551269e+00,-2.212850e-02,2.971467e-02,1.241263e+00,-4.012463e-01,-1.535884e+00
2.981568e-01,1.594351e-01,6.777963e-01,4.242808e+00,-6.212556e-01,3.079757e+00,-3.126056e-01,1.929479e+00,-3.160623e+00,2.612387e+00
-2.904386e-03,2.640773e+00,7.095243e-01,-8.801930e-01,-3.992267e-01,-1.944094e+00,-4.047893e-03,-1.352586e-02,-6.273968e-04,2.255930e+00
2.811485e-03,-2.271451e+00,1.006883e+00,-2.575081e-01,1.449159e+00,6.444589e-01,1.814208e-03,-9.496272e-05,-2.288821e-03,1.400875e+00
2.290646e-02,-8.067981e-01,3.390945e-01,6.500137e-01,2.276152e+00,-8.095080e-01,-1.391050e+00,-1.090806e+00,5.101984e+00,-3.178443e-01
-3.082465e-03,4.448665e-01,-9.343657e-01,-2.518903e+00,1.128669e+00,-1.878434e+00,-2.861687e-03,2.839382e-03,3.220663e-03,-1.917223e+00
-5.394177e-04,6.808580e-03,4.000358e+00,-1.285797e-01,-1.450500e+00,1.350158e+00,-4.071179e-03,7.831655e-04,2.127225e-03,7.605084e-01
4.434649e-04,1.280188e+00,-1.405715e+00,-5.456380e-02,-1.553685e-02,1.089290e+00,8.378584e-04,-5.656079e-03,2.423004e-03,-3.259456e-01
-1.269354e-03,-3.048020e-01,3.569401e+00,7.440715e-01,1.169392e+00,-2.808030e+00,3.003358e-03,-9.304770e-03,1.233099e-03,-1.687719e+00
-3.192675e+00,-1.990523e+00,-2.458286e+00,1.266171e+00,-2.013425e+00,1.053020e+00,1.542195e+00,-9.446042e-01,-2.569491e-01,-6.965157e-01
2.080151e-03,-2.047891e+00,4.283605e+00,-1.305397e+00,-1.641036e-01,-2.380882e+00,4.087081e-03,1.010958e-02,1.189241e-03,8.698585e-01
