-2.901930e-03,1.348828e-01,1.689730e+00,-1.808497e+00,-5.961252e-01,-1.452985e+00,-1.430685e-03,-1.248396e-02,5.984746e-03,5.652881e-01
-1.314439e+00,-2.387159e+00,1.010088e-01,2.362098e+00,-9.838237e-01,1.919314e+00,-3.914066e+00,3.321455e+00,1.086981e+00,5.674981e-01
-1.022399e-03,-1.164890e+00,4.201902e+00,3.607941e-01,-6.608986e-01,-2.603282e+00,8.208583e-04,-1.411331e-03,2.631355e-03,7.982694e-01
-2.105472e-03,3.402911e+00,1.105527e+00,1.878613e+00,1.154162e+00,2.034235e+00,-7.287136e-04,-9.061627e-03,-5.573065e-03,2.228712e-01
1.480337e-03,-1.511738e+00,-2.355025e+00,1.497677e+00,-1.384022e+00,-9.222591e-01,6.692318e-03,7.045915e-03,-3.793751e-03,9.644480e-02
-3.165026e-03,-1.139664e+00,3.237532e+00,1.552026e-01,-4.156579e+00,1.334389e+00,3.093424e-03,-4.340836e-03,-2.701260e-04,1.820567e+00
1.350117e+00,-2.386456e-01,2.112241e+00,-2.585148e-01,-1.695790e+00,-8.667114e-01,1.816957e+00,-1.463031e+00,-2.909400e+00,-1.428136e+00
-1.421722e+00,1.077385e+00,1.400865e-01,-2.318062e-01,-6.339420e-01,-1.827260e-01,-5.970416e-01,-3.046511e+00,-1.357706e+00,-5.741789e-01
-4.007490e-03,7.452622e-01,1.965650e+00,-3.109321e+00,3.238747e-01,-2.100906e-01,2.290316e-04,5.295610e-03,1.448497e-03,-1.601757e+00
-4.577881e+00,-1.512974e+00,-1.528356e+00,-8.265834e-02,-1.747570e+00,6.100097e-01,3.240206e-02,1.242036e+00,-3.943322e-01,-1.170421e+00
2.974649e-01,-1.288753e+00,-1.955147e-01,1.143951e+00,1.442131e-02,-1.153740e+00,-3.124735e-01,1.944987e+00,-3.167788e+00,-1.407536e+00
-2.378911e-03,4.898108e-01,-1.396128e+00,1.538074e-01,-1.476286e+00,1.553205e+00,-1.003002e-03,2.758794e-04,-9.202395e-03,1.225576e+00
2.295901e-03,-1.489817e+00,-1.875787e+00,-2.421106e+00,2.150588e-01,7.134577e-02,3.144855e-03,6.539916e-03,5.952841e-04,-1.117276e+00
2.095861e-02,2.733661e+00,-1.437207e-02,-2.336003e+00,-9.997010e-01,-1.253721e+00,-1.392101e+00,-1.100812e+00,5.104854e+00,3.292418e+00
-2.541321e-03,-1.602512e-01,1.485920e+00,1.364769e+00,3.397332e+00,2.296407e+00,-4.830626e-03,-7.856734e-03,-5.298543e-03,-1.049204e+00
1.281209e-03,-6.686866e-01,-6.187924e-02,1.532748e+00,-1.578307e+00,-1.820135e+00,-1.861356e-03,-6.590367e-03,-4.644893e-04,-2.560222e-01
-2.166491e-03,1.008547e+00,1.403484e+00,1.767926e+00,1.006809e+00,-2.694337e+00,4.629061e-03,3.330674e-03,-2.091099e-04,5.433987e-01
-3.181492e-03,5.444534e-01,-1.313988e+00,1.439166e+00,-1.133313e+00,3.665450e-01,2.213761e-04,5.442194e-04,1.324649e-04,1.254388e+00
-3.193152e+00,-2.763426e+00,1.123622e+00,-7.257663e-01,1.874765e+00,-1.906182e-01,1.540888e+00,-9.519050e-01,-2.457060e-01,8.746518e-01
2.701881e-03,3.682246e+00,1.899238e-01,3.926274e+00,-2.968356e+00,-2.596950e+00,3.328696e-04,-3.706683e-03,8.300459e-03,-1.380231e+00
