-5.925300e-03,8.183924e-01,-1.495807e+00,8.955340e-01,5.920284e-01,-5.964921e-01,-4.439987e-03,-9.280664e-03,-2.549678e-04,2.352204e+00
-1.313035e+00,-3.899888e+00,1.321964e+00,-5.137350e-01,3.613433e+00,1.765166e+00,-3.906916e+00,3.324186e+00,1.084232e+00,2.837161e+00
1.031153e-03,1.299335e+00,1.506405e+00,2.693881e+00,-3.040354e+00,-1.602248e+00,-2.486428e-05,4.815826e-03,-3.543208e-03,2.623104e-01
1.498483e-03,9.753218e-01,-2.247047e+00,9.950307e-01,-4.984424e-01,1.104130e+00,2.276721e-03,-7.476065e-03,3.925831e-03,6.194743e-01
2.763503e-03,-2.690404e+00,-1.799926e+00,-3.267229e-01,8.676913e-01,-2.248419e+00,4.505373e-03,1.885207e-03,-2.478780e-03,2.255750e+00
-1.760451e-03,-8.871595e-01,-3.977196e-01,-3.387292e+00,1.196353e+00,-2.586581e+00,8.652461e-04,4.073436e-03,1.337146e-03,1.217446e+00
1.351339e+00,-1.645656e+00,2.985175e+00,-3.001678e+00,-8.139604e-01,-9.242256e-01,1.813106e+00,-1.443809e+00,-2.924815e+00,2.817301e+00
-1.416726e+00,-1.206791e+00,6.823847e-01,2.253543e-02,6.756814e-01,8.275573e-01,-5.911825e-01,-3.045794e+00,-1.359940e+00,1.304556e-01
-2.435961e-03,1.071272e+00,-2.573084e+00,-1.147720e+00,-1.196727e+00,1.100749e+00,-3.844082e-03,-1.258634e-03,1.231483e-03,3.806656e-01
-4.577581e+00,-9.463842e-01,9.276641e-01,1.489376e+00,-2.039807e+00,8.403506e-01,3.582938e-02,1.240741e+00,-3.991509e-01,1.675089e+00
2.953960e-01,3.768171e+00,2.401055e+00,-2.959822e+00,-1.353000e+00,-1.570808e+00,-3.155631e-01,1.952020e+00,-3.164617e+00,1.064613e-01
-5.968697e-04,-1.393465e-01,-1.531025e+00,-7.188848e-01,2.492020e+00,-1.748222e-01,1.574409e-04,-9.065636e-04,2.441590e-03,-1.743862e+00
1.861676e-03,-2.677705e+00,-2.451946e+00,-1.572136e+00,-2.082797e-01,7.054265e-01,9.911315e-04,8.379918e-03,4.227653e-03,-2.680321e+00
2.056911e-02,-1.377137e-01,2.244819e+00,-1.763566e+00,-1.149482e+00,4.769771e-01,-1.389694e+00,-1.084322e+00,5.105879e+00,1.908948e+00
-3.152900e-03,-1.406420e+00,4.951624e-01,4.822157e-01,3.965375e-01,1.091719e-01,2.128230e-03,-8.371628e-04,4.547500e-03,1.414981e+00
-2.742705e-04,-9.337219e-01,-6.218930e-01,2.311492e+00,1.930325e+00,7.023666e-01,-4.622849e-03,3.001963e-03,-2.398185e-03,1.342389e+00
-1.843261e-03,-1.645333e+00,-1.456625e+00,1.537387e+00,1.747258e-01,-1.602363e+00,3.716244e-03,7.522102e-04,1.766324e-03,-4.109692e-01
-2.272175e-04,9.789820e-01,-2.404969e-01,-8.972660e-01,-4.938995e-01,2.810414e+00,-1.421332e-03,2.268833e-03,-3.983735e-04,8.445171e-01
-3.191896e+00,1.680559e+00,2.676747e+00,-1.453078e+00,2.132946e+00,-4.755423e-02,1.543612e+00,-9.403316e-01,-2.480980e-01,1.504781e+00
2.216264e-03,-1.171783e+00,3.051995e+00,-5.598123e-01,4.856722e-01,1.737753e+00,-8.371971e-04,-1.617424e-02,5.466600e-03,-2.242560e+00
