-3.453165e-03,-1.095926e-01,-1.945351e+00,3.146720e-01,1.087713e+00,5.020001e-01,2.465717e-03,8.581598e-03,-6.791496e-03,-9.411450e-01
-1.313415e+00,1.754709e+00,1.042746e+00,3.208222e-01,2.245903e+00,1.751440e+00,-3.910989e+00,3.319550e+00,1.078039e+00,2.544919e-01
-1.766751e-03,3.112825e+00,-2.607627e-01,-2.027433e+00,1.554372e+00,9.886727e-01,7.020629e-04,-6.432652e-03,-7.540540e-03,8.646602e-01
1.284428e-04,2.277829e+00,-7.866141e-01,8.074911e-01,1.723021e-02,-9.316051e-01,2.481249e-03,-2.434716e-03,1.018961e-03,-6.118509e-01
1.165064e-03,-1.059126e+00,-2.526642e-01,9.264783e-01,-1.096167e+00,2.765155e+00,5.592816e-03,5.233860e-03,3.206121e-03,-1.010764e+00
-2.726309e-03,4.148110e-01,-1.201099e+00,-8.861021e-01,-1.084284e+00,7.578216e-01,-3.454857e-03,-6.726606e-03,2.490917e-03,-1.317064e+00
1.346801e+00,2.797587e+00,-1.011882e+00,1.362034e+00,-6.178200e-01,-1.106366e-01,1.824032e+00,-1.458617e+00,-2.909857e+00,1.293312e-01
-1.423419e+00,2.891963e+00,5.461875e-01,2.974157e+00,-1.917538e+00,-1.054851e+00,-5.907219e-01,-3.041798e+00,-1.363899e+00,3.185202e-01
1.434264e-04,-1.544929e+00,1.643234e+00,-7.004701e-01,-5.804204e-01,-6.262132e-02,-6.040602e-04,-4.358399e-03,-6.073246e-03,3.167198e-01
-4.575128e+00,8.099882e-01,8.458736e-01,-1.499131e+00,-4.628967e-01,3.404623e+00,3.435295e-02,1.232853e+00,-3.880511e-01,-4.073831e-01
2.952014e-01,8.968652e-01,-6.798903e-02,5.537378e-01,-2.620147e+00,3.877949e-01,-3.068399e-01,1.954173e+00,-3.155479e+00,-1.004614e+00
-3.285141e-04,-9.495786e-01,1.657106e+00,-2.914552e-01,-2.236032e+00,-1.062487e+00,-6.381998e-04,-3.036949e-03,-2.358795e-03,-1.065592e+00
-7.812207e-04,6.389206e-01,2.409890e+00,-1.292939e+00,2.309592e+00,-1.621259e+00,1.208251e-03,1.189780e-03,-9.003770e-04,-2.772076e-01
2.003080e-02,1.134715e-01,-2.577283e+00,-2.864478e+00,-2.130467e+00,-2.560343e+00,-1.386727e+00,-1.097543e+00,5.102131e+00,-1.242454e+00
-3.262875e-03,-1.621061e+00,-7.619750e-01,-1.470295e+00,-3.031702e+00,8.583315e-01,-2.064294e-03,-5.547877e-03,6.989806e-03,1.880580e-01
-6.333630e-05,-1.089629e+00,4.368227e-01,3.810917e-01,2.118675e+00,-1.070738e+00,4.317533e-05,2.817313e-03,-2.629649e-03,4.256066e+00
-2.469284e-03,2.259553e+00,-1.673355e+00,-9.990664e-01,-2.517039e+00,-3.494706e+00,2.869334e-03,1.429333e-03,3.323235e-03,-3.417410e+00
5.360647e-04,-1.155826e+00,6.184859e-01,-1.830192e+00,-1.379159e+00,-2.520042e-01,-3.830422e-04,3.125410e-03,-9.274559e-04,-3.063739e+00
-3.193952e+00,1.383437e+00,-8.637533e-01,-5.357235e-01,-3.099206e+00,-1.287341e+00,1.541976e+00,-9.414136e-01,-2.485140e-01,-1.421635e+00
1.245048e-03,-2.572267e-01,-1.354930e+00,1.337772e+00,-1.509431e+00,5.229070e-01,2.606122e-03,-2.022074e-03,3.802617e-03,2.754395e-01
