-5.419803e-03,-1.034598e+00,-5.429939e-01,6.025245e-01,7.258811e-01,-1.188284e-01,-2.723578e-04,-1.450033e-03,1.872031e-04,-3.106786e-01
-1.314907e+00,1.829783e+00,-5.009083e+00,3.133404e+00,-1.744450e+00,-1.168796e+00,-3.914399e+00,3.322612e+00,1.081961e+00,-1.676572e+00
3.673012e-03,3.756460e+00,1.580305e+00,3.228574e+00,-1.646729e+00,-1.370494e+00,2.140762e-03,1.695224e-03,-5.802779e-04,-9.159623e-01
-4.330986e-04,-9.703108e-01,-5.544479e-01,2.456251e+00,-6.916438e-01,1.468050e+00,-4.766562e-04,-2.146946e-03,-5.935670e-03,1.637194e+00
3.077412e-03,-1.326919e+00,-1.533279e+00,-2.252058e-01,3.720277e-01,-2.218572e-01,2.063457e-03,3.734885e-03,-2.902625e-03,-2.160564e+00
1.107260e-04,2.852012e+00,-1.131004e+00,-1.127558e+00,-7.700907e-01,1.581692e+00,-5.259895e-03,-5.425076e-03,2.204611e-03,1.915851e-01
1.345927e+00,2.673593e-01,5.301577e-01,2.059805e+00,6.810385e-01,4.713929e-01,1.821097e+00,-1.466483e+00,-2.916075e+00,4.395921e-02
-1.421447e+00,6.103891e-01,-2.517367e+00,-1.874884e-01,1.176205e+00,-6.969288e-01,-5.879303e-01,-3.052182e+00,-1.358926e+00,2.658923e-02
-1.590438e-03,-7.544068e-01,-8.547121e-01,1.438143e+00,-2.009204e+00,-1.073040e+00,-1.894905e-04,-9.604368e-03,4.904525e-03,8.506889e-01
-4.573540e+00,3.022852e+00,1.048347e+00,-1.893555e+00,6.841930e-01,1.947845e+00,3.449469e-02,1.248279e+00,-3.984689e-01,5.450641e-01
2.931447e-01,-5.555005e-01,-2.290768e+00,4.941994e-01,5.739345e-01,1.464274e+00,-3.175331e-01,1.944404e+00,-3.161863e+00,6.427155e-01
-1.548009e-03,1.530472e+00,-3.168106e+00,4.409331e-01,6.068777e-01,1.522450e+00,-6.191827e-04,-9.747668e-05,-4.007621e-03,3.854859e-01
1.315993e-03,1.101985e+00,1.087521e+00,1.833888e+00,-3.124164e-02,-5.504064e-01,4.593553e-03,-1.127486e-02,3.445957e-03,-4.476539e+00
1.854173e-02,1.453399e+00,-1.587261e+00,1.389638e-01,-1.343712e+00,-5.709511e-01,-1.389874e+00,-1.093269e+00,5.103085e+00,-6.601462e-01
-4.385473e-03,-2.369803e+00,1.384145e+00,2.982178e-01,-1.428558e+00,1.085675e+00,-3.452328e-03,-6.445154e-03,-2.123211e-03,9.451605e-01
-1.973594e-04,-1.361234e+00,1.046646e+00,2.757244e+00,-3.930723e-01,-3.477357e-01,-3.870668e-03,7.965066e-03,2.490831e-03,1.578242e+00
3.830720e-04,-3.851460e+00,4.164672e-01,-2.845948e-01,-1.634972e-01,6.942189e-01,-6.419314e-05,7.737691e-03,-1.966602e-03,-2.296793e-01
-6.790341e-04,1.303317e+00,-4.091038e+00,1.893144e+00,-1.674944e+00,8.814667e-01,2.039656e-03,-2.048826e-03,1.996666e-03,1.416781e+00
-3.196512e+00,-2.188859e+00,-3.503258e-02,-2.847570e+00,1.054146e+00,-1.052041e+00,1.539632e+00,-9.374925e-01,-2.584480e-01,1.748234e+00
-8.761906e-05,2.998754e+00,1.172642e+00,6.151230e-01,4.054583e+00,-3.675878e-01,-2.779824e-03,-5.022663e-03,3.325327e-03,-1.807309e+00
