-3.615596e-03,6.373151e-01,-8.606174e-01,7.150694e-02,-2.792344e+00,-2.224151e+00,8.284752e-04,-6.850628e-03,4.084652e-03,-5.184578e-01
-1.309859e+00,-4.001791e-01,1.491700e+00,-1.043258e+00,2.021225e+00,3.502974e+00,-3.912206e+00,3.318902e+00,1.079921e+00,1.706373e+00
-7.022824e-04,-2.021390e+00,-8.612421e-01,7.335332e-02,-1.274165e+00,-1.899524e-02,-1.468293e-03,3.413256e-03,7.920361e-04,-1.195044e+00
2.597968e-04,4.214872e-01,-3.540335e-01,-5.633133e-01,-1.802219e+00,-1.285962e-01,-3.305147e-03,1.622551e-03,-4.297381e-03,2.288715e+00
5.395812e-03,1.868725e+00,-2.006669e+00,1.858627e+00,1.038086e+00,2.945490e-01,5.091021e-03,7.994472e-03,1.411096e-03,2.906136e+00
-2.141544e-03,-3.253400e-01,-5.553167e+00,-7.453517e-02,-2.538026e+00,2.190828e+00,-1.824659e-03,7.610035e-04,1.994837e-03,-4.261204e-02
1.344919e+00,1.328329e+00,9.208461e-05,3.564867e-01,3.583310e+00,1.024651e+00,1.814935e+00,-1.446494e+00,-2.904459e+00,-1.567041e+00
-1.419892e+00,2.072523e-01,-9.156234e-01,-1.488554e+00,1.061693e+00,-2.087451e+00,-5.902555e-01,-3.048244e+00,-1.360436e+00,2.532574e+00
-1.149197e-03,2.021529e-01,-2.061064e+00,-2.186993e+00,-2.923990e-01,-3.570544e-01,-7.896936e-04,6.167844e-03,8.402517e-04,-3.788234e-01
-4.576611e+00,1.395370e+00,-1.154407e+00,1.759744e+00,-1.252826e+00,-1.930723e+00,2.741084e-02,1.238634e+00,-3.893518e-01,4.993618e-02
2.979609e-01,-2.715581e+00,-6.192298e-02,-1.498196e+00,3.592705e+00,9.004441e-01,-3.110231e-01,1.941467e+00,-3.165901e+00,2.180090e+00
-3.608777e-03,-2.619328e-01,1.979985e+00,-3.363645e-01,1.745942e+00,-1.665502e+00,-7.398376e-04,-4.663668e-03,-5.733294e-03,-2.207415e-01
3.059775e-03,3.735391e+00,1.204290e+00,2.292456e+00,9.010528e-01,1.580483e+00,2.316781e-03,4.357108e-04,1.327889e-03,-1.482052e+00
2.112916e-02,8.690567e-01,-2.008952e+00,-7.135997e-01,7.469582e-01,3.429724e+00,-1.395399e+00,-1.087763e+00,5.101204e+00,-3.678354e+00
-3.627767e-03,1.371683e+00,-6.276358e-01,1.115977e+00,2.257954e+00,3.265306e-01,1.365271e-03,2.257905e-03,3.031062e-03,-2.263231e+00
-1.787469e-03,1.311125e+00,1.127428e+00,2.564975e+00,3.700643e-01,-7.813708e-01,-1.945447e-04,-1.045616e-03,5.434565e-04,-1.378531e+00
-9.336455e-04,2.098283e+00,-1.606180e+00,7.184828e-02,2.494610e-01,-8.127380e-01,2.310679e-03,6.549536e-03,-1.350261e-03,7.126704e-02
-1.055707e-03,8.222543e-01,2.543436e+00,1.174977e+00,-1.240506e+00,-1.171745e-01,3.444183e-03,-6.095565e-03,1.034089e-03,-1.500243e+00
-3.190461e+00,-9.486775e-01,-1.484157e+00,-4.935439e-01,2.124749e-01,1.235280e+00,1.544527e+00,-9.488184e-01,-2.477974e-01,3.471496e+00
4.552167e-04,2.632846e+00,6.232215e-01,4.585080e-01,2.469847e+00,8.634577e-02,3.409002e-03,-1.066213e-02,3.203887e-03,6.550713e-02
