-4.188498e-03,-1.960797e-01,1.317824e+00,1.057543e+00,8.508310e-02,-1.097464e+00,-4.059512e-03,1.021689e-03,1.873223e-03,3.967459e+00
-1.313120e+00,-2.376363e-01,-1.710818e+00,2.151693e+00,2.386130e+00,-2.036989e+00,-3.914801e+00,3.321644e+00,1.067691e+00,1.087978e+00
-4.788910e-04,6.450123e-01,-1.225133e+00,-1.639761e+00,-1.334736e+00,2.542036e-01,-1.470992e-04,-2.673890e-03,4.245376e-03,1.576089e+00
-5.037669e-04,-2.573764e+00,-8.688558e-02,4.868766e-01,3.496097e-01,6.091584e-01,-1.264404e-03,-6.173134e-03,3.181439e-04,-4.254435e-01
4.755558e-03,-3.359135e+00,1.182156e+00,1.124916e+00,7.345791e-01,9.985429e-01,4.750893e-03,1.262648e-03,2.058162e-03,-2.646609e-01
-4.333541e-03,-2.633052e+00,-1.306822e-01,-4.548727e-02,3.094929e-01,1.410779e+00,-7.533272e-03,-5.534031e-04,8.141090e-04,-3.887107e-01
1.356768e+00,2.361098e+00,-3.296565e+00,-7.454868e-01,2.314372e+00,1.171608e+00,1.818690e+00,-1.451920e+00,-2.928185e+00,-6.001588e-01
-1.422359e+00,-5.302823e-01,-4.025179e-01,-6.177304e-01,9.497725e-01,-7.664885e-01,-5.933518e-01,-3.036948e+00,-1.365653e+00,2.445599e+00
-1.828761e-03,-2.773249e-01,-1.381341e-01,-2.431340e+00,2.265296e+00,-8.361345e-01,2.332831e-03,4.889871e-03,-2.104808e-03,9.567973e-01
-4.575385e+00,-2.142669e+00,-8.687251e-01,-3.226321e+00,1.234407e+00,2.942098e+00,3.360478e-02,1.237118e+00,-3.949839e-01,1.037779e+00
2.928765e-01,1.272895e+00,8.684854e-01,1.200474e+00,1.111345e+00,-1.256492e+00,-3.082847e-01,1.938885e+00,-3.170023e+00,-5.529321e-01
-1.069485e-03,9.036663e-03,-2.561747e+00,7.210251e-01,-1.871358e+00,3.027235e-01,-1.780013e-03,5.288836e-03,1.514564e-04,3.170670e-01
-1.556936e-03,1.118817e+00,2.800040e+00,-3.390744e-01,1.666661e+00,-3.042678e-01,-1.266048e-03,-6.245993e-03,-4.750163e-03,3.803224e-01
2.139181e-02,1.107371e+00,-2.970255e+00,3.056138e+00,1.692678e+00,1.150291e+00,-1.393497e+00,-1.091192e+00,5.103537e+00,-1.730351e+00
-2.751595e-03,1.095841e-01,-8.417274e-01,-2.382042e+00,1.488630e+00,-2.614811e-01,-2.521563e-03,-2.325036e-03,2.092879e-03,-5.353922e-01
-3.194623e-03,2.542045e+00,-1.337349e+00,-7.243449e-01,5.220394e-01,-3.715874e+00,-1.151347e-04,-9.702139e-03,9.284601e-03,-1.988605e+00
-4.549204e-04,1.505509e+00,1.903642e+00,-6.557616e-01,2.806060e+00,2.677256e+00,6.819973e-04,9.398874e-03,-4.674457e-03,1.505944e+00
-1.397062e-04,1.118087e+00,1.991992e+00,1.247236e+00,-3.670216e-01,-2.283634e+00,1.862144e-03,2.001302e-03,5.047047e-03,-2.286110e+00
-3.192965e+00,5.488336e-01,1.382797e+00,-1.289162e+00,-1.696773e+00,-1.895866e+00,1.541314e+00,-9.393840e-01,-2.558144e-01,-1.205981e+00
4.127186e-03,-5.334926e-01,-2.788322e-01,1.590817e+00,1.732098e+00,2.324031e+00,1.529471e-04,-6.989679e-03,-1.965973e-04,-9.534951e-02
