-2.473938e-03,1.107401e+00,-9.832277e-01,5.320930e-01,-6.920999e-01,-1.333955e+00,-3.237911e-03,-3.372339e-03,3.842389e-03,-2.424667e+00
-1.311771e+00,4.526070e-01,-1.888912e+00,4.196235e-01,9.221224e-01,-1.521634e+00,-3.909192e+00,3.315385e+00,1.080952e+00,-1.003435e+00
-2.432013e-04,-8.640333e-01,-1.754689e+00,-2.279879e-01,-5.216465e-01,1.249178e+00,-3.123449e-03,-1.880659e-03,1.831238e-03,-1.906304e+00
1.260375e-03,-3.751952e+00,-1.386153e+00,-5.369985e-01,-1.601046e+00,-1.413084e+00,-8.874894e-04,-6.521536e-03,1.651659e-03,-3.718371e+00
4.900249e-03,4.359299e-01,7.932153e-01,-2.119279e+00,-1.168784e+00,1.346622e+00,3.466808e-03,2.348562e-04,1.662402e-03,2.294304e+00
-2.857650e-03,-1.851716e+00,-3.224401e+00,1.999431e+00,-3.638454e-01,-7.829679e-02,-4.470160e-03,-1.085018e-03,1.632484e-03,5.083462e-01
1.352023e+00,-2.559849e+00,1.997677e+00,1.903824e+00,-4.144086e-01,-1.457716e+00,1.820079e+00,-1.450806e+00,-2.903520e+00,1.192182e+00
-1.422705e+00,-3.917965e-01,8.216424e-01,4.472784e+00,-3.049408e-01,3.825041e+00,-5.952305e-01,-3.056228e+00,-1.365628e+00,4.600926e-01
-1.535582e-04,4.709950e-01,-1.631196e+00,-1.797061e+00,-1.470146e+00,2.033945e+00,-3.481236e-04,-6.156948e-03,3.211997e-03,-5.456732e-01
-4.578714e+00,-4.287976e+00,-1.434564e-01,2.371456e-01,-7.944570e-01,1.041148e+00,2.865696e-02,1.221258e+00,-3.891409e-01,-3.218167e+00
2.948132e-01,2.261401e+00,-4.719663e-01,-1.524967e-01,1.703032e+00,-6.384694e-01,-3.108980e-01,1.951455e+00,-3.161123e+00,3.925447e+00
-1.810311e-04,-2.836873e+00,3.667986e-01,1.901276e-01,1.993041e+00,9.952914e-01,-3.320004e-03,4.199151e-03,6.429978e-04,-2.308823e+00
7.543554e-04,-1.964534e+00,-4.875306e+00,-2.483146e+00,4.520665e-01,-1.221288e+00,1.263034e-03,-7.434613e-04,-4.120898e-03,-1.717972e+00
2.205231e-02,-4.099013e-01,1.741360e+00,-3.455370e+00,-8.053930e-01,2.182478e-01,-1.393431e+00,-1.090463e+00,5.099513e+00,-2.904522e+00
-8.485558e-04,4.982301e-01,3.498890e+00,1.015248e-01,-6.247770e-01,9.078973e-01,4.001915e-04,9.600226e-04,5.991026e-03,2.663701e+00
-2.088860e-03,1.473665e+00,-3.174766e+00,2.053713e+00,-1.038847e+00,-1.399767e+00,-8.917059e-04,6.351153e-04,9.571563e-04,3.832053e-01
-1.392341e-03,-5.489716e-01,5.194589e-02,-2.152660e+00,-3.435525e+00,1.596092e-01,-7.707924e-04,8.801922e-03,5.472435e-04,-4.953977e-02
-2.406613e-03,3.994538e-01,-3.017563e+00,-6.216055e-01,-2.764913e+00,1.241879e+00,2.110029e-05,1.412360e-02,-8.278516e-03,-6.277435e-01
-3.194762e+00,2.438801e+00,-1.094945e+00,1.476799e+00,2.492132e+00,2.495998e-01,1.542118e+00,-9.439313e-01,-2.449184e-01,1.965454e+00
1.817568e-03,1.961468e+00,-7.082071e-01,-1.315860e-01,-3.073173e+00,3.189603e+00,3.060366e-03,2.229400e-03,2.131025e-03,2.600440e+00
