-4.985309e-03,-2.471180e+00,6.508681e-01,-8.278693e-01,-9.054391e-01,-1.932870e+00,-3.417165e-03,-3.702331e-03,5.208996e-03,-2.560399e+00
-1.312594e+00,-8.343182e-01,-9.437833e-01,8.837720e-01,-7.868929e-02,-1.731036e+00,-3.916826e+00,3.319865e+00,1.076931e+00,-2.149030e+00
1.477418e-03,-1.117611e+00,-7.944112e-01,-5.682322e-01,1.645536e-01,1.676170e-01,2.653454e-04,1.343977e-03,4.807769e-03,-6.202695e-01
1.868600e-03,3.627053e-01,1.424837e+00,-3.971518e+00,-2.506556e+00,-1.217125e+00,5.926299e-03,4.203797e-03,-3.043913e-04,-7.138488e-01
3.878419e-03,-5.129749e-01,-1.383076e+00,1.345515e+00,-1.530805e+00,2.425528e+00,1.787557e-03,4.957973e-03,-5.992812e-03,-1.411792e+00
-3.867751e-04,-3.483684e+00,1.728690e+00,-7.920335e-01,-5.301160e-01,-1.364048e+00,1.800733e-04,-1.005495e-02,-1.125312e-03,-1.456042e-01
1.347459e+00,2.084826e+00,1.081076e+00,1.130484e-01,-1.804262e+00,1.259862e+00,1.819402e+00,-1.456780e+00,-2.915619e+00,-1.210574e+00
-1.424703e+00,3.973492e-02,1.371535e+00,-1.044863e+00,4.594778e-01,6.214609e-02,-5.885130e-01,-3.039844e+00,-1.361393e+00,3.280789e+00
6.884528e-04,-1.200118e-01,2.088295e+00,-1.236909e+00,-3.820511e+00,7.797350e-01,-2.635271e-03,3.939944e-03,5.160287e-03,4.430843e-01
-4.576535e+00,1.882485e+00,-2.136879e+00,2.577835e+00,3.432147e+00,-9.054008e-01,3.040187e-02,1.235422e+00,-3.915868e-01,-3.174700e-01
2.945382e-01,-1.264045e+00,5.086804e-01,-1.842705e+00,5.244920e-01,2.983948e-01,-3.128033e-01,1.940779e+00,-3.174125e+00,1.579743e-02
-3.791511e-03,-4.690219e-01,9.069869e-01,1.563110e+00,3.365025e-01,2.096915e+00,-3.650018e-04,1.878336e-03,-2.554326e-03,7.609821e-01
-1.229433e-03,-7.891147e-01,7.370041e-02,-8.444415e-01,-1.723717e+00,-3.038315e+00,2.146823e-03,3.002443e-03,-3.051581e-03,2.163329e+00
2.319678e-02,-1.565379e+00,1.187577e+00,-9.282065e-01,1.264463e+00,1.215319e+00,-1.392742e+00,-1.097392e+00,5.098743e+00,2.200022e+00
-2.302441e-03,-4.996617e-01,2.727669e-02,-8.647190e-01,-1.015049e+00,-3.269945e-01,-1.850353e-03,4.572677e-04,-1.092190e-03,-6.248229e-03
-3.021113e-03,4.600280e-01,2.826782e-01,2.378507e-01,-1.140639e+00,4.142608e-01,9.974263e-04,1.000070e-02,-2.812809e-03,6.726575e-03
1.788256e-03,3.200735e+00,9.204720e-01,-1.096179e+00,2.122383e+00,-1.186943e+00,-2.930614e-03,1.133899e-03,7.700356e-04,1.043325e+00
-4.151338e-03,-3.041281e+00,1.132286e-01,4.127309e-01,9.957912e-01,-1.356986e+00,2.203176e-03,4.845456e-03,-3.373145e-04,1.803821e+00
-3.195555e+00,-2.543487e+00,1.244473e-01,-1.251583e-01,3.658109e+00,2.345092e+00,1.541411e+00,-9.485106e-01,-2.504294e-01,1.421749e+00
-1.708803e-03,-7.885643e-01,2.232464e+00,2.963589e-01,3.810059e-01,1.900896e-01,6.607989e-04,4.871784e-03,1.035268e-02,4.225235e-01
