-3.729976e-03,-2.726053e+00,1.852272e+00,2.154161e+00,-1.346961e+00,1.711987e+00,-1.325883e-03,-4.320787e-03,2.277062e-03,1.061194e+00
-1.313491e+00,-6.012250e-01,1.863393e-01,1.086360e+00,2.684962e+00,1.141407e+00,-3.911884e+00,3.336628e+00,1.075261e+00,-1.270388e+00
-2.187773e-03,-1.710844e+00,9.739183e-01,6.344835e-02,8.364918e-01,-2.656069e+00,-3.476047e-03,-4.815673e-03,1.044636e-03,-1.447167e+00
-1.839666e-03,-1.356829e+00,5.473468e-01,-1.419023e+00,1.456113e-01,-1.551609e+00,1.014986e-03,-9.598569e-04,7.866495e-03,2.583338e+00
5.041128e-03,-1.612426e-01,6.915295e-01,-3.950587e+00,-1.876400e+00,-3.362893e+00,7.285127e-03,2.401663e-03,5.346384e-03,7.048115e-01
-1.386265e-03,1.148340e+00,-1.469809e+00,-1.578545e+00,-1.624879e+00,9.357869e-01,5.453910e-04,-5.965818e-03,-7.856235e-03,-1.657642e+00
1.344371e+00,-1.391664e+00,5.753429e-01,-1.934150e+00,1.045976e+00,-1.978122e+00,1.819247e+00,-1.463705e+00,-2.895586e+00,-2.665839e-01
-1.422991e+00,-9.205273e-01,-1.119233e+00,-1.125547e+00,-2.261634e+00,1.940395e-01,-5.951089e-01,-3.045826e+00,-1.363850e+00,-3.941305e+00
-1.957193e-03,5.421212e-01,3.974018e+00,-8.698709e-01,-6.649965e-01,7.006399e-01,-1.316400e-03,2.119586e-03,-7.356796e-05,-7.159038e-01
-4.575573e+00,1.235087e+00,-3.090867e-01,1.153085e+00,2.375360e+00,-4.842352e-01,3.172407e-02,1.232366e+00,-3.883446e-01,2.354762e+00
2.959177e-01,2.008310e+00,1.695334e+00,1.502436e+00,2.161389e+00,1.139372e+00,-3.039577e-01,1.933344e+00,-3.163086e+00,-2.856687e-01
-1.136781e-03,-1.353445e+00,2.405479e-01,-2.288856e+00,-5.324922e-01,-3.354033e+00,-1.856046e-03,-3.340167e-03,-8.188911e-03,-1.265300e+00
2.036175e-03,7.537306e-01,-1.142971e+00,3.771553e+00,-2.598595e+00,-6.962575e-01,1.961080e-04,1.060073e-02,4.007997e-03,-5.359930e-01
2.125958e-02,1.008544e+00,2.405659e-01,2.178955e+00,-6.215468e-01,8.438566e-01,-1.390292e+00,-1.098194e+00,5.098205e+00,5.276995e-01
-1.014375e-03,1.815847e-02,3.686256e-01,-2.763146e-01,-2.550786e+00,-1.016753e+00,-1.472867e-03,1.916421e-03,-3.295782e-04,2.033950e+00
3.836435e-05,1.698235e+00,-1.538374e+00,-7.495989e-01,1.084058e+00,3.232530e-01,1.255438e-03,-3.942629e-04,-1.245660e-03,-1.166973e+00
2.624310e-03,1.642138e+00,-3.805502e+00,-1.141895e+00,-2.125704e-01,-7.749775e-02,2.449163e-04,7.111046e-03,-4.900070e-03,-1.145713e-01
-2.075540e-03,-1.980409e+00,-1.656449e+00,1.804569e-01,-1.983642e-01,3.446399e+00,1.998134e-03,-4.617063e-04,-3.602245e-03,8.795928e-02
-3.192083e+00,9.271189e-01,-1.827154e+00,4.099996e-01,-1.869039e+00,2.218127e+00,1.545650e+00,-9.371914e-01,-2.471874e-01,-1.032505e+00
2.204490e-03,-1.288272e+00,1.515797e+00,7.478093e-01,9.070245e-01,5.351855e-01,-7.437149e-04,-1.092617e-04,1.857658e-03,-9.646079e-01
