-4.664415e-03,-1.476703e+00,-1.537194e+00,-3.167392e+00,3.663864e+00,-5.330028e-01,-3.793637e-03,1.347738e-03,3.646451e-03,-1.543586e+00
-1.313311e+00,2.010777e+00,-2.307351e+00,1.295344e+00,1.507085e-01,-4.515256e-01,-3.916055e+00,3.323024e+00,1.070438e+00,1.425967e+00
1.924374e-03,-6.191480e-01,-4.628563e-01,-9.011335e-01,2.483164e+00,3.211653e+00,3.400592e-03,7.746205e-05,-5.675924e-03,3.328831e-01
-2.432222e-03,1.488209e+00,-1.904558e+00,1.289617e+00,2.715581e+00,-1.926425e+00,4.231195e-05,7.604796e-03,-1.305178e-03,-1.554782e+00
2.562935e-03,-7.349997e-01,2.612600e+00,8.145029e-01,-3.537852e-01,-1.008448e+00,3.340381e-03,1.400404e-02,-1.576075e-03,4.211081e-02
-4.983693e-03,1.281121e+00,-6.125131e-02,1.826528e+00,-1.824270e-01,5.319450e-02,-2.926189e-03,-1.493151e-02,1.701065e-03,-1.008144e+00
1.354900e+00,4.496638e-01,-4.725958e-01,-9.860925e-01,1.497627e+00,3.118436e-01,1.820965e+00,-1.461015e+00,-2.919711e+00,8.144312e-01
-1.423163e+00,-2.248094e+00,-1.689850e+00,1.056761e+00,-7.187009e-02,3.911016e-01,-5.993113e-01,-3.038241e+00,-1.360063e+00,-6.187904e-01
-2.236593e-03,-1.464501e+00,7.915050e-01,6.613962e-01,1.293266e-01,-9.175877e-01,-2.469170e-03,-4.857388e-03,6.846310e-04,-9.109076e-01
-4.576749e+00,7.094765e-02,-6.671543e-01,4.101603e-01,-3.539706e-02,-1.418405e+00,3.227000e-02,1.231039e+00,-3.958754e-01,-1.104189e+00
2.936150e-01,1.398058e+00,2.668445e+00,9.326524e-01,-2.019602e+00,-3.030550e+00,-3.164498e-01,1.947238e+00,-3.169533e+00,7.671567e-01
-1.595457e-03,-1.617110e+00,1.165715e+00,-2.665559e+00,8.605205e-01,2.873074e+00,1.359915e-03,-1.053299e-03,1.294923e-03,-1.093057e+00
4.395773e-03,-1.623913e+00,-1.430512e+00,-3.208592e+00,-7.598419e-01,8.692487e-01,4.288674e-03,1.966986e-03,-1.623540e-03,-3.846186e-01
1.980947e-02,-4.509187e-01,1.882426e+00,-1.334024e+00,-8.560309e-01,-1.092755e+00,-1.392230e+00,-1.093798e+00,5.100668e+00,1.843296e-01
-5.834273e-03,1.390075e-01,1.067503e+00,-1.584273e+00,1.991635e+00,2.483711e+00,-2.287264e-03,-3.052643e-03,5.766935e-03,5.780126e-01
-2.795426e-03,-2.120577e+00,-2.109922e+00,9.316769e-01,-1.719003e+00,-2.267967e-01,-6.368899e-03,-1.668771e-03,-4.402866e-03,1.030424e+00
9.794156e-04,2.998480e-01,5.452067e-01,-8.231358e-01,-2.040230e+00,-1.386133e+00,2.037699e-03,-1.252441e-03,-1.836438e-03,-8.921387e-01
-8.295053e-04,6.781549e-01,-8.997771e-01,3.030116e+00,1.552588e+00,6.404271e-01,-1.531340e-03,-8.863638e-04,3.136011e-03,1.658204e+00
-3.193719e+00,-2.595986e-01,-9.429382e-01,4.937385e+00,1.974698e+00,-2.281380e+00,1.541740e+00,-9.455014e-01,-2.551229e-01,1.157430e+00
2.572158e-03,2.343625e-01,1.648837e+00,-3.656490e-01,-1.011458e+00,2.855803e+00,-8.567073e-05,-2.670739e-03,-1.033225e-03,-5.087996e-01
