-3.904413e-03,-4.587039e-01,1.558732e-01,-9.839728e-01,-4.201499e-01,1.099017e+00,-6.499799e-03,-5.981882e-04,3.429450e-03,-1.838748e+00
-1.311962e+00,2.162196e+00,2.160108e+00,-2.462251e+00,-8.793336e-01,9.194102e-01,-3.910742e+00,3.324740e+00,1.074056e+00,-2.652290e+00
2.417320e-03,1.226199e+00,-1.181691e+00,-1.172356e+00,1.940204e+00,3.694042e+00,-4.572198e-03,2.008727e-03,3.266646e-03,1.039368e+00
1.678383e-03,-2.249300e+00,2.523833e+00,-1.345081e-01,1.657511e+00,1.229587e+00,-3.853378e-03,-3.594127e-03,4.215061e-03,-8.617208e-01
5.869488e-03,-7.834266e-02,1.500795e+00,-5.964728e-01,1.877363e+00,1.991411e+00,3.186111e-03,4.292476e-03,2.431389e-03,-1.156772e+00
-2.823656e-03,-9.532481e-01,4.319941e-01,1.086049e+00,3.413279e+00,-6.632339e-01,-4.336403e-03,-9.071999e-03,-3.812007e-03,-1.083685e-01
1.353470e+00,1.600542e+00,-4.486988e-02,1.506087e+00,7.726411e-01,-1.042114e+00,1.820691e+00,-1.461682e+00,-2.914927e+00,9.246716e-01
-1.421254e+00,-7.882262e-01,-1.246417e+00,-8.620801e-01,1.763085e+00,1.198892e+00,-5.898167e-01,-3.040775e+00,-1.363146e+00,2.155535e+00
-2.122163e-03,2.810140e+00,-7.426636e-02,5.378335e-01,1.232191e+00,-2.335359e+00,-2.012445e-03,4.469229e-03,-9.943076e-04,1.305674e+00
-4.575218e+00,2.008390e+00,-7.912932e-01,9.750567e-01,-8.976188e-01,1.325620e+00,2.771611e-02,1.234303e+00,-3.932570e-01,8.201221e-01
2.985364e-01,-8.540169e-01,-8.099106e-01,-3.018152e-01,2.605462e-01,2.341462e+00,-3.132256e-01,1.941907e+00,-3.168461e+00,4.055063e-01
-3.013920e-03,7.645899e-01,-3.474827e-01,-6.613776e-01,-2.534931e+00,-5.231159e-01,-2.242709e-03,2.517358e-03,-2.283193e-03,-2.695713e+00
2.109065e-03,-1.844174e-01,-2.868680e-01,2.588661e+00,-1.494631e+00,5.617714e-01,6.072411e-03,4.107179e-03,5.008784e-03,1.772262e+00
2.220390e-02,-2.024097e-01,-6.834875e-01,1.026346e-01,-1.103942e-01,7.197810e-01,-1.393009e+00,-1.094771e+00,5.103789e+00,2.423478e+00
-1.981458e-03,-3.249531e-01,2.860143e+00,1.520725e+00,2.306818e+00,-1.345402e+00,-6.113739e-04,-5.123251e-03,3.765659e-03,3.106563e-01
-3.590811e-04,3.008543e-01,-2.231889e+00,-3.833273e-01,1.597261e+00,-1.270227e+00,-4.229052e-03,-6.851654e-04,-2.463456e-04,1.367877e+00
3.874442e-03,-1.082907e+00,-2.497528e+00,2.247402e+00,-4.256236e-01,1.371935e+00,-2.451235e-03,-4.836983e-04,-3.982084e-03,3.707636e-01
-1.942378e-03,-2.134528e+00,-4.972793e-01,-1.132075e+00,-6.222230e-01,-2.017015e-01,1.095288e-03,8.056931e-03,5.575455e-04,4.482061e+00
-3.194958e+00,-2.276430e+00,5.268033e-01,-2.218740e+00,-1.454266e-01,2.697489e+00,1.541120e+00,-9.324746e-01,-2.572424e-01,-4.456696e+00
1.544447e-03,1.308859e+00,-2.084827e+00,8.830507e-01,3.018230e-01,-1.703557e+00,1.624394e-03,-8.307594e-04,-6.699995e-04,5.922623e-01
