-3.258109e-03,-1.617923e+00,1.363755e+00,1.470777e+00,1.172724e+00,1.806890e+00,-5.351513e-03,-7.501587e-03,6.291881e-03,9.059014e-01
-1.311545e+00,-1.544649e+00,7.015509e-01,-2.591183e+00,-6.049115e-01,-1.237114e+00,-3.910615e+00,3.313965e+00,1.076620e+00,4.853565e+00
2.600574e-04,7.448894e-01,-1.891937e+00,2.974627e-01,-9.365208e-01,-1.531360e+00,3.101178e-03,-9.395458e-03,-1.614823e-03,-7.893386e-01
3.223174e-04,-1.072816e+00,7.934588e-01,-2.887311e+00,-9.675378e-01,3.519135e+00,3.047185e-03,-2.089220e-04,-2.985158e-03,1.464203e+00
2.142234e-03,2.617634e+00,3.156879e+00,-1.907239e+00,-2.190279e+00,-1.574301e+00,5.998503e-03,-5.781963e-04,-2.711629e-03,3.760154e-01
-1.610869e-03,3.411105e+00,2.201894e-01,1.737933e+00,2.017854e+00,-4.819135e-01,-1.396780e-03,-4.726952e-03,-6.218769e-03,-1.248877e+00
1.345867e+00,9.622316e-01,-1.280991e+00,-5.926190e-01,3.224029e+00,1.878890e+00,1.820532e+00,-1.459612e+00,-2.914099e+00,3.816141e+00
-1.424433e+00,-3.661462e+00,1.254847e+00,-2.129262e+00,-2.209194e-01,9.868019e-01,-5.913912e-01,-3.044763e+00,-1.356851e+00,-1.047355e+00
-1.553701e-03,-2.706928e+00,-2.353330e+00,1.784142e+00,7.028175e-01,-1.164658e+00,4.148567e-03,6.832018e-03,9.276845e-05,-3.130427e-02
-4.577255e+00,-6.420337e-01,2.658653e+00,4.987365e-01,2.036888e+00,-1.294952e+00,3.097039e-02,1.249703e+00,-3.969413e-01,1.426096e+00
2.916887e-01,2.589910e+00,1.035440e+00,-5.068202e-01,-8.833515e-01,-4.792085e-01,-3.094146e-01,1.944041e+00,-3.159371e+00,1.066725e+00
-2.061037e-03,-2.155902e-01,1.094235e+00,6.287833e-01,-7.822462e-01,-6.425411e-01,-2.507516e-03,1.687491e-03,3.650398e-03,1.390814e+00
2.319851e-03,-1.418283e+00,-8.395792e-01,1.378294e+00,2.936682e+00,-1.064298e+00,3.879268e-03,-2.291542e-03,2.808663e-03,-7.494125e-01
2.147114e-02,7.113727e-01,-2.203114e+00,-2.349152e-01,1.000877e+00,1.400213e+00,-1.390419e+00,-1.089527e+00,5.100094e+00,-9.101666e-01
-1.245837e-03,-2.767301e+00,-1.243696e+00,3.522389e+00,1.244494e+00,-1.578329e+00,5.093837e-04,-1.377444e-02,-1.441786e-03,-3.552227e-01
-6.784114e-04,9.393604e-02,8.722733e-01,7.564391e-01,-9.805442e-01,-4.911557e-01,-2.501637e-03,-6.544478e-05,-1.809525e-03,1.593209e+00
2.242279e-03,1.376887e+00,-1.023903e+00,-1.328379e+00,1.369925e+00,1.239522e+00,2.507752e-03,1.047151e-02,-2.987312e-03,2.134232e+00
-1.533336e-03,-7.206029e-01,2.200658e+00,-1.108446e-01,2.135157e+00,5.333589e-01,-5.698784e-04,-4.435838e-03,3.912995e-03,-2.270552e-01
-3.193780e+00,-1.398486e+00,-1.202457e-01,2.301828e+00,-7.315373e-01,8.385063e-01,1.535131e+00,-9.458024e-01,-2.503175e-01,-3.388298e-01
3.173088e-03,-3.419907e-02,-1.621983e+00,-1.255776e+00,1.116712e-01,2.558903e-01,1.330926e-03,-6.488497e-03,-4.557294e-03,9.130417e-01
