-1.263438e-03,-1.606168e-01,7.920686e-01,-7.465340e-01,-2.449508e+00,-1.976273e-01,-2.191738e-03,3.388415e-04,-1.222086e-03,1.235784e+00
-1.313018e+00,-7.208979e-01,3.104484e+00,1.628870e+00,-4.368897e-01,1.470498e+00,-3.913164e+00,3.311314e+00,1.078931e+00,-3.655021e+00
2.104810e-03,-2.672811e-01,7.331357e-01,7.652722e-01,1.534337e+00,-2.123531e+00,1.121560e-03,-2.338932e-03,3.352144e-03,-1.854915e+00
-3.882582e-03,2.059356e+00,-1.049083e+00,-1.489838e+00,-1.256124e+00,2.166706e-01,-4.547765e-03,-4.283934e-03,1.795177e-03,-1.011839e+00
3.266341e-03,8.738559e-01,4.843059e-01,-5.421885e-01,-2.088175e+00,4.877338e-01,7.726164e-03,8.550371e-03,-4.921873e-03,-5.067853e-01
-4.289639e-03,-2.974326e+00,1.493200e+00,6.774907e-01,-2.922130e+00,-5.449725e-01,-2.853326e-04,-6.628902e-03,3.689840e-03,1.616807e+00
1.351755e+00,3.501246e+00,-8.662698e-01,7.496269e-01,-2.223239e+00,-6.942746e-01,1.818292e+00,-1.440547e+00,-2.917067e+00,2.086368e-01
-1.422055e+00,2.349886e+00,8.953476e-02,3.007825e-01,-1.018529e+00,-1.610863e+00,-5.900598e-01,-3.057216e+00,-1.363041e+00,-1.947318e+00
7.643202e-04,-3.720089e+00,-1.186816e+00,-3.660704e-01,-1.845523e+00,-4.112747e+00,-1.062730e-03,2.481981e-03,-1.151626e-03,-3.105137e+00
-4.576427e+00,1.693853e+00,4.370438e-01,-6.137439e-01,-2.395992e+00,7.540028e-01,2.702263e-02,1.236730e+00,-3.937315e-01,3.691742e+00
2.963798e-01,-7.221329e-01,-8.917326e-01,-1.562477e+00,-1.177767e+00,-7.500810e-01,-3.096404e-01,1.949282e+00,-3.168805e+00,1.678212e+00
-1.362552e-03,-5.222066e-01,6.227344e-01,-1.260480e+00,-1.323607e+00,1.835857e+00,-2.662603e-03,-2.705922e-03,-3.576147e-03,1.280969e-01
2.180853e-03,-2.009400e+00,-1.226200e+00,8.102709e-01,-4.763616e-01,1.341999e+00,-4.590742e-04,3.955334e-04,-5.737619e-03,3.538471e+00
2.182077e-02,-1.138882e+00,-5.172258e-01,3.499803e-01,9.072850e-01,-9.293799e-01,-1.389003e+00,-1.079081e+00,5.102788e+00,1.378388e+00
-1.380463e-03,-4.588709e-01,1.333544e+00,-1.057324e+00,7.487579e-01,-3.257117e+00,-5.709922e-03,-2.753108e-03,2.519726e-03,3.832479e-01
-2.612160e-03,-3.812734e-01,1.507022e+00,-2.705947e+00,2.650906e-01,7.804786e-01,-3.535276e-04,-2.503206e-03,6.025717e-03,-6.760674e-01
1.879093e-03,-4.013807e-01,-1.298842e+00,-2.101015e-01,1.897175e+00,-9.921353e-01,4.330223e-03,2.917064e-03,-1.696949e-03,1.630411e+00
3.349602e-04,3.128975e-01,2.992669e+00,-1.308205e-01,4.268371e-02,-7.129125e-01,-1.085622e-03,-9.026170e-03,-9.822730e-04,2.380395e-01
-3.191316e+00,1.606658e+00,-2.598591e+00,-8.664019e-01,-8.107295e-01,1.945328e+00,1.542396e+00,-9.407084e-01,-2.499720e-01,-1.864247e+00
1.314424e-03,-1.790329e+00,-8.477087e-01,3.011910e+00,-7.560082e-01,-8.044249e-01,2.207478e-03,-2.386602e-03,7.999513e-03,-4.291495e-01
