-4.770756e-03,-3.555290e+00,-1.003410e+00,-2.101581e+00,-1.885225e+00,8.446452e-01,-2.342782e-03,-9.689693e-03,1.267535e-03,-1.206235e+00
-1.312928e+00,-1.328378e+00,1.553492e+00,2.679499e+00,3.684280e-01,-5.916004e-01,-3.913729e+00,3.329335e+00,1.084342e+00,-1.563619e+00
4.873636e-05,-3.754221e+00,1.361595e+00,9.322504e-01,2.048181e+00,8.792665e-01,-4.338209e-04,-7.940850e-03,-1.425793e-03,2.004043e+00
-3.101392e-03,-1.209379e+00,2.701948e-01,-2.287021e+00,-2.326231e+00,3.149141e-02,-2.395126e-03,-1.190774e-02,-3.292830e-03,1.288927e-01
3.504739e-03,6.847140e-01,2.678538e+00,-8.190744e-01,-1.710511e+00,-4.423315e-01,7.019964e-03,6.098680e-03,5.710051e-06,4.639991e-01
-5.243244e-04,8.965548e-01,2.638295e+00,3.282825e+00,-1.249301e-01,-1.732376e+00,-5.527023e-03,5.838915e-03,-2.775997e-03,2.919721e-01
1.349031e+00,5.700862e-01,-1.965592e-01,-1.424203e+00,2.798427e+00,8.674682e-01,1.818971e+00,-1.445384e+00,-2.921560e+00,2.322933e+00
-1.422841e+00,1.560698e+00,1.413712e+00,1.951780e+00,-3.961738e+00,-3.807737e-01,-5.914475e-01,-3.047144e+00,-1.363554e+00,5.011992e-01
-9.381456e-04,3.038025e+00,2.281140e+00,5.790494e-01,1.979519e+00,1.765310e+00,-3.990665e-03,-3.097296e-03,-2.009587e-03,2.289494e+00
-4.577983e+00,1.445899e-01,1.304174e+00,6.807053e-01,8.819978e-01,1.110654e+00,3.302548e-02,1.243063e+00,-3.944996e-01,-9.144640e-01
2.949487e-01,-2.115183e-01,-3.238113e+00,-5.352209e-01,7.152229e-02,5.507210e-01,-3.087615e-01,1.966566e+00,-3.171637e+00,-2.395150e+00
-7.315651e-04,-4.258926e+00,4.063947e-01,2.042010e+00,-2.012975e+00,-1.027149e+00,-3.932189e-03,3.883647e-05,-9.717603e-04,2.449707e+00
2.598310e-03,1.307034e+00,-1.893506e+00,1.933842e-01,7.529700e-02,-2.258428e-02,2.830489e-03,-8.975924e-03,3.356963e-03,-1.500378e+00
2.268653e-02,-1.964304e+00,2.241401e+00,-1.226804e+00,-1.374402e+00,1.575452e+00,-1.390052e+00,-1.089795e+00,5.097605e+00,2.581695e+00
-2.336583e-03,-1.224785e+00,9.068025e-01,-7.149773e-01,-1.173305e+00,1.572890e+00,-6.700874e-03,-8.689853e-03,3.356437e-03,1.521086e+00
1.629696e-03,-8.250631e-01,1.155768e-01,-9.898101e-01,2.285438e-01,1.766192e+00,-3.679507e-03,-5.430173e-03,-8.882921e-05,-1.689828e+00
2.514631e-03,-1.849310e+00,4.398744e+00,-1.339719e+00,-5.183776e-01,1.157125e+00,1.512363e-03,1.072850e-02,-3.558102e-03,-2.611873e+00
-2.319927e-03,6.001658e-01,-3.819241e-01,-3.910112e-01,2.966256e+00,-3.913789e-03,-7.599802e-04,4.187153e-04,4.363330e-03,-1.254811e+00
-3.192943e+00,-1.141693e+00,2.867711e-01,3.345474e+00,-1.060335e+00,-4.527229e-01,1.539088e+00,-9.543487e-01,-2.491914e-01,-9.191712e-01
1.025895e-03,-8.414989e-01,-1.853475e+00,-1.790298e+00,-8.946911e-01,-2.222674e+00,-1.569249e-03,-1.424287e-03,4.039012e-03,-2.367269e+00
