-4.064676e-03,9.722623e-01,2.991597e-01,9.873220e-01,4.809733e-01,1.928857e-01,-1.676185e-03,-1.093835e-02,-3.358406e-03,9.858222e-01
-1.311250e+00,-1.018582e+00,-1.533477e+00,6.998427e-01,1.676459e+00,1.353081e+00,-3.911026e+00,3.311956e+00,1.078606e+00,-7.297821e-01
2.664598e-03,-1.333718e+00,4.161608e-01,1.435840e+00,-2.474689e+00,1.158311e+00,-1.969969e-03,3.632322e-04,4.090386e-03,1.714536e+00
-1.218184e-03,9.867124e-03,2.280330e+00,-1.959178e+00,3.043732e+00,1.647314e+00,4.911481e-03,-1.314040e-02,-2.070640e-03,1.289354e+00
5.253135e-03,1.094249e+00,1.056512e-01,2.256476e+00,1.753210e+00,3.819377e-02,7.620697e-03,1.570887e-03,-6.758562e-03,1.660714e+00
-2.676663e-03,-1.002065e-01,-2.029161e+00,1.280506e+00,-6.906574e-01,2.829078e-01,-3.176862e-03,-9.628689e-03,4.219287e-03,-4.107189e+00
1.350715e+00,6.124470e-01,2.671319e+00,5.490040e-01,-8.079620e-01,-2.382679e+00,1.818080e+00,-1.465783e+00,-2.920401e+00,-1.238443e+00
-1.420641e+00,-2.302395e+00,-9.171035e-02,3.355642e+00,-9.683209e-01,7.284003e-01,-5.923876e-01,-3.049606e+00,-1.359739e+00,3.229844e-01
-1.765236e-03,3.615692e+00,-2.604876e-01,4.285235e+00,-2.167232e+00,-1.682469e+00,-3.336280e-03,8.981203e-03,-7.314730e-03,1.893603e+00
-4.577764e+00,-1.858644e+00,5.651810e-01,2.910404e+00,-2.366249e-01,1.793966e+00,3.023249e-02,1.227618e+00,-4.044316e-01,-1.863661e+00
2.919503e-01,-5.965530e-01,3.627178e+00,2.325183e+00,-4.175089e+00,2.854546e+00,-3.119533e-01,1.948607e+00,-3.166938e+00,-2.135966e+00
2.207012e-03,4.001832e+00,-7.838321e-02,-1.341383e+00,4.955110e-01,-2.177707e+00,-1.400885e-03,3.906860e-03,-4.452436e-03,-3.794061e+00
1.282346e-03,3.145288e+00,-7.442240e-01,1.100456e+00,-1.123226e+00,-7.591170e-01,2.917417e-03,-5.214760e-03,6.334156e-03,-2.144795e+00
2.493028e-02,-2.939151e-01,-6.041413e-01,-1.696316e+00,-3.027768e-01,1.967345e+00,-1.391346e+00,-1.096933e+00,5.099074e+00,-5.941528e-01
-4.941321e-06,2.407555e+00,-2.030183e+00,-1.252865e+00,-1.734861e+00,-8.604749e-01,1.670964e-03,-3.414428e-03,8.285767e-04,2.395971e+00
-1.653600e-03,1.511587e+00,-1.243698e+00,3.218371e-01,-2.808894e+00,1.859283e+00,-2.860031e-03,5.256403e-03,1.942999e-03,1.200626e+00
1.806073e-05,-1.126797e+00,-5.438321e-02,-2.745390e-03,3.651073e+00,-3.919771e-01,-6.629160e-04,3.189793e-03,-7.005909e-03,-1.082102e+00
-3.166817e-04,-1.452334e+00,-4.321026e-01,-4.658291e+00,-4.537619e-01,-8.582594e-01,4.449086e-03,-8.206279e-03,2.439696e-03,-2.820644e-02
-3.196133e+00,-3.324271e-01,7.684159e-01,-3.309967e+00,-1.115227e+00,-2.762359e+00,1.540183e+00,-9.391939e-01,-2.489152e-01,1.028408e+00
1.928056e-03,-1.966736e-01,-7.469368e-01,-8.453582e-01,2.951803e+00,-5.294270e-02,3.263081e-03,2.675175e-03,1.634804e-03,1.575201e+00
