-3.515034e-03,1.914246e+00,-1.127038e+00,1.342091e+00,1.456994e+00,9.119458e-01,-4.800623e-03,-7.905274e-03,5.027685e-03,1.553819e+00
-1.312432e+00,3.062697e+00,1.086176e+00,-7.192375e-01,-3.081809e+00,-1.505253e-01,-3.913387e+00,3.312606e+00,1.085623e+00,4.821343e-01
1.108320e-03,6.210353e-01,-1.439106e-01,1.107646e+00,-1.885417e+00,-1.883986e+00,-6.257594e-04,5.655785e-03,5.200363e-03,1.111780e+00
5.998500e-04,-7.697592e-01,2.951750e+00,-9.218153e-01,1.412240e+00,-5.246102e-02,1.068255e-03,-2.760992e-03,-8.213753e-04,5.375063e-01
2.632354e-03,1.946286e+00,-9.038546e-01,-2.605594e+00,-1.882285e-01,1.157328e-02,8.009533e-03,3.994340e-03,-2.251152e-03,2.146358e-01
-3.459134e-03,-7.975852e-01,6.327408e-01,-5.567485e-01,-3.736139e-02,-1.428764e+00,-2.535824e-03,-3.638357e-03,-1.597447e-03,4.918776e-02
1.341513e+00,1.597793e-01,-1.932148e+00,-2.104906e+00,4.666685e-01,7.571057e-01,1.816737e+00,-1.457579e+00,-2.917488e+00,-2.161612e+00
-1.419604e+00,4.148933e+00,-1.361323e-02,3.895366e-01,-2.570303e+00,-2.484457e-01,-5.908003e-01,-3.051327e+00,-1.360960e+00,1.623314e+00
-3.745839e-03,1.319616e+00,2.724794e+00,-2.704969e+00,9.887693e-01,1.534280e+00,1.761457e-03,-1.423555e-03,-4.343669e-04,-1.445399e+00
-4.578546e+00,1.578652e+00,7.796033e-02,1.664134e+00,-1.506698e+00,-3.252681e-01,2.986748e-02,1.245447e+00,-3.871884e-01,5.063293e-01
2.989535e-01,-1.640225e+00,9.092786e-01,2.858899e-01,1.207540e+00,2.543449e+00,-3.124010e-01,1.940290e+00,-3.165481e+00,3.399594e-01
-1.289416e-03,-6.412426e-01,7.902740e-01,9.353973e-01,2.200713e+00,-1.491833e+00,-1.273337e-03,2.887227e-03,-8.366927e-06,-1.634377e+00
1.172735e-03,-3.109431e-01,-9.322133e-01,4.099895e-01,-3.339993e+00,-1.524992e+00,3.196600e-03,-1.137886e-03,1.907797e-03,1.588819e+00
2.085181e-02,-2.948902e+00,5.579521e-01,-8.121076e-01,1.827388e+00,1.481084e-01,-1.392845e+00,-1.086268e+00,5.102987e+00,4.361918e-01
-1.651906e-03,-7.388927e-01,-1.505856e+00,5.710709e-01,8.246759e-01,-1.381285e-01,3.606079e-03,-5.627091e-03,1.332855e-02,1.224804e+00
2.823671e-03,-2.304960e+00,-2.719988e+00,3.668632e+00,4.842129e-01,3.133046e+00,-5.662106e-03,-4.026787e-03,-1.024089e-03,-1.563311e+00
1.456796e-03,-1.906042e+00,2.170242e+00,-2.021749e+00,-7.645122e-01,2.145254e+00,-2.277802e-04,1.012393e-03,-1.436172e-03,-1.279053e+00
-2.890528e-03,2.216555e+00,-2.595970e+00,-2.698886e-01,-2.913062e+00,-3.519498e-01,-1.959261e-03,-3.553762e-03,5.236856e-03,6.843082e-01
-3.191767e+00,1.569384e-03,-5.526542e-01,7.374701e-01,1.340105e-01,-1.277097e+00,1.543039e+00,-9.461511e-01,-2.526153e-01,1.290227e+00
1.674480e-03,2.239949e+00,3.647283e-01,-1.635873e-01,1.264087e+00,-6.354951e-01,3.631617e-03,5.957418e-04,5.145282e-03,4.426810e+00
