-5.356445e-03,2.098044e-01,2.385117e+00,-3.765046e+00,8.229840e-01,5.750016e-01,-5.608538e-03,-2.333385e-03,1.735727e-03,1.284415e+00
-1.311868e+00,8.270369e-01,-1.779165e-03,-2.027057e+00,8.882083e-01,7.268715e-01,-3.912743e+00,3.308446e+00,1.082983e+00,1.927896e+00
1.647455e-04,3.611246e-02,-1.378859e+00,1.940317e+00,-2.166534e+00,7.477899e-01,-5.519291e-03,-4.605860e-03,1.369612e-03,1.290150e+00
-8.015216e-04,1.731991e+00,4.739117e-01,-1.294965e+00,-1.049238e+00,2.552087e+00,1.633580e-03,-3.069870e-03,4.338057e-03,7.074500e-01
3.357712e-03,-9.964197e-01,-2.222117e+00,-1.431422e+00,-3.417945e+00,1.000917e-01,3.745096e-03,1.658633e-02,-5.018080e-03,-1.322007e+00
-3.848234e-03,-2.326314e+00,-2.419352e+00,3.726130e-01,1.259159e-01,-1.202969e+00,-5.638714e-04,-8.107264e-03,-6.569987e-04,4.168171e-01
1.343983e+00,2.163628e+00,-5.824395e-01,-1.241141e+00,2.069713e-01,-4.088064e-01,1.827721e+00,-1.452584e+00,-2.908483e+00,6.816231e-01
-1.420381e+00,7.190247e-01,-3.602565e-01,-2.625116e+00,1.504917e+00,-5.277487e-01,-5.883321e-01,-3.048929e+00,-1.367778e+00,1.962255e+00
-4.576602e-04,4.033111e-01,1.298302e+00,-1.014794e+00,-9.403879e-01,-6.375167e-01,-3.228215e-03,-2.067128e-04,2.645048e-03,-6.150497e-01
-4.574572e+00,-8.553607e-01,1.722655e+00,-2.516955e+00,-1.114902e+00,-1.713731e+00,2.918227e-02,1.236401e+00,-3.862437e-01,-1.343102e+00
2.950712e-01,-3.497336e-01,1.533078e+00,-2.356421e+00,9.697258e-01,6.304470e-02,-3.103069e-01,1.943561e+00,-3.165810e+00,9.662400e-01
-2.167022e-03,2.510473e-01,-1.784851e+00,2.435140e-01,2.116357e-02,9.673099e-01,2.012217e-03,-2.606054e-03,-3.429337e-03,2.923917e+00
3.451764e-03,-1.290363e+00,9.701765e-01,-1.794187e-01,-1.377496e+00,-5.116961e-01,1.961853e-03,4.976923e-03,1.333159e-05,4.424060e-01
2.246346e-02,1.659803e+00,-2.412844e-01,-4.295985e-02,6.377589e-01,-1.381830e+00,-1.390708e+00,-1.101421e+00,5.100948e+00,-1.511159e+00
-3.917824e-03,7.130886e-01,7.364340e-01,-2.043452e-01,-1.145802e-01,2.072771e+00,-4.315616e-03,-4.836077e-03,8.130706e-05,-1.017040e+00
2.064135e-03,1.947573e+00,-2.604567e-01,6.744144e-02,1.327314e+00,2.639083e-01,-5.795959e-03,1.168665e-02,-3.044829e-03,-4.716398e+00
6.790167e-04,-2.086469e+00,-1.823047e+00,-5.814953e-01,9.327209e-01,-1.772992e+00,-1.152475e-03,4.693139e-03,-3.892727e-04,2.599757e+00
2.119874e-04,-5.826982e-01,1.004600e+00,-1.688282e+00,1.856632e+00,-1.136061e+00,4.255979e-03,-1.065835e-02,5.641331e-03,-1.066532e+00
-3.195653e+00,1.117668e+00,-4.089597e-01,-1.582358e+00,-3.483405e-01,4.592559e-01,1.541012e+00,-9.465998e-01,-2.464125e-01,-7.914461e-01
1.755298e-03,2.042013e+00,-2.168309e+00,-2.029066e+00,-1.258193e+00,-5.868415e-01,-2.700922e-03,-5.518783e-03,-1.464592e-03,-9.220009e-01
