-4.585154e-03,1.019269e+00,-2.351465e+00,-1.339580e+00,9.460996e-01,3.736864e+00,-1.808031e-03,-5.360508e-03,3.271063e-03,6.157680e-01
-1.312823e+00,-1.797640e+00,3.911277e-01,3.485198e+00,7.177405e-02,-7.439959e-01,-3.912904e+00,3.327162e+00,1.091858e+00,-6.202842e-01
1.340849e-03,-1.860044e+00,2.410307e-01,2.108151e+00,-2.713076e+00,-3.580489e-01,-2.804418e-03,3.163111e-04,2.410741e-03,-2.083986e-01
2.111016e-03,3.081889e-01,-1.358149e-01,3.956371e+00,1.385592e+00,-4.317843e-01,-6.442919e-04,-7.059243e-03,-5.508485e-04,1.674760e+00
4.196810e-03,-8.716011e-01,-3.589730e-01,2.129706e-01,9.009838e-01,8.196277e-01,6.153730e-03,-7.985981e-03,-4.590828e-03,-6.337419e-01
-8.403226e-04,-3.783077e-01,1.236749e+00,1.984603e-01,-1.493114e+00,1.065264e+00,-6.117022e-04,-1.160583e-02,-3.160395e-03,5.740836e-01
1.343638e+00,8.370550e-01,1.360576e+00,3.026154e-01,2.149390e+00,2.021592e+00,1.821705e+00,-1.454346e+00,-2.911701e+00,-3.101685e+00
-1.422509e+00,1.220810e+00,-2.044799e-01,9.283169e-01,-1.439334e-01,-3.093186e-01,-5.910601e-01,-3.046213e+00,-1.360117e+00,1.044323e+00
-3.091921e-03,1.231609e+00,1.420588e+00,3.310766e+00,-1.749809e+00,1.436073e-01,-5.438208e-03,-1.793850e-03,-2.952444e-03,3.681206e-02
-4.572961e+00,-5.339402e-01,3.441553e+00,1.066386e-01,9.780487e-01,-4.216484e-01,3.053536e-02,1.237523e+00,-3.849578e-01,6.924288e-01
2.944605e-01,-3.467071e+00,5.383264e-01,-8.006786e-01,-1.720176e-01,1.242700e+00,-3.101192e-01,1.960302e+00,-3.169058e+00,-2.655807e+00
1.034420e-03,-2.494395e+00,1.085055e-01,-1.511194e+00,-1.213445e+00,2.617363e-01,2.658566e-03,-2.099494e-03,6.516822e-04,-1.467871e+00
3.795132e-03,1.915638e-01,1.926181e+00,2.760383e-01,6.797154e-01,-2.647468e+00,1.633842e-03,3.754084e-03,5.269284e-03,-1.243767e+00
2.350704e-02,-6.269155e-01,-1.105698e+00,-2.466958e+00,1.511705e+00,2.816624e-01,-1.389520e+00,-1.099315e+00,5.106140e+00,-2.225056e+00
-7.581214e-04,-7.250309e-01,4.316172e-01,2.005842e+00,-4.643025e-01,-2.609058e+00,-3.457484e-04,5.292053e-03,1.779391e-03,-1.720078e+00
-1.349265e-03,2.427389e+00,1.901915e+00,5.682349e-01,3.363457e+00,-1.227189e+00,-1.943459e-03,-3.387948e-03,2.590727e-03,1.939423e+00
-6.666198e-04,-1.537270e+00,8.482598e-01,2.177204e+00,2.463712e+00,2.481550e-01,1.063721e-03,-3.933427e-03,4.068328e-03,-1.740850e+00
-9.262164e-04,5.145796e-02,-1.511305e+00,1.076166e+00,-1.379626e-02,-2.468495e+00,8.445861e-04,9.944164e-03,8.285259e-03,-1.372156e+00
-3.193595e+00,-4.678699e-01,-1.225936e+00,2.211616e-01,-1.540160e+00,1.643327e+00,1.540588e+00,-9.436635e-01,-2.495281e-01,-5.690157e-01
7.626321e-04,-6.320115e-01,-3.706612e-01,-4.798139e-01,1.318328e+00,-2.986929e+00,5.564577e-03,-4.728515e-03,-1.743866e-04,4.649377e-01
