-6.247653e-03,-4.253864e-01,1.146002e+00,-1.441523e+00,2.142657e+00,1.518023e+00,-1.877781e-03,-8.610389e-03,-1.097506e-03,-6.608139e-01
-1.314335e+00,1.282411e+00,2.693576e+00,1.357244e+00,5.923174e-01,2.600109e+00,-3.911626e+00,3.314048e+00,1.080129e+00,2.127652e+00
6.519129e-04,1.961832e+00,2.191921e+00,-2.728259e+00,-5.381634e-01,-3.336777e+00,1.467728e-03,-9.738684e-03,-4.890080e-03,9.559990e-01
-3.763135e-04,9.010715e-01,-1.581651e+00,1.353763e+00,7.303348e-01,2.182803e+00,-2.047939e-04,1.160456e-03,8.280956e-04,-2.568942e+00
3.707350e-03,-4.244304e-01,-3.557525e+00,4.072863e-01,5.545470e-01,-1.886106e+00,8.529645e-03,-3.845551e-03,-3.893968e-03,-4.175367e+00
-1.481369e-03,-1.875968e+00,8.683625e-01,-1.225175e+00,1.017390e+00,3.125045e+00,1.950231e-03,-8.015885e-03,1.284346e-03,-3.682529e-01
1.342957e+00,-2.937074e+00,1.966899e-01,2.748673e+00,-1.329729e+00,1.409848e+00,1.816482e+00,-1.456263e+00,-2.914990e+00,-2.331884e+00
-1.422321e+00,-1.483198e+00,-2.220553e+00,-2.989975e+00,1.996300e+00,-1.321321e+00,-5.862413e-01,-3.048052e+00,-1.357345e+00,-2.674862e+00
-2.803667e-04,9.225609e-01,1.133783e+00,8.979844e-01,-8.310026e-01,-7.082164e-01,-2.132881e-03,2.818903e-03,4.657313e-04,-2.968593e-01
-4.577009e+00,-2.956630e+00,1.810746e+00,-8.247893e-01,1.346507e+00,2.515740e+00,3.205904e-02,1.225305e+00,-3.794382e-01,-9.722338e-01
2.977878e-01,3.103340e-01,-1.967975e+00,-2.002366e-01,3.020091e+00,1.974478e+00,-3.144766e-01,1.954862e+00,-3.163504e+00,-1.542250e+00
-6.323189e-04,3.011163e+00,-2.444173e-01,-2.534205e+00,1.236333e+00,-7.731374e-01,-3.532484e-03,-1.518057e-03,1.441597e-03,-1.408446e+00
1.906399e-03,3.072471e-02,-4.916894e-01,7.103598e-01,1.572480e+00,-2.143138e-01,2.583806e-03,2.718415e-03,-3.825057e-03,2.288779e+00
2.166933e-02,5.166458e-01,1.782513e-01,-1.492649e-01,2.675162e+00,-3.220838e+00,-1.393208e+00,-1.099450e+00,5.098002e+00,-9.795270e-01
-4.772084e-03,1.051678e+00,1.064224e-01,2.129859e+00,-1.529737e-01,-1.600291e+00,-2.469568e-03,-1.099920e-02,6.564562e-03,1.138519e+00
-1.087389e-03,6.203355e-01,4.830214e-01,-8.757414e-01,-1.247616e+00,2.812787e+00,-2.337331e-03,4.892888e-03,3.527141e-03,1.087345e+00
2.080078e-03,-1.374057e+00,-8.668334e-01,1.028562e+00,-1.755901e+00,7.375504e-01,-8.863890e-04,1.634792e-03,-2.309853e-03,1.932654e+00
-3.873269e-03,2.446241e-01,8.012327e-01,-2.147566e+00,-6.668157e-01,-1.255074e+00,-4.199293e-03,6.682969e-03,-1.927153e-03,2.148213e+00
-3.193988e+00,1.918638e+00,3.448748e+00,-6.833435e-01,9.464817e-01,-8.115201e-01,1.547643e+00,-9.568279e-01,-2.444602e-01,2.838170e+00
2.432679e-03,1.436710e+00,9.832736e-01,-3.636673e+00,-2.561430e-01,2.063986e+00,1.919056e-03,-1.896035e-03,3.180344e-04,2.253325e+00
