-6.820703e-03,1.373654e+00,3.940349e-01,-1.312364e-01,-1.082419e+00,1.928893e+00,-3.004093e-03,-5.484874e-03,6.864370e-04,-3.713340e-01
-1.312541e+00,-4.392100e-01,-2.541355e-01,1.135198e+00,2.349152e-01,-3.129934e+00,-3.912454e+00,3.314394e+00,1.073651e+00,2.625900e+00
3.831218e-04,-6.513045e-01,-5.042750e-02,-1.409130e+00,8.965331e-02,3.240593e-01,1.973241e-03,7.908268e-03,-5.898971e-03,-5.060774e-01
1.424845e-03,1.554754e-01,-1.432098e+00,7.152691e-01,-2.167483e-01,-2.439988e+00,-1.408008e-03,-7.311887e-04,-6.574333e-05,1.263750e+00
4.977413e-03,3.634956e+00,1.406768e+00,1.709254e+00,-2.520061e+00,-1.228915e+00,6.394748e-03,6.489680e-03,-1.128435e-03,1.905789e+00
1.315147e-03,-1.496145e+00,1.902714e+00,-3.241420e-01,3.043143e+00,-4.148877e-01,-4.909221e-05,-4.522019e-03,-7.889822e-04,-8.820698e-01
1.345135e+00,-1.232130e+00,8.537636e-02,-8.567299e-01,3.027945e-01,-1.303729e+00,1.818508e+00,-1.473819e+00,-2.907644e+00,1.738830e+00
-1.420053e+00,1.628475e+00,1.723513e+00,8.556228e-02,2.859729e+00,2.403985e-01,-5.836716e-01,-3.053334e+00,-1.362378e+00,-3.197055e+00
-2.063085e-03,3.149322e-01,2.975477e+00,-1.884349e+00,1.685166e+00,1.346824e+00,-1.614180e-03,3.039391e-03,-4.614056e-03,4.249066e+00
-4.576468e+00,3.847120e-01,7.341536e-01,-5.276194e-01,5.802045e-01,-1.052750e-01,3.384183e-02,1.245656e+00,-3.915281e-01,-2.494670e+00
2.955352e-01,-1.110776e-01,9.281097e-02,-2.652991e+00,1.574107e-01,-9.070040e-01,-3.138026e-01,1.959552e+00,-3.167205e+00,-8.877662e-02
-3.170564e-03,1.059209e+00,-4.366362e-01,-1.497511e+00,1.074519e-01,1.379678e+00,-2.020679e-04,4.335051e-03,-2.735546e-03,5.190912e-01
9.819298e-04,2.993316e-03,1.625029e+00,-1.487509e+00,9.853801e-01,1.158531e+00,1.383023e-03,9.100415e-03,9.552658e-04,1.151894e+00
2.057620e-02,-1.777851e+00,1.498801e+00,-1.031564e+00,8.712181e-01,9.590167e-01,-1.393987e+00,-1.095473e+00,5.097145e+00,-8.766821e-01
-2.924451e-03,2.034616e+00,2.125381e+00,-1.768091e+00,1.885068e+00,1.992290e-01,-2.739571e-03,-5.602026e-04,5.378435e-03,-1.517457e-01
-1.026507e-03,2.147496e+00,2.653257e+00,1.242328e+00,-2.319860e+00,-4.156680e-01,-1.550620e-03,-1.768709e-03,3.676460e-04,9.200987e-02
2.322572e-03,1.706453e+00,2.440723e-01,8.874520e-01,-2.636222e+00,-3.377529e+00,-1.340806e-03,4.965746e-03,3.510128e-03,2.054470e+00
-2.571090e-03,2.461103e+00,1.407124e+00,-2.620207e+00,7.372433e-01,1.704440e+00,5.135053e-03,-2.870819e-03,-1.360842e-03,9.415873e-01
-3.193397e+00,3.939713e-01,-1.362916e+00,1.800547e+00,-6.108631e-01,-2.673260e-01,1.542818e+00,-9.447752e-01,-2.511892e-01,-1.667525e+00
2.734700e-03,-2.099237e+00,-5.500186e-02,1.424643e+00,-2.221722e+00,-3.738115e+00,4.471747e-03,-2.969501e-03,5.506888e-04,1.280742e+00
