-7.017946e-04,1.508123e+00,-7.679523e-01,2.713560e+00,4.300508e-02,-2.110020e+00,-2.640478e-03,-1.403817e-02,2.813449e-03,1.367848e+00
-1.312765e+00,1.503935e+00,-2.176719e+00,1.698122e+00,-1.142156e-01,2.323387e+00,-3.916273e+00,3.317779e+00,1.088876e+00,-1.180104e+00
-1.135843e-03,9.303192e-01,1.080688e+00,-1.280004e+00,-5.137814e+00,-4.283179e-01,-2.231155e-03,-5.309389e-03,5.161799e-04,1.872889e+00
-1.185734e-03,6.268885e-01,-1.961108e+00,-1.709284e+00,5.544986e-01,-7.075914e-01,-2.876385e-03,3.244897e-04,-7.824773e-04,3.061769e+00
4.149181e-03,4.943895e-01,-6.937988e-01,-1.236797e+00,2.389700e+00,-3.463919e-01,1.026361e-04,4.733318e-03,-6.458705e-03,-1.502900e+00
-2.966802e-03,2.034760e-01,-2.951966e-01,7.122163e-01,1.517911e+00,3.812321e-01,-1.103391e-03,-3.092729e-03,3.036494e-04,4.142743e+00
1.347576e+00,1.912264e+00,-3.156078e-01,1.676769e+00,-1.144475e+00,1.553139e+00,1.817658e+00,-1.447929e+00,-2.911298e+00,-8.429722e-01
-1.422041e+00,5.132247e-02,-8.521883e-01,-1.350812e+00,-8.131318e-01,-3.404068e+00,-5.925570e-01,-3.035149e+00,-1.360452e+00,-1.592463e-01
2.232803e-03,-8.932567e-01,5.098247e-01,-5.969693e-01,2.626730e+00,-2.344905e-01,3.385424e-04,-7.062885e-03,-3.358640e-03,-1.154477e-01
-4.576082e+00,-7.931709e-01,1.584867e+00,3.389383e+00,2.638736e+00,5.043423e-01,3.078348e-02,1.233419e+00,-3.996956e-01,3.777494e-01
2.965700e-01,1.303072e+00,2.081284e+00,1.049036e-01,-1.461597e+00,4.398806e-02,-3.105314e-01,1.952497e+00,-3.168209e+00,-3.215785e+00
-1.429126e-03,1.207121e+00,2.844393e+00,1.886364e+00,1.741583e+00,-3.320713e-02,-7.632395e-05,-4.965227e-03,-2.108754e-03,-2.809708e+00
-4.006279e-05,8.219148e-01,-7.215974e-02,-1.901650e+00,-6.201375e-01,2.033520e+00,6.554764e-03,-6.455392e-03,1.487635e-03,1.325680e+00
2.302149e-02,6.073855e-01,-1.743091e+00,-1.137753e+00,3.127794e-01,-1.600876e+00,-1.394389e+00,-1.086610e+00,5.104151e+00,9.738478e-01
-1.157687e-03,-9.876702e-01,1.934069e-01,-3.343610e+00,1.231586e-02,-3.353483e+00,-2.664121e-03,6.347645e-03,4.852435e-03,7.859378e-01
2.582504e-04,-8.014243e-01,2.458368e-01,-2.852805e+00,-1.545431e-01,9.560994e-01,-4.509505e-03,6.049791e-03,-1.396633e-03,2.107123e+00
1.114418e-03,5.657144e-01,-6.202111e-01,-2.655905e+00,-1.088410e+00,-2.343000e-01,9.632765e-04,1.163679e-02,-3.347342e-03,2.125409e-01
1.040759e-03,-1.553521e+00,3.530142e-01,-3.177399e+00,2.588221e+00,-1.821659e+00,2.324414e-03,-2.312817e-03,3.460733e-03,-7.463219e-01
-3.192245e+00,-9.030954e-02,-2.911199e+00,-1.088068e+00,-2.494569e+00,4.401665e+00,1.537835e+00,-9.471071e-01,-2.481987e-01,-2.695317e+00
5.748952e-04,1.643157e+00,-3.687272e+00,2.199352e+00,1.091886e+00,1.631842e+00,-3.642322e-03,7.079793e-03,2.334245e-03,-1.096006e+00
