-2.004352e-03,-9.059233e-01,2.530589e+00,1.791537e+00,2.670402e+00,7.400591e-02,-5.126202e-03,-8.929283e-03,-2.514864e-03,4.684364e-01
-1.309023e+00,-3.118577e+00,5.535263e-01,-2.191526e+00,7.421816e-01,-2.210000e+00,-3.915461e+00,3.315640e+00,1.079510e+00,-2.428640e+00
1.645883e-03,-1.521418e+00,-4.080707e+00,1.753044e-01,5.338589e-01,1.353293e+00,-5.838006e-04,-1.260622e-02,-4.417917e-03,-1.062060e+00
2.987051e-03,6.790721e-01,-2.713306e+00,-2.121635e+00,-3.522958e-01,-4.005318e+00,6.473835e-04,-1.577981e-03,-8.688915e-03,4.897720e-02
3.125676e-03,1.412739e+00,1.667820e+00,6.108653e-02,-4.829682e-01,2.147224e+00,7.164279e-03,-6.530830e-03,-8.630160e-03,1.168588e+00
-2.304996e-03,2.180437e+00,3.803190e-01,2.837609e+00,-2.048063e+00,2.481625e+00,-5.792183e-03,-5.801701e-03,-9.394784e-04,-5.464963e-01
1.352892e+00,-3.378409e-01,-3.878911e+00,-3.373364e-01,2.634460e+00,-2.795016e+00,1.820288e+00,-1.467397e+00,-2.919243e+00,3.473611e-01
-1.421068e+00,-7.080229e-02,-1.441009e-01,1.511084e+00,-4.128912e-01,2.315053e+00,-5.887853e-01,-3.047258e+00,-1.362030e+00,1.595513e+00
-4.065849e-04,-3.740559e-01,-5.746338e-01,9.691767e-01,1.767530e+00,9.741310e-01,9.233493e-04,-2.536710e-03,2.276345e-03,-4.490705e+00
-4.575439e+00,1.027624e+00,-4.555458e-01,-1.719049e+00,8.396631e-01,-1.029126e+00,3.188413e-02,1.237577e+00,-3.905821e-01,2.283421e-01
2.969217e-01,1.040501e+00,3.192448e-01,1.571596e+00,1.981088e+00,-6.362124e-02,-3.141520e-01,1.942856e+00,-3.170839e+00,3.235859e+00
-1.702923e-03,6.635197e-01,-2.068926e+00,-1.911854e+00,-2.886461e+00,1.296421e+00,-7.540015e-03,7.601329e-03,-3.861785e-03,-7.544294e-01
1.081140e-03,-8.940922e-01,8.636137e-01,9.852299e-01,1.495057e-01,3.639450e+00,-4.234707e-03,-4.524636e-04,6.800559e-03,9.291016e-01
2.369743e-02,-7.031814e-01,-1.983402e-01,2.740021e+00,-4.471116e+00,-1.196212e+00,-1.391607e+00,-1.102020e+00,5.112561e+00,-7.736889e-01
-2.281378e-04,3.977854e+00,1.024950e+00,1.789393e+00,6.976658e-01,7.756306e-01,-3.606842e-03,-1.356892e-03,5.142276e-03,6.803606e-02
-2.239886e-03,-1.655407e+00,2.388142e+00,5.377718e-01,-2.123130e+00,-2.904804e+00,-3.629900e-03,-4.956375e-03,5.195905e-03,3.356069e+00
-2.813408e-04,2.187787e-01,7.694996e-01,-1.742488e+00,-5.558670e-01,8.675183e-01,-2.227525e-03,-1.029107e-02,-8.297361e-03,-5.647137e-01
-1.757177e-03,1.175103e-01,-1.042608e-01,1.629983e+00,-3.946349e+00,1.170241e+00,5.798087e-03,-1.837260e-03,8.953870e-04,-2.396831e+00
-3.194580e+00,-8.251737e-01,-1.645822e+00,-3.604655e+00,8.513337e-01,5.308289e-02,1.540734e+00,-9.509571e-01,-2.499149e-01,2.465975e-01
2.029927e-03,1.067536e+00,-5.666290e-01,-1.571131e+00,-5.572340e-01,-2.005109e+00,-2.400646e-04,-8.000122e-03,1.770299e-03,-5.878372e-01
