-3.995280e-03,3.028532e+00,-2.047212e+00,2.015193e-01,3.826856e-01,3.019768e+00,-4.197072e-03,-6.000870e-03,1.463103e-03,-6.950518e-01
-1.315223e+00,1.180808e-01,-4.650206e-01,-3.336727e-01,-1.942006e+00,-1.354880e+00,-3.910041e+00,3.316053e+00,1.075955e+00,-2.796280e-02
1.806396e-04,-2.423644e+00,-2.213843e+00,2.476087e+00,2.649919e-01,-3.552194e+00,5.117701e-03,-3.132131e-03,1.080276e-02,-1.002876e-01
-9.067204e-04,-6.574121e-01,2.925611e-01,1.514595e+00,-2.620517e+00,-1.043952e+00,4.139873e-04,2.704811e-03,-1.103292e-03,-1.057457e+00
3.810214e-03,-2.235841e-01,2.944137e-01,2.072427e-01,-2.611047e+00,1.082857e+00,6.280757e-03,9.973355e-03,-9.297684e-03,2.725051e+00
-1.842432e-03,2.444013e+00,-2.407013e-01,-3.008964e+00,2.629445e+00,-1.932147e-01,-3.907256e-03,-8.474130e-03,6.545381e-03,-2.791360e+00
1.348254e+00,1.145551e+00,9.351429e-01,2.970254e+00,-2.674376e-01,-3.652428e+00,1.817912e+00,-1.449691e+00,-2.911944e+00,1.666926e+00
-1.425295e+00,-1.567862e+00,9.397234e-01,-2.415367e+00,-1.603291e+00,-2.546243e+00,-5.906055e-01,-3.045018e+00,-1.364284e+00,-1.530828e+00
-5.175337e-03,-1.961113e+00,-3.249413e+00,-9.638836e-01,3.652638e+00,-2.255278e+00,-1.086036e-03,-2.309700e-03,-5.897383e-03,-1.953543e+00
-4.578996e+00,-7.001529e-01,5.077671e-01,-7.217496e-04,3.569972e+00,-1.808004e-01,3.105277e-02,1.239954e+00,-3.953998e-01,9.800363e-01
3.004190e-01,8.157716e-01,1.864032e+00,-2.581126e+00,4.502190e-01,6.262220e-01,-3.112805e-01,1.938438e+00,-3.167995e+00,1.614801e+00
-2.772240e-03,4.085777e-01,-1.603842e+00,-4.379662e-01,-2.995311e-01,-1.764980e+00,-4.482486e-04,-5.576589e-03,-5.111102e-03,6.345049e-01
4.482378e-04,-3.901012e-01,1.782280e+00,1.637321e+00,-1.079093e+00,2.355724e+00,-3.396225e-04,6.035500e-03,-2.039257e-03,-7.941077e-01
2.196157e-02,4.024795e+00,-8.267667e-02,5.677368e-01,-2.240853e+00,-2.481894e-01,-1.389102e+00,-1.098663e+00,5.093816e+00,-2.413531e-02
-1.569883e-03,-6.331711e-01,3.291958e+00,-4.385615e-01,9.562677e-01,-7.700313e-01,-1.202539e-03,3.324088e-03,-1.938171e-03,-6.275102e-01
-1.440844e-03,1.278847e-01,-7.965100e-01,-7.661964e-02,-5.347888e-01,5.823693e-02,-2.233386e-03,4.697889e-03,2.859439e-03,-4.337330e-01
8.870655e-04,-3.308795e-01,-1.309932e-01,-1.652465e+00,-3.507171e-01,-1.546101e+00,2.806456e-03,3.569069e-04,1.430492e-04,5.158475e-01
-1.285050e-03,-7.083448e-02,1.067038e+00,-8.064830e-01,1.982463e+00,-3.583627e+00,1.565484e-03,-5.722685e-03,-2.146512e-03,1.590618e+00
-3.194166e+00,3.360631e+00,-1.623267e-01,5.560938e-01,-4.742792e+00,-7.738647e-01,1.538108e+00,-9.423223e-01,-2.492977e-01,-2.332590e-01
2.470690e-03,1.698192e+00,1.271843e+00,8.647353e-01,6.691538e-01,-1.040154e+00,4.954533e-04,-7.409313e-04,2.451496e-03,1.723647e+00
