-7.121738e-03,-1.186256e+00,-7.004840e-01,-2.347585e-02,1.826527e+00,3.026818e-01,-2.852694e-03,3.539993e-03,8.008452e-03,9.721785e-02
-1.310183e+00,-9.629242e-02,-1.377963e+00,7.243439e-01,4.158399e-01,-3.476474e-01,-3.915830e+00,3.320599e+00,1.068995e+00,-1.042463e+00
2.174072e-03,-2.962466e-01,-3.419259e+00,-9.894414e-01,-1.560015e+00,2.544637e-02,4.832517e-04,9.592323e-04,2.107585e-03,2.549214e+00
-9.792175e-05,-8.715216e-02,1.561983e+00,4.167725e-01,-7.433404e-01,-1.697285e-01,-2.696695e-03,1.897577e-07,-2.633780e-03,-3.061324e+00
1.405245e-03,9.462216e-01,2.219550e-01,-4.538435e-01,-7.351749e-01,-1.366668e+00,3.090863e-03,-1.398345e-03,-2.073540e-03,-8.938977e-01
-4.619158e-03,3.179297e-01,2.446866e+00,8.762993e-01,4.349768e-01,1.184472e+00,-9.695054e-04,-1.266609e-02,-4.370073e-04,-4.749277e-01
1.352497e+00,-9.957495e-01,9.437523e-01,3.859587e+00,1.410759e-01,2.327840e+00,1.817458e+00,-1.432602e+00,-2.914528e+00,1.437601e+00
-1.421929e+00,-6.226114e-01,1.148804e+00,-1.715154e+00,-3.239251e+00,-1.777569e+00,-5.931270e-01,-3.049178e+00,-1.358622e+00,-9.147248e-01
-1.020515e-03,1.695570e+00,2.415299e+00,-5.241765e-01,-7.431973e-01,-4.794693e-01,2.842535e-03,-1.336361e-02,2.862783e-03,7.396966e-01
-4.576864e+00,-2.466498e+00,-2.043323e-01,-8.085261e-01,-5.684334e-01,-1.697481e+00,3.138276e-02,1.259962e+00,-3.947286e-01,-2.137411e+00
2.946673e-01,-1.105955e+00,-5.877758e-01,-6.127498e-03,-9.695191e-01,8.420052e-01,-3.099086e-01,1.947805e+00,-3.170303e+00,4.083217e-02
-1.966377e-03,9.433124e-01,-1.141939e+00,3.065099e+00,-2.413815e-01,-1.417103e+00,-4.569782e-03,-1.564564e-03,4.419162e-03,1.547730e+00
3.418996e-03,-5.953140e-01,7.865511e-01,-9.496019e-01,1.823789e+00,9.576448e-01,3.393499e-03,1.504106e-03,2.493641e-03,-2.426669e-01
2.015866e-02,-1.200328e+00,-4.590204e-01,2.692635e-01,-2.600986e+00,-3.726980e-01,-1.384386e+00,-1.105848e+00,5.099424e+00,-2.853359e+00
-2.509023e-03,1.207340e+00,2.270635e+00,-5.267604e-01,2.940468e-01,-7.352675e-01,-1.089327e-03,8.291466e-03,-3.126777e-03,1.618102e+00
7.331824e-04,1.795258e+00,-1.112743e+00,-1.503124e+00,1.247665e+00,-8.865422e-01,-1.088718e-03,-6.154461e-03,1.089376e-03,-2.395269e+00
1.747274e-03,-7.911794e-01,2.350796e+00,3.651117e-01,1.088371e+00,1.860233e+00,5.904612e-03,-4.879325e-03,4.016040e-05,8.777648e-01
-9.834403e-04,1.636257e+00,-1.867767e-01,5.172987e-01,2.352865e-01,1.454632e+00,4.891587e-03,-2.627107e-03,-3.120902e-03,-4.348453e-01
-3.192839e+00,-3.545779e+00,-2.254537e+00,1.218325e+00,-1.358767e+00,1.491099e+00,1.541236e+00,-9.431603e-01,-2.467262e-01,7.104635e-02
3.402534e-03,3.448769e-01,-1.694127e-01,1.101201e+00,5.831984e-01,1.121076e+00,4.122079e-03,1.557150e-03,2.804714e-03,1.403610e+00
