-4.507705e-03,1.750041e-02,-1.262818e-01,-6.787623e-01,9.365060e-01,1.062473e+00,-5.817425e-03,2.042639e-03,-6.491195e-04,3.301343e-01
-1.313737e+00,6.612333e-01,-7.991169e-01,-4.370794e-01,1.117456e+00,3.241139e-01,-3.917259e+00,3.319074e+00,1.071595e+00,-1.455038e+00
-8.249374e-05,-2.872838e+00,1.989390e+00,6.214674e-01,-2.875487e-01,6.352409e-01,1.132892e-03,-1.162369e-02,-2.717793e-03,5.301274e-01
2.258712e-03,3.207801e+00,-8.111069e-01,6.201404e-01,2.261009e+00,-1.305370e+00,6.829122e-04,9.412849e-03,7.321966e-04,-2.453227e+00
2.323740e-03,-5.886508e-01,-2.490499e+00,5.527396e-01,1.365601e+00,-6.597437e-01,5.448782e-03,2.155237e-03,6.593582e-05,-1.357287e-01
-1.243284e-03,1.750963e-01,5.420484e-01,8.005287e-01,-1.002492e+00,2.202149e-02,-1.650547e-03,-2.084551e-03,5.147144e-03,-7.128376e-01
1.347809e+00,-9.345972e-01,-3.898158e-01,9.597319e-01,-6.951047e-01,-4.566875e-01,1.822644e+00,-1.460419e+00,-2.920481e+00,3.830062e-01
-1.424040e+00,-9.971642e-01,-7.940632e-01,-1.212326e-01,-5.083265e-01,1.299913e+00,-5.856365e-01,-3.061317e+00,-1.364379e+00,-1.200179e+00
-2.670261e-03,-1.148165e+00,2.548293e-01,7.427678e-01,6.001631e-01,2.664541e-01,-3.040425e-03,-9.180715e-03,-3.132165e-03,-1.740903e+00
-4.575772e+00,7.105323e-01,-2.207007e+00,-3.315869e-01,2.273324e+00,-2.657978e+00,3.089479e-02,1.234647e+00,-4.015624e-01,-3.562019e+00
2.943216e-01,-1.438206e+00,1.416628e+00,2.664273e+00,1.792551e+00,-1.002292e+00,-3.148414e-01,1.945649e+00,-3.164755e+00,-1.994266e+00
-3.454917e-03,1.715626e+00,-7.221974e-01,1.136538e+00,-1.045279e-01,6.895329e-01,1.583757e-03,1.183857e-02,-5.057150e-03,1.973584e+00
1.061324e-03,9.096032e-01,1.947052e+00,-7.541998e-01,1.279358e+00,-2.288098e+00,4.391242e-03,7.245931e-03,-5.423334e-04,-4.494473e-01
2.156570e-02,1.970367e+00,3.732820e-01,4.677869e-01,-1.833091e-02,3.117830e+00,-1.391193e+00,-1.098040e+00,5.096971e+00,2.642497e-01
-4.454339e-03,-1.499741e+00,1.688673e+00,2.628003e+00,2.723847e+00,3.337103e+00,-3.075576e-03,4.745527e-03,1.527271e-03,-1.625513e+00
-1.782296e-03,-2.024917e+00,1.637110e+00,-2.272514e-01,-3.793737e+00,-1.793961e-01,-2.693215e-03,-4.376425e-03,-3.922136e-03,-2.981587e+00
1.557640e-03,-2.155640e-01,-4.594656e-01,7.236364e-01,-6.424560e-02,-5.776136e-01,3.662352e-03,2.533202e-03,-7.596698e-04,7.164409e-01
1.520140e-03,-8.686504e-01,-1.112048e+00,-3.232213e-01,6.203543e-01,-4.252645e-01,-9.639188e-04,-7.390739e-05,7.513570e-03,-3.355666e-01
-3.196377e+00,2.178864e+00,-1.984163e+00,6.190404e-01,1.340294e+00,-6.168877e-01,1.543160e+00,-9.475505e-01,-2.517516e-01,7.778718e-01
1.380314e-03,-1.673275e+00,3.291837e-01,-1.027009e+00,2.040097e+00,8.452683e-01,2.144516e-03,5.382564e-03,8.442517e-04,-1.936423e+00
