-2.779667e-03,-1.845046e+00,-2.502385e-01,-2.434612e-01,1.631667e+00,-2.467127e-01,-6.576759e-04,4.948913e-03,1.091754e-03,-1.680509e-01
-1.313266e+00,-1.700449e-02,-1.913166e-01,-1.260993e+00,-1.208609e+00,-7.063390e-01,-3.914594e+00,3.309087e+00,1.086796e+00,-1.995614e+00
4.263957e-04,3.498332e-01,-9.542616e-01,-1.543671e+00,1.390735e+00,7.717058e-01,2.271596e-03,-5.709175e-03,-2.893141e-04,-3.126607e-02
8.969205e-04,1.599354e+00,6.189609e-02,2.035811e+00,-2.089058e+00,-5.068816e-01,3.112249e-04,-5.980239e-03,2.107967e-03,-2.185012e-01
1.977769e-03,1.664336e+00,1.130102e+00,-1.698889e+00,3.186807e+00,3.631897e+00,4.047589e-03,9.955608e-04,-1.709517e-03,8.469556e-01
-3.757666e-03,-2.196028e-01,-9.291787e-01,-3.066819e-01,5.492346e-01,3.597098e+00,2.156135e-04,-2.365442e-03,-4.837827e-05,-2.249422e+00
1.350162e+00,-8.295015e-01,1.705936e+00,-5.100977e-01,-2.453962e+00,-5.110128e-01,1.814830e+00,-1.453165e+00,-2.906557e+00,-7.381672e-01
-1.419428e+00,-6.968148e-01,-2.822982e+00,-5.124754e-01,-1.728352e+00,3.273065e+00,-5.879837e-01,-3.047548e+00,-1.359125e+00,3.733291e+00
-3.309154e-03,-1.864766e+00,6.455251e-01,-4.143020e-01,1.129888e+00,3.079677e+00,7.627869e-04,-8.034387e-03,2.030624e-03,-2.378377e-01
-4.577174e+00,-2.010518e+00,-1.958496e+00,2.437084e+00,6.042725e-01,-6.794570e-01,3.258303e-02,1.244474e+00,-3.925520e-01,-5.996957e-01
2.975036e-01,-2.990559e-01,-1.035757e+00,-1.319840e+00,-1.867614e+00,2.035240e-01,-3.102044e-01,1.961840e+00,-3.162632e+00,-4.393565e+00
-2.238501e-03,3.175235e-01,9.572596e-01,-1.666033e+00,4.221162e+00,-3.486845e+00,-1.295041e-03,-4.147040e-03,2.159115e-03,2.268825e-01
2.430975e-03,1.499405e+00,6.024190e-01,-3.532395e+00,-7.220227e-01,-2.128573e+00,1.917673e-03,-3.931870e-03,7.784956e-04,-7.701845e-02
2.175206e-02,1.404020e+00,2.463067e+00,8.877517e-01,1.127643e+00,-3.461921e+00,-1.388231e+00,-1.105029e+00,5.105253e+00,8.114002e-01
-1.481899e-03,-1.882658e+00,-2.190651e+00,-2.084118e+00,-1.250429e+00,1.664206e+00,-3.688386e-03,-6.737209e-03,3.690749e-04,-8.123400e-01
-3.771510e-04,1.899687e-01,-4.293334e-01,-1.640678e+00,-3.041124e-01,-2.023821e+00,2.930411e-03,7.355310e-03,-5.805874e-03,2.824815e+00
1.226287e-03,-2.692611e+00,3.231540e-01,-1.524043e-01,-9.952635e-01,7.040613e-02,3.020139e-03,-1.542812e-03,-2.170826e-03,-6.063821e-01
-5.144868e-04,1.734351e+00,-1.880364e+00,3.644149e-01,1.667759e+00,-7.402458e-01,7.021591e-04,-7.079544e-03,-1.467757e-03,1.139246e+00
-3.193899e+00,-3.271687e+00,1.941689e+00,2.088811e+00,-3.688279e-01,-2.451908e+00,1.540495e+00,-9.363356e-01,-2.520974e-01,-1.147052e+00
5.365241e-03,-3.879611e+00,8.382610e-01,2.722356e+00,-1.448178e+00,6.585121e-01,-1.276121e-03,-4.837457e-04,-2.020711e-03,1.454401e+00
