-4.867988e-03,1.885826e+00,4.704901e-01,-4.122902e-01,-1.528623e+00,-2.725633e+00,-2.370313e-03,-1.115482e-04,1.324282e-03,2.695484e-01
-1.309732e+00,2.817251e+00,-6.111638e-01,-1.626822e+00,-2.722119e-01,-2.484650e+00,-3.915544e+00,3.307381e+00,1.075061e+00,-1.335822e-01
-3.138342e-03,1.388744e-01,-2.535868e+00,-1.166457e+00,-2.627302e-01,1.471850e+00,-3.181610e-03,6.886090e-03,1.783361e-03,-1.433019e-01
7.794509e-04,5.586003e-01,6.199219e-01,2.240053e+00,9.972593e-01,-2.582038e+00,-1.708454e-03,-2.727579e-03,5.472121e-03,-1.746066e+00
-1.843486e-04,3.320266e+00,-1.676887e+00,-9.589277e-01,5.081700e-01,-1.790048e+00,5.156425e-03,2.558728e-03,6.586985e-04,-2.516652e-01
-6.539040e-04,-1.250925e+00,-5.217504e-01,5.661222e-01,-8.714813e-01,1.533271e-01,-3.756095e-03,-4.099537e-03,7.828971e-03,2.211151e+00
1.346179e+00,3.515402e-01,-7.023497e-01,-3.882416e+00,-1.007869e-01,-1.206116e+00,1.823197e+00,-1.453394e+00,-2.922417e+00,-4.942159e+00
-1.421689e+00,-1.782098e-01,1.657045e+00,-1.559884e+00,2.542397e+00,-1.193004e+00,-5.916252e-01,-3.042950e+00,-1.355861e+00,8.304570e-01
7.148313e-05,2.100389e+00,4.179296e-01,-2.152235e+00,-1.112523e-01,4.691361e-01,-1.765862e-03,1.030586e-02,3.006642e-03,-2.399795e+00
-4.576962e+00,8.576274e-01,-1.012121e+00,1.636358e-01,-1.069050e+00,6.662139e-01,2.861052e-02,1.243738e+00,-3.961636e-01,-8.006300e-01
2.972700e-01,1.075159e+00,-3.559651e+00,1.051238e+00,2.364569e+00,-1.610522e+00,-3.061318e-01,1.953576e+00,-3.164011e+00,2.577407e-01
-1.210712e-03,1.398615e+00,-8.313712e-01,1.272517e+00,1.126152e+00,-7.275954e-01,-4.906472e-03,8.825850e-03,-6.386073e-03,-5.385878e-01
3.224934e-03,-7.053855e-01,-1.568868e-02,-5.078733e-01,2.800195e+00,2.831699e+00,-1.037350e-03,-2.052664e-03,-3.405155e-03,6.196320e-01
2.073844e-02,2.146907e-01,-5.546542e+00,1.431084e+00,1.947514e+00,2.045594e+00,-1.390740e+00,-1.088271e+00,5.098256e+00,-4.346606e-01
-3.221926e-03,-3.941127e-02,-4.500736e-01,9.757292e-01,-1.092731e+00,-1.357359e+00,1.043689e-03,-1.029308e-02,-4.011258e-03,-1.504677e+00
-8.929949e-04,2.924176e+00,1.751554e+00,-2.065572e+00,-1.506066e-02,2.090770e+00,1.861401e-03,-7.174064e-03,2.327996e-03,-7.965933e-01
1.890011e-04,4.918497e-01,-4.510666e-01,4.553564e-01,4.300214e-01,-2.088920e+00,6.703703e-03,6.270693e-03,-6.063758e-03,-2.462017e+00
-1.983967e-03,-2.607426e+00,-8.302487e-01,5.769839e-01,-7.412813e-01,7.932388e-01,4.058966e-04,-5.097714e-03,2.961220e-03,-8.211925e-01
-3.190844e+00,-1.806042e+00,1.712551e+00,-2.160762e-01,4.304622e-01,1.391660e+00,1.539189e+00,-9.381655e-01,-2.474177e-01,-2.777929e+00
3.732513e-04,9.974169e-01,1.701152e+00,-2.561842e+00,1.879010e+00,-8.361250e-01,1.098441e-03,1.285912e-03,4.847233e-03,-1.415561e-01
