-2.070145e-03,5.816020e-01,3.089266e+00,2.074569e+00,-1.712589e+00,2.087320e+00,-3.946837e-03,-1.129370e-02,3.617541e-04,-3.033253e+00
-1.312108e+00,1.605793e+00,3.581222e+00,2.509357e+00,2.676099e-03,-1.052924e+00,-3.913001e+00,3.317304e+00,1.076226e+00,-5.453714e-01
-1.354302e-03,1.035995e+00,-6.844813e-01,9.003084e-01,1.735061e+00,-8.194954e-01,-1.790418e-03,2.992636e-03,-2.135136e-03,2.855141e+00
9.981331e-04,-1.729255e-01,1.353542e+00,3.138570e+00,2.073049e+00,-8.841801e-01,2.603925e-03,-1.715861e-03,2.316558e-03,-5.294936e-01
3.964404e-03,-2.196494e+00,-8.932696e-02,1.923641e+00,1.273337e+00,1.874337e+00,2.534062e-03,5.789210e-03,-8.455085e-04,5.415449e-01
6.124055e-05,-1.340907e+00,-1.707888e+00,-2.234298e-01,8.956424e-01,1.611873e+00,2.762643e-03,-1.849492e-03,-5.458107e-03,9.369668e-01
1.350484e+00,1.685714e-01,-2.423737e+00,-2.722226e+00,-1.675077e-01,-6.163584e-01,1.816295e+00,-1.473317e+00,-2.924037e+00,5.828816e-01
-1.421863e+00,2.209353e+00,6.578757e-01,-3.162397e-01,2.935456e+00,6.524682e-01,-5.947050e-01,-3.049432e+00,-1.357962e+00,1.854995e+00
-2.901048e-03,1.651691e+00,3.349297e-01,1.701894e+00,8.875145e-03,5.288493e-01,2.499804e-03,-6.800872e-04,-4.152952e-03,-1.070317e+00
-4.574892e+00,-1.529965e-01,-7.759053e-02,3.718292e-01,2.930134e-01,-2.121023e+00,3.336455e-02,1.238314e+00,-3.921632e-01,-2.816317e+00
2.926796e-01,2.024211e-01,-1.383040e+00,6.526011e-01,7.218000e-01,-1.105947e+00,-3.130876e-01,1.936749e+00,-3.164056e+00,1.981212e+00
-4.871666e-03,-2.616786e+00,-1.891607e+00,-1.377325e-01,2.782663e+00,-2.691550e+00,-8.808085e-04,1.524504e-03,-1.462077e-03,-6.359787e-02
1.503933e-03,2.001865e+00,-2.097081e+00,8.922276e-01,-2.941824e-01,4.346898e-01,-2.532440e-03,-1.625900e-03,-1.832783e-03,-1.391340e-02
2.339342e-02,-6.032709e-01,1.987351e+00,1.276765e+00,-1.845135e+00,-9.640322e-01,-1.391243e+00,-1.102885e+00,5.100637e+00,1.895856e+00
-4.122592e-03,-3.178369e+00,5.668686e-01,-6.573721e-01,-1.458556e+00,1.003510e+00,-4.131753e-03,-1.142157e-03,1.038652e-03,3.062608e+00
-1.910734e-03,-1.719911e-01,-1.181716e+00,1.399123e+00,1.892428e+00,-3.106282e+00,-7.978063e-03,2.254401e-03,-7.033639e-04,1.845662e+00
4.905545e-04,3.447702e+00,-1.105457e+00,6.305034e-01,-8.880737e-01,3.968532e-01,3.385160e-03,3.841709e-03,-2.568179e-03,3.161879e-01
-1.137969e-03,-2.474648e+00,3.116549e-01,9.476182e-01,1.084458e+00,1.958360e+00,4.842598e-04,-1.414575e-03,5.970350e-03,4.641309e-01
-3.194309e+00,1.024805e+00,-4.747325e+00,7.932527e-01,1.430288e+00,7.342255e-01,1.538325e+00,-9.536724e-01,-2.539430e-01,4.800338e-01
2.626665e-04,9.237594e-01,4.976923e-02,-6.192260e-01,-4.671003e-01,3.576959e-01,1.241014e-04,3.460260e-03,1.257604e-04,1.044648e+00
