1.369838e+00,2.497651e-01,6.208802e-01,-4.357617e-01,-2.928146e-01,-1.247896e-02,9.193183e-02,-6.977933e-01,-9.086130e-01,1.775362e+00
1.521871e+00,3.108589e-01,1.739068e+00,-1.161100e+00,1.120583e-01,-1.027591e-01,-1.727789e+00,-2.867361e-01,5.544829e-01,4.902780e-01
1.602945e+00,1.206618e+00,-1.804160e+00,2.897945e-01,3.384930e-01,1.121039e+00,-1.270375e+00,9.046899e-01,-6.713499e-01,5.913830e-01
3.215769e-03,5.978823e-01,-1.124249e+00,1.011214e+00,-5.327674e-04,-2.793326e-01,2.428916e-03,2.973316e-01,-1.316082e+00,4.461484e-03
-2.098889e-03,-4.980326e-01,-7.310583e-01,-3.641253e-01,-3.238163e-03,4.769020e-01,5.110269e-03,-1.036968e+00,-4.534159e-01,-4.706365e-04
3.442655e-03,1.300954e+00,-1.774714e+00,-1.068690e+00,5.992189e-03,-4.355426e-01,1.510672e-02,-1.015725e+00,-7.515566e-02,1.242826e-03
-1.572188e-03,5.741723e-02,3.983541e-01,2.394136e-01,-4.985272e-04,4.286922e-01,-5.815963e-03,-4.163803e-01,-6.960254e-02,3.673538e-04
-9.757138e-01,2.804889e-01,1.290048e-01,1.575222e+00,3.904287e-01,1.919330e+00,-1.116094e-01,-5.183558e-02,-1.944690e-01,1.902492e+00
5.371659e-04,1.392328e-01,-3.445517e-01,1.214364e+00,7.220670e-03,-8.191965e-01,-8.721524e-04,-6.120765e-01,1.016757e-01,4.218878e-03
-2.809846e-03,1.258425e+00,-7.473160e-01,1.232450e+00,-3.925256e-03,2.702710e-01,2.201489e-03,-1.136351e+00,-8.829668e-01,-2.044106e-03
-7.227295e-04,-9.010617e-01,-8.034150e-01,6.891446e-01,5.525937e-03,3.413670e-01,-6.088532e-03,5.157005e-02,-1.440637e+00,1.244592e-03
4.138791e-03,2.415172e-01,-1.010562e-01,-1.932641e+00,2.088066e-03,4.649155e-01,9.375068e-04,-1.057135e+00,-4.327562e-01,8.034339e-05
3.145840e-03,2.556915e-01,-5.580313e-01,-4.582062e-01,3.048424e-03,8.157115e-01,3.554143e-03,-3.638006e-01,7.850909e-01,3.731533e-03
4.028449e-03,-1.146909e+00,2.209654e-01,-1.270356e-03,3.104736e-03,-9.084091e-02,-2.410959e-03,-4.541702e-01,3.728070e-01,-3.947087e-04
-1.357869e-03,-1.486513e+00,-9.711690e-02,6.942364e-01,-1.183726e-04,1.985260e+00,1.617177e-02,3.823247e-01,5.944386e-02,-2.379553e-04
1.521847e+00,-4.198153e-01,-6.273089e-01,-1.391009e-01,-2.402033e-01,3.392080e-01,-1.379266e+00,6.272707e-01,-2.794266e-01,-1.947333e+00
-7.811053e-01,8.147896e-01,5.784898e-02,2.936015e-01,-3.180255e-01,5.581521e-01,3.543942e-01,8.234405e-01,7.024324e-01,-1.599046e-01
-2.531392e-03,4.367627e-01,-7.285842e-01,-3.317928e-01,-2.823687e-03,-1.185538e+00,-1.885904e-02,5.861050e-01,-1.165071e+00,-1.775862e-03
-1.578834e-01,-1.741582e+00,6.680390e-01,-6.605676e-01,-6.275858e-01,1.581967e+00,1.897982e-01,-5.985129e-01,-3.596363e-01,2.412290e-02
-8.154930e-01,1.634655e+00,-3.288736e-01,4.201685e-01,1.160836e+00,9.798692e-02,-1.445430e+00,-1.944327e+00,-7.073296e-01,1.039934e+00
