1.358757e+00,-4.651497e-01,7.676127e-01,-7.850972e-02,-2.874791e-01,-9.900426e-01,8.989020e-02,-7.884281e-01,-1.405549e+00,1.778790e+00
1.525152e+00,-5.122215e-02,9.928977e-01,3.531613e-01,1.092291e-01,-4.253419e-01,-1.743158e+00,-5.547866e-01,1.613470e+00,4.827707e-01
1.597083e+00,4.508373e-01,6.302902e-02,2.270954e-02,3.175270e-01,3.922103e-01,-1.278548e+00,-7.546511e-01,-8.706946e-01,5.891142e-01
2.239411e-03,-7.991512e-01,5.023804e-01,-3.216889e-01,-2.730358e-03,-1.365653e+00,-3.220559e-03,-8.072274e-01,-1.128713e+00,-2.516652e-03
9.856402e-04,-8.458666e-02,-4.031038e-01,3.997196e-01,2.990378e-03,-1.384078e+00,6.397694e-03,1.323424e+00,1.000075e+00,-4.641135e-03
-2.465669e-03,3.222287e-01,-1.170504e+00,1.482548e+00,1.080721e-03,-6.616395e-01,5.097331e-03,9.541661e-02,1.128672e-01,1.201728e-03
1.944942e-04,-1.680805e+00,-2.663771e-01,-3.013597e-01,-7.045499e-04,3.002333e-01,1.484898e-03,-1.722528e+00,4.307152e-03,3.837746e-03
-9.769700e-01,2.908478e-01,2.984922e-01,-9.712703e-01,3.841832e-01,8.103613e-01,-1.113450e-01,6.674475e-01,3.423470e-01,1.907377e+00
-2.219202e-04,-1.219645e+00,9.596252e-01,-8.420993e-01,-2.092986e-03,-5.668005e-01,-6.700841e-03,-4.244071e-01,1.062985e+00,2.959966e-03
4.814281e-03,-1.995276e-01,1.508945e+00,-9.978625e-02,-1.213713e-03,4.188670e-01,-1.587130e-03,-1.425716e-01,-1.586114e-01,-6.190328e-03
6.936433e-03,4.022512e-01,-4.335581e-01,3.687123e-01,4.866475e-03,5.146400e-01,-4.380536e-03,-7.526875e-01,5.579402e-01,-2.380150e-03
-4.207974e-03,-3.728313e-02,5.780251e-01,-1.765041e-01,-1.437220e-03,6.017192e-01,1.094749e-02,-1.352266e+00,6.209422e-01,2.020421e-03
9.118818e-04,-1.185089e+00,-1.515500e+00,7.410826e-02,-1.189487e-03,-7.609345e-01,-3.890500e-03,9.235257e-01,6.142731e-01,2.653311e-03
3.462206e-03,1.367286e+00,9.818401e-01,8.352553e-01,5.554761e-03,9.681312e-01,5.364997e-03,-1.591731e+00,-1.852930e-01,-1.098472e-03
-2.454328e-03,7.813464e-01,-1.979236e-01,8.110215e-01,4.314584e-03,6.204233e-01,9.638356e-03,6.859286e-01,4.087224e-01,-1.639474e-03
1.522629e+00,1.482442e+00,1.315151e-01,-9.341714e-01,-2.434867e-01,2.126072e-02,-1.380596e+00,-1.251127e-01,-6.599901e-01,-1.943059e+00
-7.771485e-01,1.551915e-01,4.172412e-01,1.296120e-01,-3.158155e-01,1.244597e-02,3.536567e-01,7.182398e-01,-2.475529e-01,-1.588758e-01
-3.950308e-03,6.685414e-01,2.537003e-01,-1.142913e+00,1.026106e-03,-1.343799e+00,-7.147513e-03,-8.327312e-01,-1.222706e+00,-9.016328e-04
-1.654800e-01,-1.779458e-01,-6.053925e-01,-4.354678e-01,-6.203531e-01,3.453603e-01,1.761818e-01,-6.024313e-01,5.507885e-01,2.639436e-02
-8.186367e-01,6.326639e-01,5.262304e-01,-1.785971e-01,1.158385e+00,1.372717e+00,-1.452530e+00,-2.926702e-03,-8.477260e-01,1.037944e+00
