1.358057e+00,1.033576e+00,-2.744762e-01,6.896794e-01,-2.739843e-01,1.359221e+00,8.859121e-02,2.167268e+00,-8.543447e-01,1.779628e+00
1.524466e+00,-4.683877e-01,-1.608227e+00,2.508970e-02,1.197747e-01,-4.902995e-01,-1.740872e+00,3.346572e-01,-1.474369e+00,4.802299e-01
1.596033e+00,-1.149896e-01,-6.124307e-01,-7.387247e-01,3.297913e-01,-1.875908e+00,-1.252763e+00,3.982972e-01,-8.122643e-01,5.917386e-01
3.157046e-03,7.058635e-01,-5.824557e-01,1.264688e+00,2.052638e-03,1.121592e+00,9.380951e-03,7.739759e-01,1.101316e-01,9.452928e-04
4.666163e-03,9.355116e-01,-9.321362e-01,-1.761982e+00,-6.733433e-04,-7.589410e-01,-1.355092e-02,6.953416e-01,1.362331e+00,2.984165e-05
-1.233171e-03,2.075189e+00,-3.898697e-01,3.273113e-01,-2.935148e-03,9.435908e-01,-4.991116e-03,8.583030e-01,-1.422800e-01,-1.041298e-03
-5.568361e-05,-1.266387e-01,-6.200858e-02,-2.882104e-01,-1.805401e-03,1.532880e+00,5.860461e-03,-8.340518e-01,1.081823e+00,-2.044239e-03
-9.742939e-01,-6.858348e-01,5.815376e-01,5.599212e-01,3.870143e-01,-6.050946e-01,-1.141140e-01,1.073430e+00,-6.369322e-01,1.902439e+00
2.361048e-04,-8.371428e-02,4.525157e-01,-2.244516e+00,-1.190108e-03,-9.612304e-03,9.920030e-03,-3.793837e-01,1.887567e+00,3.553038e-04
-1.300090e-03,-3.918499e-01,8.255676e-02,-1.164710e+00,3.315673e-03,6.778798e-01,-1.987544e-03,-3.792052e-01,1.558359e+00,-3.885130e-03
-8.390566e-04,-4.222709e-01,-1.170648e+00,3.513227e-01,-3.794645e-03,-4.033252e-02,7.048856e-03,4.609279e-01,-3.140179e-01,6.718091e-04
1.835206e-03,2.092421e-01,-3.191310e-02,-5.008881e-01,-4.247305e-03,-1.541745e+00,2.699999e-03,-5.756228e-01,-1.401603e+00,5.435910e-04
1.981573e-03,9.418760e-01,-5.721605e-01,-2.636999e-01,5.299254e-04,-6.643153e-01,1.015760e-02,-5.630673e-01,-1.500329e+00,2.157310e-03
3.511692e-03,3.043625e-01,-1.146085e+00,6.380558e-01,1.144056e-02,-8.502486e-01,-1.928855e-03,-1.223916e-01,2.017197e+00,-1.205697e-05
-5.937055e-03,1.392203e+00,5.434660e-01,1.407350e+00,-9.308737e-04,-1.106579e+00,5.742175e-03,6.250069e-01,-1.318546e+00,-8.600820e-04
1.522724e+00,9.240598e-01,8.070629e-02,-1.222240e+00,-2.577555e-01,9.525058e-01,-1.393135e+00,9.671881e-01,2.215039e+00,-1.948230e+00
-7.880213e-01,-2.894167e-01,1.305911e+00,-6.728968e-01,-3.149309e-01,1.259461e+00,3.475064e-01,-6.206400e-01,5.651948e-01,-1.630291e-01
-6.201703e-05,-1.161321e+00,-1.310911e+00,3.943217e-01,1.839869e-03,-2.937913e-01,-4.850327e-03,1.255449e+00,5.132493e-01,3.702512e-03
-1.596874e-01,-7.280885e-01,3.760491e-01,3.802928e-01,-6.210900e-01,-2.317354e+00,1.788678e-01,3.357627e-01,-9.990596e-01,2.647710e-02
-8.163891e-01,6.422360e-01,-6.018591e-01,1.965009e+00,1.152616e+00,-7.603452e-01,-1.460979e+00,7.928520e-01,2.973026e-01,1.041186e+00
