1.369539e+00,-7.530095e-01,1.447274e-01,-4.447474e-01,-2.714263e-01,2.011179e-01,9.043531e-02,-1.190633e+00,6.231011e-01,1.777792e+00
1.525103e+00,1.230655e+00,-6.416776e-02,1.234391e+00,1.050341e-01,-5.674577e-01,-1.745215e+00,-5.698569e-01,2.928175e-01,4.892946e-01
1.607768e+00,-8.902951e-01,7.382976e-02,-5.952842e-01,3.344910e-01,-9.045445e-01,-1.279742e+00,-1.125255e+00,2.558669e+00,5.932594e-01
-1.128237e-03,-3.367820e-01,-4.527565e-01,-1.609263e+00,5.786908e-03,-4.535074e-01,2.928751e-03,-2.492382e-01,-1.687443e+00,-5.315038e-05
9.028881e-03,-7.626395e-01,-3.505556e-01,-1.018532e+00,-1.796228e-03,-1.855113e-01,-7.773982e-04,-1.417987e+00,9.818139e-01,5.072220e-05
-1.387949e-03,-1.227507e+00,6.726121e-01,1.653044e-03,4.680202e-03,1.196182e-01,2.285366e-03,4.264570e-01,1.491876e-01,-1.627193e-03
1.912893e-03,4.547081e-01,5.735601e-01,-1.333446e+00,-2.430129e-03,-1.068606e+00,6.058995e-03,-2.466659e-01,1.276142e-01,1.428251e-03
-9.712494e-01,3.278800e-01,-1.487110e+00,-1.210341e+00,3.892328e-01,-5.177128e-01,-1.177689e-01,-1.798462e-01,1.197047e-01,1.903349e+00
-8.488597e-04,2.498876e-01,7.584355e-02,-9.303425e-02,3.744853e-03,-2.909483e-01,-1.356212e-02,-4.389850e-01,3.857668e-01,1.818588e-03
-1.377916e-03,1.079119e-01,-1.085464e+00,1.699546e+00,-1.899532e-03,-4.829699e-01,-5.880296e-03,-1.238012e+00,-1.017820e-01,-2.195108e-04
-3.478742e-03,7.680363e-01,2.867557e-01,-5.033621e-01,-3.440263e-03,6.255890e-04,7.680300e-03,1.000212e+00,-1.502525e-01,2.200110e-03
-5.225047e-03,-1.176096e-01,3.793600e-01,-8.783287e-01,2.450786e-03,-1.327747e+00,-6.843235e-03,2.491079e-01,-4.626882e-01,-3.917006e-03
1.026444e-04,7.748842e-01,4.747304e-01,-6.895646e-01,7.350510e-03,3.052165e-01,8.926730e-03,-9.050560e-01,6.463584e-01,4.620777e-03
-9.876348e-04,-1.512902e+00,1.566896e-02,2.375142e-01,2.479524e-03,-5.904220e-01,9.725284e-03,3.301317e-01,-4.138436e-01,-7.912627e-04
-2.244612e-03,1.505129e+00,6.973127e-01,4.207684e-01,-5.170338e-03,-6.587327e-01,-1.017629e-02,-3.109701e-01,-2.594588e-01,1.726770e-03
1.523741e+00,6.550321e-01,3.105839e-01,-1.378910e-01,-2.545349e-01,1.175182e+00,-1.389048e+00,-2.012114e+00,4.155619e-02,-1.943121e+00
-7.749585e-01,-5.799227e-01,2.164827e-01,-2.576815e-01,-3.038923e-01,4.114594e-02,3.480948e-01,1.017252e+00,5.364240e-01,-1.600189e-01
-7.670827e-03,-9.182081e-01,-8.287388e-01,-5.621813e-01,8.692422e-03,-1.022172e-01,9.048336e-03,-1.079827e+00,2.130847e-01,-3.784959e-03
-1.567228e-01,1.761362e+00,2.858143e-01,1.736552e+00,-6.184682e-01,4.162420e-01,1.685022e-01,-4.309232e-01,7.403032e-01,2.736908e-02
-8.161700e-01,-1.125860e+00,-1.544681e+00,-1.484849e+00,1.159637e+00,2.952408e-01,-1.458756e+00,8.907104e-02,9.526364e-02,1.038491e+00
