1.361790e+00,3.771662e-01,-4.075269e-01,-7.373725e-01,-2.778578e-01,-1.153067e-01,8.419791e-02,-5.343911e-03,1.550345e+00,1.777153e+00
1.526145e+00,5.392822e-01,1.205722e+00,6.824148e-01,1.175039e-01,1.135121e+00,-1.745744e+00,1.066182e+00,-8.153713e-01,4.851005e-01
1.593832e+00,2.072884e-01,-1.124935e+00,-8.158051e-02,3.334928e-01,5.501433e-01,-1.268045e+00,-7.244941e-01,8.965320e-01,5.895523e-01
-2.511439e-03,9.609394e-01,-2.555665e-01,8.564843e-02,-3.767528e-03,1.155908e+00,-5.516532e-03,9.440100e-01,-8.343962e-01,2.286817e-03
-1.552133e-03,-1.948735e+00,-3.240338e-01,-2.021450e+00,-1.200466e-03,-3.939061e-01,5.534714e-03,-3.902867e-01,8.417635e-01,1.196758e-04
2.296937e-03,5.273851e-02,-9.141526e-02,4.076524e-01,1.662091e-03,-8.349742e-01,1.169454e-02,5.876629e-01,7.274670e-01,2.258816e-04
-1.500878e-03,-1.497069e+00,-3.286749e-01,-2.193008e-02,-6.909876e-03,3.942737e-01,-1.138751e-03,2.751970e-01,-4.537197e-01,-2.573394e-03
-9.740546e-01,-6.103604e-01,-5.298394e-01,-1.450027e+00,3.806437e-01,-8.241792e-01,-1.165691e-01,8.159104e-01,-7.146926e-01,1.903917e+00
-3.965954e-04,1.483949e+00,1.987174e-01,5.812583e-01,1.116140e-03,-2.002927e-01,1.424012e-03,-4.004159e-01,1.024354e+00,1.429210e-03
2.360849e-03,-1.037780e+00,-1.257770e+00,-3.795538e-02,4.360792e-03,1.742275e+00,-2.475874e-03,8.025159e-01,1.085881e+00,-3.185737e-05
-1.766998e-03,-1.539175e-01,-1.025251e+00,-7.180269e-01,4.034149e-03,1.157998e-01,3.721276e-03,-1.134959e+00,2.699480e-01,-1.985273e-03
-5.302758e-03,-4.768957e-01,1.020698e+00,-1.073248e+00,-3.320489e-03,-6.003492e-01,-1.523736e-04,-1.321820e-01,1.704855e-01,-6.026986e-03
2.899335e-03,-1.492763e+00,-1.895589e+00,9.902827e-01,4.978284e-03,1.341145e+00,1.438189e-04,-3.185865e-01,1.436656e+00,1.930435e-03
-2.156980e-03,2.270927e+00,8.463961e-01,-8.842033e-01,-3.838782e-03,-1.272968e+00,-6.859892e-04,-1.143761e+00,3.685472e-01,2.193692e-03
-4.226684e-04,1.253555e+00,7.672389e-01,1.120103e+00,5.508221e-04,4.977086e-01,-2.042653e-03,1.342280e+00,-1.163944e+00,-6.995347e-04
1.525138e+00,-1.234112e+00,7.488226e-01,7.055762e-01,-2.548631e-01,-6.651269e-03,-1.399543e+00,-7.780029e-01,-7.084379e-02,-1.948444e+00
-7.787770e-01,-8.153629e-01,-8.443848e-01,-1.532187e+00,-3.223662e-01,-1.220272e+00,3.466195e-01,-7.381493e-01,1.282129e+00,-1.589051e-01
-1.910026e-03,-2.055037e+00,1.094779e+00,-1.004499e-01,-1.866583e-03,-1.069097e+00,7.187294e-05,7.007802e-01,1.377099e-01,-1.604411e-04
-1.604968e-01,-5.381474e-01,8.051468e-01,1.455866e+00,-6.260946e-01,-8.571195e-01,1.810143e-01,1.654838e-02,4.488407e-01,2.176670e-02
-8.176791e-01,-3.898128e-01,-9.129937e-01,3.062031e-01,1.159966e+00,6.762254e-01,-1.442938e+00,-1.806588e-01,2.854947e-01,1.036585e+00
