1.366035e+00,-9.976409e-01,1.287378e+00,1.042860e+00,-2.848788e-01,1.101074e+00,9.772358e-02,-9.254406e-02,1.438328e+00,1.780235e+00
1.520442e+00,-4.046397e-01,-5.297914e-01,-1.558121e+00,1.125920e-01,1.397472e-01,-1.739826e+00,-9.223348e-01,-3.912969e-01,4.878083e-01
1.598671e+00,-3.315970e-01,2.265915e-01,-1.165244e+00,3.296831e-01,-1.126867e+00,-1.267159e+00,6.442844e-02,7.660980e-02,5.891680e-01
-1.111097e-03,-2.280962e-01,-6.920573e-01,-5.619384e-01,-2.634900e-03,-1.151370e+00,-9.932665e-03,4.485321e-01,-1.580216e-01,2.630742e-03
2.425340e-03,1.473777e+00,5.429807e-01,2.180341e-02,3.034296e-03,-9.670216e-01,-3.939669e-03,-8.048169e-01,-1.026527e+00,3.805731e-04
2.224903e-03,-3.616523e-02,-9.625046e-01,-4.013781e-01,3.546695e-03,-7.842574e-01,-6.312153e-03,-1.077281e+00,-3.801155e-01,-1.644340e-03
7.554419e-04,-8.504972e-01,5.365952e-02,-1.301798e+00,6.083153e-04,7.943688e-01,2.202392e-03,-5.314920e-01,-2.891783e-01,-2.906935e-04
-9.746627e-01,2.036228e-01,-4.374717e-01,-9.283107e-03,3.943048e-01,-1.945532e-01,-1.164159e-01,1.206437e+00,-8.334374e-02,1.906689e+00
2.323528e-03,-1.471296e-01,5.048597e-01,-6.103882e-01,1.011148e-02,-8.253272e-02,8.621449e-03,4.090242e-02,-3.898078e-01,6.228056e-03
3.767439e-03,6.234522e-02,-5.944171e-01,-6.520497e-01,-4.946751e-03,1.963980e+00,4.121052e-03,5.206034e-01,2.221225e-02,8.042500e-04
6.480039e-03,5.255259e-01,3.930731e-01,-1.227507e-01,5.134260e-03,8.017715e-01,4.671086e-03,1.108592e+00,-3.119636e-01,2.293159e-03
-1.648223e-03,5.826736e-01,-1.067534e+00,1.890655e+00,4.433464e-03,1.003850e+00,-5.381672e-03,-1.464717e+00,1.249507e+00,-1.657726e-03
-7.226751e-04,-3.443490e-02,-2.039244e+00,2.745946e-03,2.842265e-03,-2.508048e-01,-4.796849e-03,-1.817411e+00,3.300221e-01,1.411293e-03
2.943675e-03,7.097210e-01,5.525128e-01,-1.811104e+00,5.531743e-04,5.351966e-01,-7.153968e-03,-2.086802e-01,9.021948e-01,3.482909e-03
-2.587887e-04,-1.374555e+00,-8.517609e-01,-1.212731e+00,-3.500327e-03,4.660048e-01,-6.137745e-03,-6.800855e-01,-9.932324e-01,-1.290995e-03
1.525412e+00,-1.323613e+00,-6.863208e-01,-6.999053e-01,-2.488789e-01,-1.055104e+00,-1.394662e+00,4.730194e-01,6.852239e-01,-1.946253e+00
-7.771326e-01,4.530228e-01,5.087166e-01,-9.555462e-01,-3.134270e-01,-9.359688e-01,3.510922e-01,1.109946e+00,3.910677e-01,-1.586494e-01
-1.685802e-03,1.425245e-01,-7.608924e-01,5.477271e-01,-2.411926e-03,1.087423e+00,-5.382251e-05,-9.744925e-01,-1.394018e+00,2.927814e-04
-1.492263e-01,-9.260878e-01,4.038772e-01,5.088606e-01,-6.279937e-01,-2.391846e-01,1.536139e-01,-8.689594e-01,7.303198e-01,2.543859e-02
-8.131873e-01,4.751595e-01,2.269251e-01,-3.714398e-01,1.158635e+00,-1.114546e+00,-1.446925e+00,-3.578535e-01,-1.041493e+00,1.039363e+00
