1.363674e+00,-6.650823e-01,-1.543636e+00,1.100222e+00,-2.919178e-01,5.226227e-01,8.929936e-02,5.544266e-01,-1.539312e-01,1.774772e+00
1.522291e+00,-1.694831e-01,4.407474e-01,-3.570010e-01,1.055551e-01,-7.206766e-01,-1.738565e+00,-8.417149e-02,-2.692791e-01,4.855969e-01
1.599570e+00,-1.246438e+00,-6.034574e-01,1.403401e-01,3.307431e-01,3.195257e-01,-1.263551e+00,-8.561082e-01,1.002176e-02,5.919519e-01
-2.649783e-03,-1.220829e+00,9.391545e-02,-9.837023e-01,8.069390e-03,1.651522e+00,8.943058e-03,6.838509e-01,-1.046403e+00,-1.491693e-03
3.659880e-05,6.353165e-01,7.377988e-01,5.418419e-01,-3.279814e-03,6.730914e-01,-4.109823e-03,-2.126097e-01,4.519478e-01,3.503305e-03
-5.340181e-04,1.512605e-01,-1.207197e-01,-7.821314e-01,2.590828e-03,-1.104219e-02,6.660488e-04,-2.304493e-01,-6.314113e-01,1.537192e-03
-2.025643e-03,-1.024901e+00,-4.496563e-01,3.499303e-01,4.205278e-03,4.207447e-01,-3.787470e-03,-7.104168e-01,-1.141916e+00,-1.043376e-03
-9.729632e-01,-4.671601e-01,1.249382e+00,-7.157917e-01,3.788865e-01,7.889887e-02,-1.307109e-01,1.128804e-01,1.220271e+00,1.904002e+00
-3.682229e-03,-1.124787e+00,1.699748e-03,-6.954508e-01,-2.429309e-04,-4.636156e-02,7.407733e-03,1.219390e+00,7.033431e-01,3.504925e-04
-8.696105e-04,-8.499406e-01,1.571585e+00,-2.262505e+00,6.117409e-03,9.454499e-01,1.418116e-02,1.451914e+00,3.153558e-01,-2.555654e-03
8.644677e-04,1.176776e-01,-2.004983e+00,4.579739e-01,3.424669e-03,-7.109737e-01,-5.678023e-03,4.719746e-01,-1.764191e-01,-7.614355e-04
-3.278765e-03,1.510149e-01,-2.466419e-01,2.119873e+00,-5.449210e-03,2.405361e-01,-2.010819e-03,-6.663615e-01,-2.371212e-01,-1.622347e-03
1.265455e-03,1.554488e+00,-6.073717e-01,-1.427549e+00,2.277464e-03,-1.225639e+00,-2.713306e-03,8.629827e-01,7.754452e-01,3.070375e-03
7.744989e-03,-6.899430e-01,-1.337853e+00,9.795493e-01,7.548866e-03,1.385393e+00,-9.912589e-04,-8.409393e-01,2.271927e-01,3.411819e-03
-2.152266e-03,-7.094970e-01,1.360028e-01,-1.307000e+00,5.557486e-03,-3.787586e-01,-1.852017e-02,2.555728e-01,3.987453e-01,-1.789038e-03
1.526559e+00,-5.684804e-01,7.255616e-02,-1.267910e+00,-2.463710e-01,-5.486883e-01,-1.381808e+00,-6.123733e-01,-1.695342e+00,-1.944017e+00
-7.769056e-01,-7.922311e-01,5.107605e-01,-2.442052e-01,-3.009878e-01,1.391005e-01,3.614043e-01,-4.443976e-01,-1.348773e-01,-1.602825e-01
-9.748178e-05,6.460599e-01,4.401216e-01,-1.281412e+00,-1.958324e-05,-4.029714e-02,-1.699923e-03,-4.242921e-02,1.778407e+00,-1.694592e-03
-1.646017e-01,5.819719e-01,-1.100273e-01,-5.676004e-01,-6.276739e-01,7.493986e-01,1.729477e-01,8.066105e-02,2.202444e-01,2.125447e-02
-8.202258e-01,1.010509e+00,1.078964e+00,-7.390999e-01,1.153777e+00,7.320757e-01,-1.468637e+00,-9.696784e-01,-3.529686e-01,1.036342e+00
