1.356718e+00,1.225130e-01,1.105711e+00,-9.683850e-01,-2.798769e-01,-6.309059e-01,8.763306e-02,3.116761e-01,1.937547e+00,1.779355e+00
1.518013e+00,-1.017096e+00,6.544736e-01,-1.706604e+00,1.130402e-01,7.223475e-01,-1.762904e+00,7.548185e-01,4.088531e-01,4.839811e-01
1.603181e+00,-3.583384e-01,5.597165e-01,-6.860328e-01,3.321044e-01,5.345162e-01,-1.268173e+00,5.572753e-01,4.589294e-01,5.894086e-01
5.271417e-04,1.589358e+00,-4.104031e-01,7.134179e-02,3.535145e-03,-2.485046e-01,-2.292238e-03,3.418723e-02,-9.748895e-01,5.394443e-04
2.005383e-03,-1.116499e+00,-8.775874e-01,8.451701e-02,4.075814e-04,-3.055834e-01,-5.139015e-04,1.341841e-02,6.836259e-01,4.303188e-03
6.561427e-04,1.913542e+00,2.320357e-01,1.618197e+00,9.542292e-04,-1.943463e-01,5.358907e-03,1.313791e+00,-9.109212e-01,3.896115e-03
-1.033060e-03,1.285001e-01,-2.702407e-01,1.969068e+00,-4.702662e-03,1.139284e+00,9.349671e-04,5.442370e-03,-3.616979e-01,1.037316e-03
-9.733363e-01,3.629718e-01,7.735718e-02,-1.092570e+00,3.874856e-01,1.248782e+00,-1.248877e-01,2.399573e-01,5.082784e-01,1.903080e+00
-2.778570e-03,9.663045e-01,3.282191e-01,2.939600e-01,5.210760e-03,-8.453868e-01,-6.429551e-03,-1.109224e-01,-9.838008e-01,3.012261e-03
-4.320604e-03,4.444572e-01,5.569189e-01,1.556020e-01,-5.569949e-04,6.844954e-01,-4.420194e-03,-6.885784e-01,7.498271e-01,-6.166414e-04
4.642766e-05,1.843803e+00,3.436153e-01,-8.546957e-01,3.073392e-03,-9.684255e-01,1.131963e-03,1.544513e+00,8.769644e-01,2.177309e-03
1.086915e-03,-6.728519e-01,-1.460800e+00,-4.260745e-01,-9.419874e-04,-1.700196e+00,8.867784e-03,-6.809650e-01,-4.117921e-01,-4.424772e-03
-1.869243e-03,1.117122e+00,2.311056e+00,1.449355e-01,1.156174e-02,-1.363281e-01,5.798040e-04,3.210125e-02,-6.315107e-02,-9.444611e-04
-1.449241e-03,8.978633e-01,-7.871153e-01,1.096229e+00,2.541420e-03,-1.205734e+00,2.928019e-03,1.735123e+00,-2.933156e-01,2.948685e-03
-1.416370e-03,1.227405e+00,3.883161e-01,-8.728759e-01,3.975695e-03,-1.385191e-02,-6.078462e-03,3.395667e-01,-2.142608e-01,-3.152701e-03
1.523716e+00,-1.027897e+00,-1.108859e-01,-9.048381e-02,-2.478998e-01,9.429368e-01,-1.382912e+00,2.929141e-01,6.564651e-01,-1.941883e+00
-7.842776e-01,4.443873e-01,8.595571e-01,8.557760e-02,-3.201489e-01,-3.275057e-01,3.430199e-01,-1.444380e+00,1.182834e+00,-1.604788e-01
-1.414742e-03,-3.040687e-01,-1.173839e+00,-1.013786e+00,4.041521e-03,-3.729303e-01,-7.717098e-04,-2.918704e-01,-1.008880e+00,-1.118385e-03
-1.643021e-01,1.615451e-01,4.074076e-01,5.205776e-01,-6.251848e-01,-1.989205e+00,1.871586e-01,-1.068430e+00,5.670722e-01,2.161876e-02
-8.169315e-01,9.557089e-01,-1.167256e-01,-9.439962e-01,1.156972e+00,1.767806e+00,-1.469115e+00,2.579186e-01,-1.135516e-01,1.038460e+00
