1.368994e+00,2.715227e-01,-1.882199e+00,7.410638e-01,-2.867222e-01,5.969217e-01,9.550267e-02,-7.766437e-01,6.354338e-01,1.775754e+00
1.524875e+00,-4.853762e-01,1.912284e+00,3.376243e-01,1.016935e-01,-1.392575e+00,-1.744795e+00,-8.579748e-02,4.334148e-01,4.868427e-01
1.598116e+00,1.728558e+00,-5.981797e-01,7.061028e-01,3.301518e-01,-1.050335e-01,-1.268066e+00,5.098469e-01,1.014114e+00,5.935988e-01
4.519998e-03,4.866295e-01,-5.379539e-01,-2.200832e-01,-3.950472e-03,5.995454e-02,7.336839e-03,-1.329991e-02,6.389068e-01,1.633866e-03
2.150994e-03,-6.327698e-01,-1.246275e+00,-1.587662e+00,3.430195e-04,5.119212e-01,1.954853e-03,-2.437553e-01,-1.329025e+00,7.577689e-05
2.092063e-03,-1.010944e+00,7.347249e-01,-4.854936e-01,-6.574418e-03,-1.486520e+00,1.012695e-02,-8.235906e-01,-1.067578e+00,3.801165e-04
-3.230000e-03,-8.410171e-01,-1.491406e-01,1.379989e-01,-2.793939e-03,2.146211e+00,-1.179246e-02,-7.249909e-01,-9.939372e-01,-2.764034e-03
-9.744374e-01,-3.156010e-01,-3.907084e-02,-3.041180e-01,3.862345e-01,-1.804651e-01,-1.271564e-01,1.009188e-01,1.712298e+00,1.904423e+00
-3.621508e-03,-6.922100e-01,6.609664e-01,2.304076e+00,-4.855966e-03,2.387396e+00,-7.976405e-03,3.476825e-01,7.441566e-01,-7.150828e-04
1.984501e-03,9.532836e-01,4.536898e-02,-3.265515e-01,1.689563e-03,-3.601745e-01,3.500940e-03,-5.562080e-01,-1.696772e+00,-1.691601e-03
1.207469e-03,-1.506694e+00,-1.466325e+00,1.342460e+00,2.393191e-03,1.862587e-01,6.854323e-03,-4.336439e-02,1.512879e+00,2.041787e-03
-1.153143e-03,8.036022e-01,-3.415817e-01,7.013362e-01,6.842308e-04,8.644717e-01,-2.324895e-03,-1.116417e+00,-1.670050e+00,3.623194e-04
6.009051e-03,5.195221e-01,6.052902e-01,1.999844e-01,-3.748885e-03,-7.964350e-01,-5.722404e-04,6.383014e-01,-6.737025e-01,5.982862e-03
7.813449e-04,-1.050330e-01,-1.175071e+00,-1.219182e+00,-5.251632e-03,-2.619324e+00,-4.859753e-04,-5.919811e-01,5.008059e-02,-2.834710e-04
8.714561e-04,-4.124534e-01,-1.440201e+00,-7.734867e-01,-3.959382e-03,-3.589180e-01,6.449684e-03,8.753659e-01,4.198649e-01,-4.597848e-03
1.523855e+00,4.190073e-01,-1.117066e+00,-1.089595e+00,-2.464019e-01,-1.076661e-01,-1.390868e+00,6.713363e-01,-6.193205e-01,-1.944384e+00
-7.826578e-01,-1.360147e+00,-9.163274e-01,1.269066e+00,-3.211061e-01,4.206459e-01,3.599608e-01,1.870210e+00,-6.596581e-01,-1.635170e-01
-5.485162e-04,1.010654e-01,-1.750365e-02,1.373148e+00,5.230711e-03,2.010383e+00,5.625903e-03,2.487765e-01,1.436167e+00,3.924137e-04
-1.630463e-01,-5.474899e-01,-8.275461e-01,1.224663e-01,-6.206517e-01,5.865026e-01,1.944116e-01,2.410155e-01,-5.400706e-01,2.318336e-02
-8.183618e-01,-1.056137e+00,-5.006198e-01,5.054842e-01,1.142397e+00,-1.970372e-02,-1.462915e+00,-1.396418e+00,4.784099e-01,1.040240e+00
