1.357613e+00,1.984753e-01,5.554461e-01,-8.285495e-02,-2.860973e-01,2.208188e-02,8.438071e-02,2.099588e-01,-1.532437e+00,1.779462e+00
1.527886e+00,-4.960383e-01,5.191611e-01,7.853296e-01,1.070084e-01,1.469247e-01,-1.743012e+00,-5.132889e-01,-4.871615e-01,4.852686e-01
1.595435e+00,6.714162e-02,-7.099110e-01,4.738468e-01,3.329114e-01,6.011550e-01,-1.255465e+00,9.700939e-01,3.830402e-01,5.908082e-01
-2.873322e-03,-8.858436e-01,1.219964e+00,-3.116796e-01,7.260890e-03,4.345478e-01,-1.026272e-03,-4.594159e-01,-4.228226e-01,-2.206730e-04
-3.162340e-03,8.652164e-01,1.068424e+00,-1.464534e-02,-2.668136e-03,1.292399e+00,-8.900509e-03,1.653045e+00,-2.245287e-01,-8.765637e-04
4.783712e-03,-6.522546e-01,4.851740e-01,-1.127044e+00,8.195372e-03,7.023503e-02,-3.804589e-03,-8.645560e-01,6.067276e-01,2.268438e-03
-2.248810e-03,3.877171e-01,-7.655500e-01,3.068569e-01,-2.911098e-03,-2.555101e-01,-3.041252e-03,2.914533e-01,-1.405455e+00,-3.094651e-03
-9.732637e-01,-6.574743e-01,4.761515e-01,8.507031e-01,3.818449e-01,3.830406e-01,-1.174218e-01,-9.071300e-01,-1.329897e+00,1.904162e+00
-2.398990e-03,6.091499e-01,2.318884e+00,9.122861e-01,8.325847e-03,-9.972425e-01,-1.519258e-04,-2.917223e+00,-4.125005e-01,9.000303e-04
2.479774e-04,9.766795e-01,-8.810062e-01,-1.097827e+00,4.439448e-03,1.430413e+00,6.178890e-03,4.652713e-01,8.761540e-01,-8.188043e-04
7.352536e-03,-6.800338e-01,-6.704646e-02,-1.194611e+00,-4.663735e-04,1.066122e+00,-1.891817e-03,3.837787e-01,-5.706469e-01,8.246832e-04
-7.406082e-04,-3.153644e-01,-3.098906e-01,3.934171e-01,3.759867e-03,-1.591861e-01,8.428261e-03,4.014931e-01,2.169218e-01,-2.482770e-03
-5.519676e-04,2.096739e+00,-1.487045e-01,5.945865e-01,2.111525e-03,1.252583e+00,7.852031e-03,4.072404e-01,1.734668e-01,-1.510047e-03
9.127192e-04,-6.469107e-01,-1.132586e+00,1.801400e+00,2.863304e-03,-1.910095e-01,-2.519879e-04,-1.200925e-01,9.788962e-01,3.982634e-04
-1.765274e-03,-1.184193e+00,-1.188010e+00,1.016566e-01,1.948224e-03,7.856766e-01,-6.541549e-03,6.554360e-01,-1.042300e+00,-7.269410e-04
1.519196e+00,-7.273908e-01,-5.771586e-01,6.397632e-02,-2.364405e-01,9.444950e-02,-1.393937e+00,8.161208e-01,5.515893e-01,-1.949879e+00
-7.802624e-01,6.586758e-01,1.616354e+00,2.545353e+00,-3.304083e-01,-7.663554e-01,3.592435e-01,4.717548e-01,2.518275e+00,-1.604554e-01
-3.235586e-04,-3.537643e-01,-8.558763e-01,-1.427818e+00,5.418190e-04,4.522330e-01,4.524058e-03,5.989091e-01,8.448864e-01,-2.548758e-03
-1.637141e-01,4.327123e-01,-4.959036e-01,-9.123011e-01,-6.308311e-01,-5.864443e-01,1.862902e-01,1.580980e-01,-1.475928e+00,1.809360e-02
-8.123847e-01,3.180220e-01,1.284863e-01,-1.713747e-01,1.158831e+00,-2.838011e-02,-1.461570e+00,4.950586e-01,5.221529e-01,1.037789e+00
