1.366531e+00,-1.387289e+00,-2.674457e-01,6.285617e-01,-2.832595e-01,8.667073e-01,1.002009e-01,-1.133267e+00,-2.927734e-01,1.781519e+00
1.525726e+00,-3.371845e-01,-9.926960e-01,1.057460e+00,1.081676e-01,-6.903218e-01,-1.732257e+00,9.478213e-01,1.080043e+00,4.848320e-01
1.599504e+00,3.536872e-01,-5.492046e-01,5.052069e-02,3.392209e-01,-5.847790e-01,-1.263362e+00,-1.887476e-01,-1.198659e+00,5.898524e-01
-1.207946e-03,-1.949254e-01,-3.796949e-01,-1.336952e+00,4.431267e-03,-1.604177e+00,1.873454e-03,1.137800e+00,-2.143242e-01,1.647914e-03
9.126622e-04,7.535440e-01,1.506971e-01,-5.113232e-01,-4.969045e-03,3.102253e-01,-4.825028e-03,-1.291771e+00,8.946133e-01,-2.562734e-04
1.009300e-03,1.063911e+00,-8.856326e-02,-9.120352e-02,2.803810e-03,2.855602e-01,-7.559601e-03,9.489616e-03,-2.065421e+00,1.372165e-03
-1.445003e-04,1.004415e+00,3.986581e-02,1.093628e+00,-3.805156e-03,4.436436e-01,-9.309153e-04,-2.090953e-01,1.645742e+00,-1.419920e-03
-9.693239e-01,1.699585e-01,-2.555898e-01,7.125658e-01,3.873319e-01,1.351688e+00,-1.129134e-01,6.375873e-01,-1.049901e+00,1.901370e+00
1.548188e-03,-8.038509e-01,-1.177223e+00,7.747039e-01,-4.057326e-04,3.730247e-01,-4.270016e-03,5.776822e-01,-4.733760e-01,3.122523e-03
8.840973e-04,-3.443264e-01,3.070325e-01,-5.973694e-01,-2.581574e-03,3.898622e-01,-7.210630e-03,8.676204e-01,1.124684e+00,-1.268014e-03
4.248944e-03,8.118373e-01,1.046567e-01,3.555021e-01,-1.203749e-04,-5.394248e-01,-9.454151e-03,3.311080e-01,9.688917e-01,1.032887e-03
-1.634924e-03,-1.089191e-01,-7.352386e-01,3.557324e-01,-8.329500e-03,4.728058e-01,-1.906172e-02,4.264759e-01,3.687432e-01,-1.970523e-03
6.105775e-04,-7.360907e-01,-8.001131e-01,1.775918e+00,7.266449e-03,3.898956e-01,-1.823773e-02,-3.043294e-01,4.023371e-01,4.438319e-03
1.674816e-03,-1.238273e+00,-1.669435e+00,3.767413e-01,8.447503e-04,-6.826094e-01,-2.880988e-03,6.578496e-01,-5.194751e-02,6.496088e-03
5.347813e-04,-5.455312e-02,-3.784691e-01,9.807329e-01,5.027935e-04,5.321363e-01,-5.644990e-03,9.481273e-01,-2.351189e-01,-3.665708e-03
1.524072e+00,1.825910e-02,1.668372e+00,8.283540e-01,-2.427918e-01,1.636508e+00,-1.387772e+00,4.916521e-01,1.326719e-01,-1.947901e+00
-7.783110e-01,-4.617114e-01,-6.208568e-01,-3.555358e-02,-3.129932e-01,-7.906549e-04,3.527602e-01,7.424498e-01,1.483228e+00,-1.608015e-01
3.120749e-03,1.235021e+00,5.370618e-01,-9.004414e-01,5.477722e-03,3.057004e-01,-7.595987e-03,1.417676e+00,-1.668316e-01,-2.331502e-03
-1.592624e-01,-1.152296e+00,6.111602e-01,-5.054311e-02,-6.229912e-01,1.378817e-02,1.849582e-01,9.202772e-01,-1.361280e+00,2.040410e-02
-8.219416e-01,-1.182032e+00,8.792516e-02,-8.890109e-01,1.157798e+00,1.509198e-01,-1.456330e+00,-3.026405e-01,-9.269095e-01,1.042661e+00
