1.361392e+00,-7.084963e-01,9.540245e-02,-1.346767e+00,-2.677771e-01,-9.122988e-03,1.014339e-01,5.672471e-02,1.245153e-01,1.780685e+00
1.526270e+00,-9.527349e-01,-2.687993e-01,-3.657079e-01,1.125419e-01,-6.966952e-01,-1.759119e+00,-2.062709e-01,-1.334482e+00,4.879071e-01
1.596181e+00,-2.227008e-01,1.235702e+00,-7.535934e-01,3.335951e-01,-1.036079e+00,-1.256871e+00,1.101846e+00,-5.971288e-01,5.921829e-01
-5.486217e-04,1.105710e+00,-1.906493e-01,1.212471e+00,-7.375861e-03,-6.490585e-01,8.366668e-03,-7.663646e-01,-5.123626e-01,3.747275e-03
1.273998e-03,5.265488e-01,1.240544e+00,6.928998e-02,-2.155975e-03,3.499034e-01,-6.177664e-03,-1.247760e+00,5.196094e-02,3.025252e-03
-6.642456e-03,1.342387e+00,3.400825e-02,1.030224e+00,-4.889775e-03,-7.726102e-01,6.613677e-03,8.070260e-02,1.919549e+00,-2.488225e-03
-3.929142e-03,-1.216998e+00,-5.966863e-04,-3.464342e-01,-8.815142e-03,-9.429648e-01,-7.696547e-03,5.850289e-01,-4.893801e-01,-1.654927e-03
-9.749572e-01,9.861232e-02,1.917865e-01,-6.949909e-02,3.892653e-01,-3.354667e-01,-1.183377e-01,5.646075e-01,-1.420907e+00,1.903138e+00
4.175932e-03,4.983256e-01,-1.132398e-01,-6.501698e-01,4.001174e-03,-5.885943e-01,2.048704e-03,-5.679759e-01,-1.196024e+00,1.639185e-03
4.478909e-04,1.952410e+00,-2.450443e-02,2.319955e-01,1.053693e-04,8.219305e-01,-4.668323e-03,2.156762e+00,-5.706200e-01,-1.675605e-03
1.241063e-03,-8.956298e-01,6.926246e-01,2.015493e+00,6.584168e-04,9.746898e-01,-1.825975e-03,-5.973186e-01,-4.408745e-01,3.289125e-03
-3.097567e-04,1.876609e+00,-1.133144e-01,-5.533346e-01,1.729673e-03,6.701827e-01,9.483155e-03,5.307908e-01,-5.161015e-02,6.388495e-04
-5.654067e-05,-2.648371e-01,-2.840946e-01,-3.640568e-01,1.678999e-03,-1.034817e+00,4.368088e-03,9.600349e-02,-2.071010e-01,3.415503e-03
5.606677e-03,-1.585065e+00,-4.933708e-01,1.576568e-01,1.512855e-03,1.579930e+00,9.417860e-04,4.360509e-01,2.537770e-01,4.372766e-03
-6.407899e-03,-3.717440e-01,-6.954767e-01,2.569862e-01,3.797834e-03,2.501915e-01,-4.761408e-03,7.181084e-02,3.111178e-01,-1.263626e-03
1.518730e+00,-4.421601e-01,7.089155e-01,8.179346e-01,-2.411004e-01,1.198064e+00,-1.390502e+00,-5.414094e-01,-9.339688e-01,-1.944263e+00
-7.806450e-01,-8.635245e-01,-9.013342e-01,-1.067365e+00,-3.117203e-01,-1.742796e-01,3.562214e-01,-4.981759e-01,-2.961498e-01,-1.651965e-01
-1.780544e-03,8.106419e-01,-2.297171e-01,-8.805755e-01,1.245144e-03,-9.532812e-01,4.773982e-03,5.493024e-01,-3.623205e-01,4.409517e-03
-1.600242e-01,-7.148852e-01,5.655119e-01,5.748482e-01,-6.218329e-01,1.160548e+00,1.816835e-01,6.230842e-01,-9.459542e-01,2.243308e-02
-8.189231e-01,-1.017617e+00,-9.425530e-02,-1.242060e+00,1.161852e+00,-1.031403e-01,-1.472617e+00,7.750798e-01,7.052705e-01,1.037467e+00
