1.369483e+00,-1.212935e-01,1.108710e-01,4.667132e-01,-2.912412e-01,3.276451e-01,9.415676e-02,-1.388463e+00,-3.517317e-02,1.782148e+00
1.519703e+00,1.900862e+00,8.883878e-01,5.632029e-02,1.110953e-01,-1.427664e+00,-1.754412e+00,5.119121e-01,-4.036520e-01,4.923485e-01
1.600121e+00,1.165183e+00,5.907393e-01,8.533034e-03,3.323004e-01,1.959222e-01,-1.277203e+00,9.956952e-01,-1.440128e+00,5.889288e-01
-3.586951e-03,1.500179e-01,4.006106e-01,1.459451e+00,-8.954237e-04,-5.109371e-01,-4.693922e-03,-1.849135e-01,1.852287e-01,-9.321029e-04
-9.733776e-04,-9.285046e-01,6.038395e-01,-3.831853e-01,2.073719e-03,1.150467e+00,-5.132926e-03,1.706559e-01,3.291083e-01,-2.565668e-03
3.881931e-05,-5.454850e-03,1.545314e-01,-2.337306e-01,-2.811330e-03,-8.149667e-01,-7.119664e-04,6.791916e-01,1.266147e+00,5.468972e-04
-1.037993e-02,9.651798e-01,1.447728e+00,1.056674e+00,3.120419e-03,1.029688e+00,-5.884283e-03,5.337078e-01,-3.731150e-01,-1.787837e-05
-9.701437e-01,-8.946105e-02,1.023225e-01,-7.585726e-01,3.820665e-01,-1.005610e+00,-1.178685e-01,1.381702e-01,-4.806755e-02,1.903220e+00
-6.554196e-04,-2.526047e-02,5.688987e-01,-8.029852e-01,1.843749e-03,1.529494e-01,3.157069e-03,-6.449257e-01,8.705659e-01,2.345402e-03
-2.539598e-03,-3.279478e-01,-5.492631e-01,-2.163884e-01,-2.825923e-03,8.830496e-01,1.145144e-02,-7.257522e-03,1.013854e+00,3.510709e-04
-7.823398e-04,-5.309469e-02,-2.354830e-01,-3.476195e-01,3.453704e-03,-5.300888e-02,8.653063e-04,-4.062268e-01,-1.910028e+00,9.781001e-04
-2.184634e-03,6.518470e-02,1.325645e+00,7.637559e-01,-2.303470e-04,4.582066e-01,1.210478e-02,-4.996794e-01,-7.128006e-01,-4.659134e-03
-1.903210e-03,1.165442e-01,5.561562e-01,8.783522e-01,3.706816e-03,-3.086401e-02,-4.094227e-03,-2.682812e-01,-2.776079e-01,3.372978e-03
5.261998e-03,-4.589701e-01,-5.830049e-01,-9.291836e-01,7.613367e-05,1.372667e+00,-5.562148e-03,-1.164611e+00,-7.239479e-01,-1.305266e-03
-4.285470e-03,8.835463e-01,5.391252e-01,2.118322e+00,-1.895502e-03,2.882881e-01,-2.361533e-03,-7.844686e-01,8.814547e-01,-2.011308e-04
1.524623e+00,-1.047930e+00,-2.366495e-01,1.911685e-01,-2.345537e-01,5.742905e-01,-1.387396e+00,-2.012812e-01,-6.537892e-01,-1.948534e+00
-7.774463e-01,6.647704e-01,2.301256e-01,3.334550e-02,-3.144162e-01,-1.593556e+00,3.436458e-01,-6.579720e-01,-1.253465e-01,-1.584020e-01
-4.317815e-03,2.766454e-01,1.272427e+00,4.234624e-01,2.632364e-03,-2.048941e+00,-3.822075e-03,-8.238763e-01,1.591027e+00,1.966833e-04
-1.584639e-01,-1.136142e-01,8.281247e-01,1.619157e-02,-6.288847e-01,-9.305288e-02,1.770694e-01,5.668149e-02,9.052234e-01,2.440333e-02
-8.146518e-01,3.423589e-02,-8.678894e-01,-1.301983e+00,1.151136e+00,1.187960e+00,-1.457887e+00,-4.589840e-01,-4.623315e-01,1.040189e+00
