1.363048e+00,-1.605438e+00,6.526235e-01,-3.662953e-01,-2.861946e-01,1.122082e+00,8.390150e-02,1.478222e-01,2.014486e+00,1.776871e+00
1.518513e+00,2.830979e-01,-6.156085e-01,-6.622553e-01,1.078220e-01,1.006217e+00,-1.743318e+00,7.598090e-01,3.583152e-01,4.868621e-01
1.601683e+00,1.010457e+00,-2.294905e+00,2.085875e-01,3.286123e-01,-6.694994e-02,-1.270221e+00,8.462179e-01,4.235328e-02,5.916102e-01
-4.339965e-03,-5.860952e-01,6.083294e-01,-4.043480e-01,1.680134e-03,-5.437701e-01,-5.788230e-03,2.779316e-02,-1.155109e+00,6.048079e-04
4.685417e-04,-7.163024e-01,-2.612793e-01,-8.969567e-02,-5.531050e-04,5.891349e-01,6.623272e-04,-1.812315e+00,-9.021161e-02,-2.128179e-04
-3.388006e-03,1.144721e+00,1.949411e+00,2.234292e+00,5.741038e-03,5.548520e-01,-1.189384e-03,3.080489e-01,1.321765e+00,-4.384944e-03
8.834447e-05,-7.757736e-01,4.535329e-01,1.543168e+00,5.502449e-03,-1.646606e-01,7.115872e-03,-7.521199e-01,3.392374e-01,-6.252611e-04
-9.752934e-01,6.738332e-01,3.771549e-01,-7.422391e-01,3.832617e-01,1.486377e-01,-1.172657e-01,-2.282390e-01,-7.359200e-01,1.907795e+00
-5.381041e-03,7.333306e-01,-1.514424e+00,8.917391e-01,-5.316983e-03,-6.040539e-01,4.871144e-03,-7.101711e-01,1.175488e-01,-1.827274e-04
-4.194334e-03,6.197775e-03,1.153670e+00,1.695467e-01,-2.756732e-04,-6.162473e-01,-8.884042e-03,-1.168077e+00,-9.498310e-02,-2.712660e-03
-4.199225e-04,-1.622301e+00,-7.000817e-01,4.437927e-01,3.771217e-03,-1.095461e+00,7.897500e-03,-1.598081e+00,1.710133e-01,1.815290e-03
-1.843593e-03,3.929155e-01,-4.972009e-01,6.050290e-01,2.525651e-03,-9.958893e-01,9.633363e-03,-6.445258e-01,-1.784439e+00,-3.597256e-03
4.949722e-03,2.982684e-01,1.280213e-01,3.423761e-02,-5.678919e-03,-2.177169e-01,2.536459e-04,2.053042e-01,-1.041935e+00,2.081870e-03
1.899025e-03,-4.802161e-01,9.206984e-01,-7.053333e-01,5.424826e-03,5.957797e-01,1.082547e-02,5.522126e-01,5.710570e-01,6.325545e-04
-2.501150e-03,-1.239937e+00,-1.097885e+00,1.021525e+00,-3.022391e-03,2.155987e-01,-4.878431e-03,8.946543e-01,6.336759e-01,-1.102162e-03
1.519303e+00,-9.845310e-02,5.168085e-01,1.890799e-01,-2.481131e-01,-8.359040e-01,-1.387953e+00,4.465774e-02,-5.305083e-01,-1.945888e+00
-7.768481e-01,-6.974525e-01,-9.885016e-01,1.423931e+00,-3.080681e-01,-9.259352e-01,3.512306e-01,2.640383e-01,8.120966e-01,-1.591623e-01
-3.072221e-03,-1.464804e-01,1.008070e+00,9.243983e-01,-7.053232e-03,6.778369e-01,8.330942e-03,1.623581e+00,2.896739e-01,2.593694e-03
-1.544256e-01,8.548463e-01,1.106496e+00,1.166530e-01,-6.250470e-01,-5.226206e-01,1.714583e-01,6.804541e-02,-7.509975e-01,2.610155e-02
-8.191489e-01,1.526744e+00,6.441877e-01,-2.770216e-01,1.145300e+00,-4.166328e-02,-1.443579e+00,-2.166529e+00,2.002861e-01,1.039226e+00
