1.364764e+00,8.837413e-01,-3.792227e-01,9.249676e-01,-2.859831e-01,8.976828e-01,8.226064e-02,-1.013604e+00,-1.670194e+00,1.779959e+00
1.522433e+00,1.444427e+00,2.990848e-01,-2.931466e-01,1.073797e-01,-5.770207e-01,-1.747719e+00,-1.372934e+00,-5.445070e-01,4.890032e-01
1.597753e+00,1.467584e+00,9.265827e-01,6.106626e-01,3.396692e-01,6.821380e-01,-1.270127e+00,-1.435370e-01,1.650470e+00,5.901657e-01
-9.313549e-04,5.232511e-01,-9.469999e-01,-6.078221e-01,-4.839814e-05,1.647274e-01,-2.857271e-03,1.313996e+00,-5.056330e-01,-4.870868e-04
-6.106315e-05,-1.391848e+00,-9.273122e-02,-8.537556e-01,3.343065e-03,1.169795e+00,1.215606e-02,-9.163036e-01,1.526233e-01,-1.470338e-03
-2.630566e-03,-9.209139e-01,-6.140696e-01,-1.611112e+00,2.694733e-03,-7.617278e-01,3.112785e-03,-1.188740e+00,-2.793623e-01,-6.091785e-04
-1.296696e-03,-7.860569e-01,1.280224e+00,-1.219480e+00,-1.206480e-03,2.278836e-01,8.770469e-03,7.581996e-01,4.112711e-01,-1.398486e-03
-9.746416e-01,-1.467244e+00,2.240291e-01,6.691519e-01,3.849768e-01,9.453021e-01,-1.267655e-01,4.331485e-01,-3.553838e-01,1.902911e+00
2.188837e-03,-1.588267e-01,-6.478218e-01,1.167369e+00,1.601192e-03,1.179141e+00,3.699754e-04,7.735631e-01,1.116379e+00,-2.149336e-04
-1.664439e-03,-3.635853e-01,-1.180637e+00,-2.531581e-01,-3.597010e-03,-8.886171e-01,1.123928e-02,1.251851e-01,-1.099928e-01,-1.765527e-03
-2.917232e-03,1.165509e+00,3.700601e-01,8.887241e-01,5.373878e-03,1.549307e+00,-6.669722e-03,-1.158562e+00,-1.502767e+00,3.074863e-04
4.142192e-04,1.699611e-01,-1.190716e-01,4.776022e-01,-2.552066e-03,1.232543e+00,8.612761e-03,-9.835825e-01,5.312410e-01,-2.176194e-03
9.894517e-04,4.325751e-01,-2.207970e-01,9.838828e-01,2.938670e-03,-8.574226e-01,1.702072e-03,5.527155e-02,3.701693e-01,1.920841e-03
-2.383940e-03,-5.344320e-01,-7.982669e-01,1.024909e+00,-4.236499e-03,-5.686268e-01,-1.044805e-02,4.290076e-01,4.387218e-01,1.458916e-04
-1.421204e-03,1.272604e+00,-2.011515e+00,1.649008e+00,1.152277e-03,2.457999e-01,-1.212499e-02,6.155742e-01,2.609254e-01,-3.118351e-04
1.520232e+00,8.603427e-01,-1.292464e-01,-7.834427e-01,-2.470579e-01,7.266298e-01,-1.390720e+00,2.329502e-01,-2.768140e-01,-1.948038e+00
-7.807009e-01,-2.429208e-01,-4.760099e-02,3.116690e-01,-3.192756e-01,2.402671e-01,3.501176e-01,-4.999400e-01,-6.491408e-01,-1.603113e-01
-4.655421e-03,7.506085e-01,1.179551e+00,-6.171713e-02,2.782420e-04,1.186660e+00,-7.754301e-03,-1.530478e+00,3.320944e-02,1.414022e-03
-1.621767e-01,-2.684667e-01,-9.492177e-01,-8.801137e-02,-6.171845e-01,-1.666404e+00,1.713597e-01,-3.086250e-01,1.196596e+00,2.501082e-02
-8.181903e-01,4.062014e-01,-1.176808e+00,-5.936282e-01,1.159686e+00,1.073719e+00,-1.459568e+00,8.436994e-01,1.546966e+00,1.040049e+00
