1.370172e+00,-1.462613e+00,-3.681904e-02,-9.285501e-02,-2.856097e-01,-8.119723e-01,9.573311e-02,-4.243597e-01,1.691994e+00,1.779755e+00
1.518819e+00,-9.375873e-01,-4.620961e-01,-6.850458e-01,1.122113e-01,-7.473786e-01,-1.746045e+00,4.379498e-01,-5.728404e-01,4.842023e-01
1.596873e+00,-5.690757e-01,1.876874e-01,-3.457043e-01,3.440592e-01,1.639147e-01,-1.265528e+00,1.892798e+00,3.064142e-01,5.906486e-01
4.464625e-04,-2.108567e+00,3.057383e-01,7.294905e-03,-1.794317e-03,7.340634e-01,1.094716e-03,7.082310e-01,6.918683e-01,3.807785e-03
2.290846e-03,1.173683e+00,-1.936400e+00,1.291045e+00,-2.826241e-03,2.415710e-01,5.439388e-03,-4.228576e-01,-1.117447e-01,-1.128259e-03
-4.601145e-03,2.537964e-01,4.788836e-01,8.523541e-01,7.343471e-04,4.256676e-01,6.345485e-03,6.183433e-01,-8.365529e-01,1.166142e-03
3.387903e-03,-5.271461e-01,1.763594e-01,-4.454699e-01,-3.702143e-03,9.685129e-01,8.058549e-03,3.341823e-01,-4.843432e-01,2.168804e-03
-9.744060e-01,-2.032258e-01,-7.623521e-01,-5.475613e-01,3.828756e-01,1.478661e+00,-1.221715e-01,-5.254739e-01,5.413292e-01,1.905808e+00
1.742482e-03,-1.393346e+00,-1.099891e+00,1.031820e-01,6.870311e-03,6.665298e-02,-1.111257e-02,9.563954e-01,1.366433e+00,-6.063139e-04
-2.028538e-03,2.927955e-01,-3.141595e-01,-1.018156e+00,-7.298947e-03,-1.980642e-01,2.489960e-03,8.624133e-01,5.399277e-01,-4.738572e-03
-2.091547e-03,-5.818062e-01,-7.457226e-01,2.738623e-01,-5.931514e-04,8.572459e-01,1.433179e-04,5.999136e-01,1.103092e+00,1.477498e-03
-3.048970e-03,-6.345646e-01,-2.056817e+00,-5.324259e-01,-3.859178e-03,-1.495641e+00,5.751732e-03,1.605634e-01,3.926399e-01,-4.440929e-03
3.626004e-04,-2.269206e-01,2.360802e+00,-3.388800e-01,-9.471621e-03,-6.562561e-01,-2.406249e-03,1.447875e+00,9.060566e-01,1.502628e-03
4.067391e-03,1.681591e-01,1.923050e+00,-1.486233e+00,1.014477e-03,-1.352829e-01,1.328983e-04,2.588759e-02,1.149898e+00,8.940625e-04
-3.871369e-03,9.388658e-01,9.683781e-01,6.635837e-01,-1.553333e-03,-1.520617e-01,-8.135130e-03,-1.118647e-01,-1.080856e-01,-7.328546e-04
1.523988e+00,-5.365909e-01,8.756174e-01,-5.235829e-02,-2.419825e-01,-6.806338e-01,-1.383431e+00,1.270845e+00,6.203067e-01,-1.948921e+00
-7.813678e-01,-3.550701e-01,2.032835e+00,-1.391179e+00,-3.095422e-01,-5.848860e-02,3.587421e-01,5.351253e-01,-1.728091e+00,-1.622129e-01
-8.581741e-03,1.392315e+00,-7.517303e-01,8.791900e-02,9.568703e-03,1.425928e+00,-2.535961e-03,-8.600711e-01,1.214704e+00,-2.028235e-03
-1.627163e-01,1.874091e-01,1.286193e+00,2.059203e-01,-6.290580e-01,4.652298e-01,1.719922e-01,7.324324e-01,-1.423292e-01,2.064919e-02
-8.198107e-01,-6.322060e-01,5.787118e-01,-6.046349e-01,1.151017e+00,8.474359e-01,-1.454119e+00,-6.870537e-01,-2.818064e-01,1.039578e+00
