1.355431e+00,1.833838e-01,9.045471e-01,-1.157765e-01,-2.834129e-01,-1.532054e-01,1.010547e-01,-1.757914e-01,-1.172538e+00,1.776855e+00
1.524434e+00,-1.247244e+00,6.603752e-01,-2.824699e-01,1.149323e-01,2.264198e+00,-1.752266e+00,1.629663e+00,6.416877e-01,4.918383e-01
1.598461e+00,4.809179e-01,-5.884910e-01,2.524170e-01,3.269125e-01,5.394441e-01,-1.277310e+00,2.801645e-01,-7.634702e-01,5.897680e-01
4.746336e-04,6.607447e-01,-3.530561e-01,-7.807800e-01,-1.247598e-03,6.264563e-01,2.686766e-03,6.033154e-01,-1.024448e+00,6.448283e-04
2.348255e-03,1.414462e-01,-1.169799e+00,-9.132321e-01,-1.207781e-02,-3.258399e-01,8.999100e-03,-7.085855e-01,-9.639360e-01,-2.838029e-03
-2.723070e-03,2.391877e-01,8.550798e-01,-1.769047e-01,-3.651612e-03,-6.505711e-01,3.525638e-03,-3.736661e-01,-9.334852e-01,-2.381114e-03
-4.127384e-03,4.156605e-01,-3.529866e-01,3.527307e-01,-3.858157e-03,-2.023478e+00,4.419420e-03,-6.554822e-01,-5.592352e-01,-3.210276e-03
-9.762309e-01,-4.136765e-02,7.959095e-01,-2.998679e-01,3.930307e-01,2.485091e-01,-1.193858e-01,4.814780e-01,-1.016059e+00,1.900237e+00
-3.393445e-03,-1.191803e+00,-5.452938e-01,5.092304e-03,2.757098e-03,-6.359137e-01,3.580423e-03,5.050470e-01,-1.571777e+00,-1.152868e-03
-1.550256e-03,2.362575e-01,1.190295e+00,-1.069716e-01,-6.982286e-04,-1.276210e+00,-3.424964e-03,7.253878e-01,3.046716e-01,-3.973665e-03
-2.976562e-03,-5.782683e-01,-9.768592e-01,-3.825028e-01,3.298238e-04,-9.942216e-01,2.348696e-04,-1.395195e+00,1.345143e+00,9.460362e-04
-4.684631e-04,7.628245e-01,-9.294706e-02,1.220108e+00,-1.279876e-03,2.581418e-01,-3.035597e-04,2.899179e-01,-1.089364e-01,-2.750659e-03
-1.593866e-03,-1.568436e-01,-2.730476e-01,-7.499009e-02,-3.512399e-04,-3.962108e-01,-5.833207e-03,9.530362e-01,-4.856558e-01,2.870707e-03
5.419139e-03,5.498635e-01,-1.415252e+00,7.892229e-01,-2.732342e-03,-5.990056e-01,1.987831e-03,5.907603e-01,-3.205626e-01,-2.002142e-04
-6.161529e-03,-3.305370e-01,7.756093e-01,1.282065e-01,2.436200e-03,4.840489e-01,2.168814e-03,-2.657261e-01,-1.108671e+00,-2.155583e-03
1.518818e+00,-1.374212e+00,-8.473952e-01,2.061189e-03,-2.429707e-01,1.849772e+00,-1.390412e+00,1.469981e-03,7.449522e-01,-1.948338e+00
-7.786807e-01,-1.306918e+00,7.785402e-02,2.010335e-01,-3.176624e-01,4.595704e-01,3.533878e-01,-1.134050e+00,-5.065779e-02,-1.599885e-01
-2.303551e-03,-2.376931e-01,-4.214173e-01,-3.518666e-01,-7.524937e-04,-5.904468e-01,1.020314e-02,-2.316260e-01,-3.277537e-01,7.924230e-04
-1.560439e-01,-9.691824e-01,1.649946e+00,3.067415e-01,-6.256656e-01,-2.456094e-01,1.829995e-01,-1.568938e-01,1.198813e-01,2.351421e-02
-8.162099e-01,-4.264055e-01,1.805118e-01,-1.161425e+00,1.152449e+00,-3.968660e-01,-1.459990e+00,-1.150613e-01,5.140929e-01,1.039119e+00
