1.361774e+00,3.263946e-01,-2.512253e-02,-1.406371e+00,-2.813808e-01,1.549303e-01,8.830530e-02,9.453878e-01,4.675470e-01,1.782817e+00
1.520362e+00,5.508148e-01,1.054488e+00,3.686172e-01,1.086675e-01,1.764580e+00,-1.751225e+00,-1.476190e+00,1.045227e-01,4.870058e-01
1.597987e+00,-6.470208e-01,-2.476098e-01,-2.057979e-01,3.286566e-01,-1.811215e-01,-1.264858e+00,-4.698911e-01,-1.318917e+00,5.944633e-01
2.624883e-03,1.714628e+00,5.065279e-01,-2.868469e-01,-2.339886e-04,-1.061177e+00,6.536890e-03,-5.687221e-01,2.391520e-01,-3.432360e-03
-2.280276e-03,4.410917e-01,2.889937e+00,-8.567322e-03,-2.338407e-03,-4.010815e-01,4.726562e-03,4.833768e-02,-1.575125e-01,-7.549699e-04
-1.679893e-04,-9.518289e-01,1.439986e+00,-1.521683e+00,-1.239600e-03,-4.074775e-01,4.522410e-03,1.845027e-01,-5.064624e-01,1.667674e-04
-2.489168e-03,-1.296825e+00,-1.029886e+00,-3.274214e-01,-4.535331e-03,-1.079270e-01,2.703156e-03,-1.768325e+00,4.309863e-01,7.011929e-04
-9.672241e-01,9.532622e-01,3.127177e-01,-1.036514e+00,3.839951e-01,-4.171723e-01,-1.034995e-01,9.614720e-02,8.837352e-02,1.902024e+00
2.008107e-03,-2.967114e-01,1.111557e+00,-1.015341e+00,1.279072e-03,6.023428e-01,-2.358590e-03,8.355969e-01,-1.262544e+00,1.230693e-03
3.821045e-03,8.061021e-01,6.483949e-01,-7.463231e-01,-2.700112e-03,4.527072e-02,6.980654e-05,1.086851e+00,1.214391e+00,-3.081141e-03
1.136683e-03,-5.095424e-01,1.132019e+00,8.651586e-01,6.076064e-03,-1.841259e-01,2.049130e-03,2.350237e-01,3.633141e-01,4.878323e-04
-4.731253e-03,-6.910243e-01,7.221557e-01,3.629602e-01,-8.637355e-03,-1.681008e-01,1.047097e-03,-1.041139e+00,1.133528e+00,-4.242893e-03
5.370270e-03,1.529376e-01,1.190860e+00,-1.979581e-01,1.019518e-02,-5.373965e-02,-1.124122e-03,1.166525e+00,-9.693746e-02,1.857518e-03
2.841276e-03,5.030006e-01,-2.314627e-02,4.902495e-01,5.905190e-03,1.163582e+00,1.598161e-02,-4.289031e-01,1.857154e-01,3.246958e-03
-5.894343e-03,7.700940e-01,-5.359446e-01,1.614744e+00,-7.575270e-04,-2.132704e-01,-5.937167e-03,-1.144630e+00,5.158818e-01,2.833355e-03
1.524362e+00,-2.465617e-01,5.810980e-03,-1.894369e+00,-2.553945e-01,4.614572e-01,-1.401874e+00,5.112985e-01,3.998852e-01,-1.948475e+00
-7.822527e-01,-5.117136e-01,-9.743105e-01,5.001430e-01,-3.120229e-01,-1.257418e+00,3.573408e-01,-8.482679e-02,7.364388e-01,-1.609888e-01
2.594102e-03,-8.609958e-01,-3.395418e-01,9.716397e-01,-4.346146e-03,6.503912e-01,-8.138552e-03,-6.560018e-02,-1.325805e-01,2.617189e-04
-1.654035e-01,2.155325e-01,-2.434664e-01,1.044419e+00,-6.237212e-01,-1.045661e+00,1.754054e-01,-2.934857e-01,-5.918459e-01,2.423546e-02
-8.184303e-01,-6.189920e-02,-1.411691e+00,-1.035003e+00,1.162528e+00,-1.287738e+00,-1.466704e+00,-1.021957e-01,7.239870e-01,1.041093e+00
