1.371263e+00,-1.023455e+00,-7.908557e-01,3.805888e-02,-2.854404e-01,-1.205893e+00,8.039899e-02,-4.631848e-01,-1.522511e+00,1.780441e+00
1.522652e+00,-4.023340e-01,2.210157e-01,2.585840e-01,1.099671e-01,-1.001201e+00,-1.747863e+00,5.416319e-01,-2.475640e+00,4.861756e-01
1.601037e+00,-2.617517e-01,-1.542986e-01,-2.617687e-01,3.340594e-01,1.022710e+00,-1.266854e+00,-6.755680e-01,1.395350e+00,5.904215e-01
2.335189e-03,5.585603e-02,4.801212e-01,2.879160e-01,-8.343284e-03,-4.877216e-01,-1.092343e-05,9.770649e-01,-2.092907e-01,-2.818861e-03
2.781273e-03,-1.377205e-01,1.206323e+00,3.381039e-01,-2.460596e-03,-1.650851e+00,-7.278961e-04,-1.274693e+00,9.267857e-01,-2.236774e-03
-6.641905e-05,-5.216234e-01,-9.992270e-01,-1.913869e-02,-4.590477e-03,-6.373070e-01,1.066402e-02,1.717116e-01,-4.605583e-01,4.734723e-04
-2.172131e-03,-1.920488e-01,-5.819663e-01,6.851751e-01,-5.334252e-03,-1.274547e+00,1.606359e-03,2.316424e-01,4.023704e-01,9.310707e-04
-9.733697e-01,5.675737e-01,8.844387e-01,2.325327e-01,3.863356e-01,4.924042e-01,-1.272483e-01,3.169277e-01,-2.854086e-01,1.904797e+00
1.445066e-03,-5.811914e-01,-8.466501e-01,1.291265e+00,7.055823e-04,-4.148209e-02,1.276420e-02,1.946714e+00,5.475595e-01,2.001884e-03
7.577912e-04,1.427911e+00,-2.521643e-01,1.966005e-02,2.509552e-03,3.365652e-02,5.878151e-03,9.931722e-01,3.845880e-01,-7.029560e-04
-2.491681e-03,1.860363e-02,3.587608e-01,-1.836492e+00,5.043088e-03,-1.619138e-01,-8.819611e-03,-2.183806e+00,-9.535843e-01,1.305044e-04
-2.648641e-03,-1.000132e-01,2.426369e+00,-9.919706e-01,-4.462606e-03,1.662879e+00,9.992103e-03,6.101031e-01,3.417635e-01,-4.750520e-03
6.592625e-03,-5.785387e-01,2.121724e-02,-8.995574e-01,3.307456e-03,-5.873869e-01,2.896227e-03,-6.255809e-01,-1.619706e-01,2.925365e-03
-1.776898e-03,1.076871e+00,7.641210e-01,-6.483219e-01,9.858346e-03,-7.512123e-01,-3.676911e-03,9.436217e-01,7.119638e-01,2.540562e-03
-6.316140e-04,-4.515197e-02,4.354642e-01,-1.719521e+00,-8.354372e-03,-5.714705e-01,1.097332e-02,3.026063e-01,-1.007827e-02,-3.475064e-03
1.524325e+00,9.150782e-02,1.581083e+00,3.913935e-01,-2.421412e-01,-8.756043e-01,-1.383590e+00,-4.616748e-01,-6.771929e-01,-1.949450e+00
-7.858642e-01,-8.992369e-02,7.030548e-01,-1.653597e+00,-3.157640e-01,-8.148313e-01,3.538326e-01,5.128293e-01,1.615289e+00,-1.621346e-01
-1.170457e-03,-3.170534e-01,1.216939e+00,2.733814e-01,-2.363164e-03,-2.580342e-01,-1.091644e-02,-1.163214e+00,1.687299e+00,1.117382e-03
-1.620672e-01,7.341513e-01,5.016155e-01,-1.510456e-01,-6.281518e-01,-2.592269e-01,1.844602e-01,-5.178684e-01,2.419273e-01,2.815055e-02
-8.147100e-01,-2.174137e-01,4.471637e-01,-8.349541e-01,1.162953e+00,-4.911263e-01,-1.455492e+00,-5.968766e-01,-2.113546e-01,1.040274e+00
