1.358616e+00,-5.599170e-01,-8.101814e-01,-8.068731e-01,-2.886532e-01,1.018972e+00,8.811996e-02,-3.951259e-01,-1.192422e+00,1.780088e+00
1.522928e+00,-6.468467e-01,-4.004693e-01,6.980575e-01,1.083985e-01,-2.032332e-01,-1.749775e+00,5.087967e-01,-1.067578e-01,4.815505e-01
1.605252e+00,6.167660e-01,-9.071679e-01,-1.202445e-01,3.254118e-01,1.763206e-02,-1.279067e+00,-1.531082e+00,1.109248e+00,5.931851e-01
-1.867771e-03,-1.416919e+00,-2.503270e-01,-9.373213e-01,-6.052162e-03,6.874870e-02,1.062300e-02,1.254316e-01,2.867484e-01,-2.606754e-03
2.608683e-03,-1.495592e-01,-6.523151e-01,1.382666e-02,-1.156663e-03,-5.391042e-01,6.333511e-03,1.443433e-01,3.233948e-01,-1.483963e-03
-7.178260e-03,-1.834246e+00,-4.972562e-01,-1.390839e+00,-2.154256e-03,5.163375e-01,-1.887440e-03,6.850680e-01,-1.211138e+00,6.539641e-04
-7.391588e-03,-1.249218e+00,-2.518387e-01,4.302701e-01,-3.664604e-03,-1.311875e-01,8.898487e-03,-1.372753e+00,2.261830e-01,7.553144e-04
-9.768762e-01,-1.137281e+00,-5.088270e-01,-1.519443e+00,3.914604e-01,3.456377e-01,-1.168459e-01,1.600790e+00,-1.567911e-01,1.901530e+00
-2.055071e-04,2.188377e-01,3.353769e-01,1.968694e-01,4.908154e-03,5.347989e-02,-2.836853e-03,5.707693e-02,1.264405e+00,1.970723e-03
2.722490e-03,-2.442254e-02,-1.859167e+00,1.172977e+00,-6.400623e-04,7.609034e-01,5.386534e-03,-1.755447e-01,-2.223493e-01,-1.801357e-03
4.929182e-03,-3.587704e-01,1.043320e+00,5.573467e-01,1.200619e-02,1.277747e+00,3.751996e-03,1.249437e-01,-1.543387e-01,-1.777174e-04
-1.594688e-03,1.160325e+00,9.957194e-01,6.689371e-01,-2.628345e-03,2.297309e-01,1.782107e-02,-4.545878e-01,-5.346881e-02,-4.924426e-03
7.813073e-03,-1.228727e+00,-7.767074e-01,3.317600e-01,2.574575e-03,4.866952e-01,-7.636709e-03,2.479882e-01,6.256091e-01,2.273118e-03
5.649655e-03,-3.152827e-01,8.201646e-02,6.018130e-01,1.030440e-03,1.121214e+00,1.885081e-04,-4.056977e-02,-3.949031e-02,3.145849e-03
2.619693e-03,6.677196e-01,8.808602e-01,-9.227314e-02,-5.280619e-03,-4.054981e-01,-1.157758e-02,1.151522e+00,-1.402470e-02,-2.282477e-03
1.523678e+00,7.874646e-01,2.298593e-02,6.509794e-01,-2.450191e-01,-7.669694e-01,-1.386566e+00,-1.715289e-02,-6.931512e-01,-1.945145e+00
-7.764550e-01,-1.145960e+00,2.935876e-01,2.831927e-01,-3.148559e-01,1.720041e+00,3.475949e-01,1.839652e-01,6.188733e-01,-1.606804e-01
-5.817323e-03,2.910252e-01,-2.353295e-01,-8.056714e-01,-5.008276e-03,-9.843260e-01,-5.343584e-03,-1.050163e+00,1.147970e-01,-1.832343e-04
-1.618165e-01,7.862668e-02,-4.914764e-01,9.700486e-02,-6.238588e-01,-9.835431e-01,1.700908e-01,9.888781e-01,-6.871940e-01,2.286419e-02
-8.126160e-01,1.319967e+00,-1.147807e+00,5.395465e-01,1.164958e+00,-1.001168e+00,-1.454202e+00,3.760991e-01,-1.556058e-01,1.042756e+00
