1.360232e+00,8.460011e-01,9.812063e-01,7.106913e-01,-2.774878e-01,5.649973e-01,1.005544e-01,2.858445e-01,-1.317422e+00,1.780198e+00
1.527294e+00,7.283579e-01,-1.436608e-01,-4.358233e-01,1.048124e-01,9.599763e-01,-1.738965e+00,5.506237e-01,9.691844e-01,4.879107e-01
1.600911e+00,9.821674e-02,2.175489e-01,3.621077e-01,3.336846e-01,1.091301e+00,-1.270703e+00,7.001606e-01,-2.849764e-01,5.901465e-01
4.884857e-04,4.056525e-01,-8.737504e-02,-1.087399e+00,5.046584e-04,-5.854553e-01,4.092505e-03,-9.987338e-01,-1.049544e+00,8.998007e-04
-5.301246e-04,2.759783e-01,7.014090e-01,6.521674e-01,-3.566405e-03,8.872043e-01,4.400676e-03,3.058918e-02,-2.100941e-02,2.432202e-04
-3.943669e-03,3.513551e-01,-8.632151e-01,1.459663e-01,-4.253088e-03,1.130024e+00,2.092565e-04,1.751479e+00,1.030993e-01,-1.878990e-03
4.673912e-03,-3.177566e-01,-6.567656e-01,-1.694051e+00,-1.084078e-03,1.290382e+00,-6.875072e-03,3.225088e-02,-5.941877e-01,-1.589292e-03
-9.738433e-01,1.301765e+00,-3.630652e-01,4.627339e-01,3.827183e-01,1.221738e+00,-1.149351e-01,-1.314487e-01,4.514844e-01,1.904778e+00
-2.465015e-03,-9.575083e-02,-2.954457e-03,-1.926714e-01,-7.274326e-03,-3.326430e-01,-1.172318e-03,-2.089252e+00,-7.339044e-01,2.537618e-04
-2.976383e-04,4.070716e-01,-9.217188e-01,2.041270e+00,-3.529633e-03,-3.543419e-01,-9.571944e-04,2.309839e+00,-1.051100e+00,1.597465e-03
5.320048e-04,4.880443e-01,1.426602e+00,9.660348e-01,-3.350703e-03,9.289548e-01,-2.190277e-03,1.145045e+00,9.194955e-01,7.887812e-05
-8.938410e-04,-1.083205e+00,-9.584143e-01,-3.882014e-01,-3.288763e-03,1.683135e-01,-1.758931e-03,-2.471954e-01,-8.878125e-02,-2.398285e-03
3.060450e-03,-1.002850e+00,5.274567e-01,-3.825486e-01,-8.039825e-04,1.728048e+00,6.546265e-04,6.522259e-02,-1.094153e+00,1.659303e-03
1.598795e-03,-6.544443e-01,2.509692e-01,-2.049347e-01,3.642343e-03,-9.011693e-01,-3.862102e-03,-1.173669e+00,-8.439584e-02,3.970245e-03
3.399759e-03,5.391909e-02,-5.250504e-01,-4.902284e-01,2.230849e-03,-6.833473e-01,8.835827e-03,-5.186623e-01,-4.156588e-01,-4.706057e-03
1.523827e+00,8.176774e-01,-8.559463e-01,-1.164303e+00,-2.479294e-01,-5.333329e-02,-1.396093e+00,-4.184926e-01,7.941880e-02,-1.948257e+00
-7.843854e-01,-7.103598e-01,1.185045e+00,-7.742715e-01,-3.216362e-01,1.644385e+00,3.515234e-01,-3.863150e-01,-1.416385e-02,-1.617071e-01
-7.657816e-04,9.310132e-01,-2.548301e-01,5.662144e-01,4.340898e-03,9.072627e-01,-5.545221e-03,1.373562e-01,-9.606028e-01,-5.377612e-04
-1.527261e-01,-1.442736e+00,8.646905e-01,-8.625873e-01,-6.230023e-01,-1.261693e+00,1.637572e-01,5.171879e-01,3.028077e-01,2.976423e-02
-8.182842e-01,5.969251e-01,6.818221e-01,-1.363986e-01,1.152112e+00,3.435318e-01,-1.459802e+00,1.389589e-01,2.346127e-01,1.039334e+00
