1.355200e+00,-1.038586e+00,1.316902e+00,1.129267e+00,-2.810193e-01,4.757627e-01,9.897177e-02,8.217832e-02,-5.089597e-01,1.776430e+00
1.522983e+00,-1.221582e+00,1.347915e-01,-5.414012e-01,1.063148e-01,-7.412760e-01,-1.744426e+00,-2.529716e-01,1.023334e+00,4.850585e-01
1.599008e+00,-8.075724e-01,1.094402e+00,4.592138e-01,3.296588e-01,-1.361944e+00,-1.266017e+00,-4.398357e-01,2.011795e-01,5.877200e-01
3.103104e-03,5.941131e-01,-9.566176e-01,1.433202e+00,-7.765136e-03,-1.410010e+00,2.143759e-03,-1.018474e+00,1.892028e+00,-1.664523e-04
-1.667348e-03,7.571276e-02,-3.320413e-01,-1.152885e+00,-3.666600e-03,7.128693e-02,1.252087e-03,1.882963e-01,-7.812213e-01,-2.692282e-03
-5.076438e-04,2.456691e-01,-1.060638e+00,-1.456982e-01,1.254114e-03,-2.476438e-01,6.079904e-03,1.823267e+00,-2.587107e-01,-1.668991e-03
2.907440e-03,-2.940668e-01,1.129620e+00,-4.410199e-01,-8.467751e-03,-1.328971e+00,1.104173e-02,3.334984e-01,-9.538233e-02,2.468473e-04
-9.640869e-01,1.413297e+00,-1.858060e-01,-7.734041e-01,3.823874e-01,-4.507908e-01,-1.232267e-01,-1.189296e+00,-2.759308e-01,1.904553e+00
-5.698164e-04,-1.280136e-01,-7.413820e-03,-8.338828e-01,-5.467103e-03,5.871976e-01,-4.115420e-03,2.113141e-01,-2.343696e+00,3.214862e-03
-6.238619e-04,-1.124596e+00,3.820099e-01,-1.346580e+00,-4.018994e-03,1.349435e+00,-3.667006e-03,1.986888e-01,3.419493e-01,-1.329312e-03
4.684433e-04,-9.261989e-01,-8.787529e-02,6.690746e-01,-2.675202e-04,4.356233e-01,-8.403171e-03,1.507976e-03,1.211006e+00,-1.826705e-03
-8.137245e-03,1.438328e+00,-8.212624e-02,2.578232e-01,-6.980927e-03,3.662494e-01,-1.053755e-02,9.580492e-01,-2.501852e-01,-3.099916e-03
5.290218e-03,-7.834043e-02,8.062708e-01,-2.949937e-01,7.490028e-05,6.424016e-01,4.106768e-03,1.531847e-01,2.783225e-01,2.659899e-03
4.966121e-03,8.198952e-01,1.141778e+00,7.083279e-01,-2.186811e-03,2.377043e-01,1.148902e-02,-3.246817e-01,-5.458011e-01,-3.625222e-03
1.629348e-03,-3.834559e-01,-1.940287e-01,-2.705286e-01,-2.554423e-03,-1.125150e-01,5.123390e-03,2.024418e+00,-5.211367e-01,-3.030558e-03
1.521657e+00,-5.064545e-01,2.385963e+00,6.763265e-01,-2.390013e-01,7.454186e-03,-1.377094e+00,-1.285054e+00,2.537053e-01,-1.948720e+00
-7.790925e-01,3.207363e-01,-7.304837e-01,-2.310121e-01,-3.100109e-01,7.346886e-01,3.672680e-01,2.390362e-01,1.105093e+00,-1.568087e-01
5.081794e-04,-1.647732e-01,1.432718e+00,-7.359038e-01,7.673227e-04,1.980703e+00,-2.401035e-03,-6.908014e-01,7.689553e-02,3.651000e-04
-1.522768e-01,1.381970e-02,1.198897e+00,-7.166768e-02,-6.202224e-01,2.123461e-01,1.732707e-01,-4.191520e-01,-3.456973e-01,2.594576e-02
-8.173134e-01,-4.538715e-01,-7.560681e-01,6.451868e-01,1.158970e+00,1.569626e-01,-1.454710e+00,-1.731761e+00,-2.594396e-01,1.040658e+00
