1.360128e+00,-5.981211e-01,-3.223162e-01,5.637647e-01,-2.845944e-01,-3.250094e-01,9.472100e-02,-3.704997e-01,-1.705610e+00,1.778230e+00
1.523429e+00,8.769479e-02,5.589330e-02,-1.031880e+00,1.035521e-01,1.187863e+00,-1.733483e+00,9.256329e-01,4.305965e-01,4.903447e-01
1.596986e+00,-3.164642e-02,-7.780311e-01,-5.815986e-01,3.333787e-01,7.933948e-01,-1.274641e+00,9.800242e-01,-2.306908e-01,5.927925e-01
7.347180e-03,-2.864631e-01,-7.067411e-01,-7.307559e-01,-1.337301e-03,2.895688e-01,2.737204e-03,7.366901e-01,-1.970770e+00,-5.697447e-04
3.081085e-03,9.491405e-01,2.063107e+00,-1.471519e+00,-1.573604e-03,6.932273e-01,-1.272148e-02,8.456370e-01,-3.425476e-01,-1.196201e-03
-1.268094e-03,1.604648e+00,1.538991e+00,-5.549958e-01,-1.395056e-02,6.472228e-01,5.495796e-03,1.257708e+00,6.503553e-02,5.302320e-04
-1.806963e-03,2.418240e+00,-1.007164e+00,-2.970993e-01,-1.252180e-03,-9.546267e-02,-1.377786e-03,-1.494640e+00,2.006919e+00,-2.306829e-03
-9.717331e-01,7.184611e-01,-1.701938e-01,2.120670e+00,3.843815e-01,-3.569325e-01,-1.158315e-01,7.601255e-01,6.847064e-01,1.907673e+00
7.412656e-04,-9.380760e-01,9.531836e-02,4.077624e-01,-5.994704e-03,5.516106e-01,-3.789230e-03,7.275642e-01,1.733035e-01,3.094809e-03
-1.715279e-03,-1.071766e+00,-9.130999e-01,-1.297824e+00,-2.110105e-03,-5.184983e-01,-3.594640e-03,-2.974973e-02,4.970981e-01,-2.580425e-03
5.014673e-03,-2.441598e-01,5.405035e-02,-9.029323e-01,6.078304e-03,-7.255751e-01,1.226493e-03,-2.771681e-01,-4.784127e-01,3.827697e-04
3.171814e-03,-5.328539e-01,-1.088181e+00,-2.202633e-01,-8.250594e-03,-5.812925e-01,-6.797494e-04,1.041442e+00,1.883562e-01,-2.678322e-03
-1.529657e-03,-1.064185e+00,-9.409820e-02,-5.533958e-01,7.689682e-04,-1.276724e+00,1.333160e-02,3.919054e-01,-3.017574e-02,3.127843e-03
7.841743e-03,-7.374014e-01,-7.171856e-01,-9.200991e-01,8.036110e-03,8.158517e-01,-1.121071e-02,3.594237e-01,5.274563e-01,1.613802e-03
-1.050392e-03,-1.104768e+00,1.879899e-02,1.088568e-01,4.119016e-03,4.244084e-01,5.346104e-03,1.161248e+00,-8.936378e-01,2.165878e-04
1.526635e+00,6.134477e-01,-7.180629e-01,-1.641456e-01,-2.410472e-01,-1.527231e+00,-1.375738e+00,1.338187e+00,-3.660893e-01,-1.949279e+00
-7.819499e-01,-1.277382e+00,8.855403e-01,-4.367784e-01,-3.116906e-01,-7.391928e-01,3.342556e-01,-5.251184e-01,9.926538e-01,-1.642688e-01
4.780564e-04,1.310416e+00,-6.089261e-01,7.233367e-01,-8.892254e-04,1.235801e+00,1.045566e-02,-3.974491e-01,-2.583686e-01,-1.587976e-03
-1.576975e-01,5.383469e-01,9.563895e-02,8.894642e-01,-6.181774e-01,-2.690449e-01,1.739841e-01,-1.214999e+00,4.769355e-01,2.788983e-02
-8.118927e-01,7.476742e-01,-6.553311e-01,9.307729e-01,1.154055e+00,-4.190284e-01,-1.461078e+00,6.941622e-01,6.795653e-01,1.040221e+00
