1.363362e+00,-5.834732e-01,-3.445278e-01,7.297461e-01,-2.846350e-01,2.596735e-01,9.430184e-02,-1.220265e+00,-6.802986e-01,1.775671e+00
1.528200e+00,-9.931831e-01,6.092624e-01,-1.909173e-01,1.100457e-01,6.452157e-01,-1.746237e+00,-2.938402e-01,3.040797e-01,4.863679e-01
1.599747e+00,-9.724246e-03,2.722915e-01,-6.139190e-01,3.339304e-01,-1.492694e-01,-1.268817e+00,-1.406050e+00,-4.673296e-01,5.929052e-01
3.854092e-03,3.055669e-01,3.154367e-01,2.099488e-01,-3.357392e-03,-6.491213e-02,2.341014e-03,-4.513243e-01,4.307918e-01,-3.300510e-03
2.695683e-04,7.076049e-01,-1.094025e-02,3.082158e-01,1.227518e-03,-1.549797e-01,2.144799e-03,1.047003e+00,-9.220924e-01,1.956240e-04
-4.549964e-03,4.576138e-01,-6.264027e-01,7.567245e-01,3.594592e-03,2.841292e-01,2.639801e-03,-1.620071e-02,2.732000e-01,-2.001899e-03
-4.243909e-03,-2.001154e-01,3.138201e-01,-4.700884e-01,1.164649e-04,-2.246300e-01,3.976230e-03,-1.220346e+00,-6.704533e-01,6.592017e-04
-9.708009e-01,-9.164141e-01,9.573673e-01,1.068858e+00,3.879506e-01,4.816856e-01,-1.155414e-01,-2.495534e-01,4.279201e-01,1.902013e+00
-2.065451e-03,-3.749444e-01,6.294519e-01,1.951858e+00,-1.507636e-03,-8.824549e-01,1.105693e-02,-6.568087e-03,-8.426549e-01,4.965829e-03
-3.973074e-03,7.478889e-02,-1.849696e-01,8.207781e-02,-5.862353e-03,1.252449e+00,1.359537e-03,1.506664e+00,-1.588130e+00,-3.324213e-03
2.969841e-03,-1.336115e-01,-2.110560e+00,-1.913478e+00,5.567836e-03,-1.910815e+00,6.208925e-03,1.672337e+00,-4.085159e-01,-1.449234e-03
6.243162e-04,-7.327750e-01,-3.798319e-01,1.388057e+00,-3.465232e-03,-1.509520e-01,3.265535e-03,5.773482e-01,-2.576154e-02,1.588535e-04
8.528559e-03,-8.974310e-01,1.455995e+00,1.843930e-01,-3.454454e-03,6.873878e-01,1.125810e-02,6.756291e-01,9.359448e-01,-4.366818e-03
4.575447e-03,4.090114e-01,-2.596404e-01,-1.908109e+00,3.403398e-03,4.479948e-01,1.243110e-02,2.990658e-01,5.228084e-01,2.235198e-03
1.464293e-04,-1.009300e+00,1.016056e+00,-9.682624e-01,-5.304632e-03,3.566408e-01,-6.772635e-03,-1.533266e+00,6.969235e-01,-2.148335e-03
1.524302e+00,1.118463e-01,1.039048e+00,-1.263105e-01,-2.412476e-01,2.898754e-01,-1.378849e+00,4.467446e-01,3.190928e-01,-1.945923e+00
-7.808693e-01,1.701489e+00,4.301556e-01,-1.459213e+00,-3.217569e-01,-1.646310e+00,3.611773e-01,1.039677e+00,2.038348e+00,-1.649298e-01
2.566187e-03,-3.978522e-01,-7.109168e-01,4.203535e-01,-5.545354e-03,-1.428332e+00,-6.269638e-03,8.576585e-01,-4.655239e-01,3.313091e-04
-1.498292e-01,-4.073396e-01,7.565270e-01,-9.375321e-01,-6.221275e-01,-9.080996e-02,1.731324e-01,-9.997444e-01,-1.819931e+00,2.241079e-02
-8.197511e-01,-8.095908e-01,-8.602302e-01,-9.218800e-01,1.160952e+00,-1.476117e+00,-1.468827e+00,9.726278e-01,-3.749038e-01,1.039687e+00
