1.360018e+00,-5.488819e-01,7.441916e-01,6.678917e-01,-2.756815e-01,1.714002e+00,8.687902e-02,5.765715e-01,8.410615e-02,1.774949e+00
1.521174e+00,5.090587e-01,2.629675e-01,-2.568681e-01,1.133752e-01,-1.041829e+00,-1.740587e+00,6.094091e-01,4.786528e-01,4.859936e-01
1.601403e+00,-1.160641e+00,1.078045e+00,5.190426e-01,3.330644e-01,-5.419562e-01,-1.267120e+00,2.436545e-01,-5.925407e-01,5.905063e-01
1.671087e-03,3.974165e-02,-1.791202e-01,-4.010388e-01,-3.304368e-03,8.268239e-01,-1.454822e-02,-1.326676e+00,-1.727323e-01,2.407906e-03
8.822226e-04,-8.294374e-01,1.650562e-01,1.845612e+00,3.082807e-04,-1.336011e+00,7.280252e-03,8.729549e-02,-4.388451e-01,2.420266e-03
9.331729e-04,-4.868503e-01,1.757929e+00,5.125792e-01,2.385121e-03,7.269887e-01,6.443740e-03,-1.730671e-01,-8.690386e-02,2.555243e-03
-3.778504e-03,9.160781e-01,2.806989e-01,-2.706257e-01,-8.674442e-03,8.903120e-01,1.380609e-02,6.180804e-01,-1.836223e-01,1.324540e-03
-9.771911e-01,2.422402e-01,-8.381240e-01,-8.314837e-01,3.822659e-01,5.025440e-01,-1.181733e-01,-6.294028e-01,2.080177e+00,1.905263e+00
-2.578204e-03,5.686267e-01,3.408040e-01,1.536182e+00,1.945885e-05,6.353691e-01,-8.607164e-03,-1.159596e+00,1.273585e-01,2.275123e-03
2.492969e-03,5.541364e-01,1.346307e+00,-7.179139e-01,4.781131e-03,-5.862892e-01,1.106019e-02,8.166003e-01,4.385648e-01,-1.427081e-03
-1.686429e-03,-9.811500e-02,-5.758851e-01,-1.537071e+00,6.417238e-03,5.385321e-01,4.470330e-03,-1.100243e+00,8.093636e-01,3.120401e-03
-4.546709e-03,-8.684810e-01,4.268763e-01,-6.284401e-01,-2.373959e-03,1.066049e+00,4.315906e-03,6.135550e-01,4.978603e-01,-3.169972e-03
2.468266e-03,-2.478324e-01,4.940093e-01,6.224098e-01,-4.133666e-03,2.119798e-01,-7.271202e-03,-2.620677e-01,7.056208e-01,3.260359e-03
-3.099850e-03,1.004878e-01,-2.697228e-01,-9.562754e-01,-4.216007e-04,-8.237328e-01,1.661399e-02,-1.695909e-01,-4.815760e-02,2.880103e-03
-2.203995e-03,-3.582226e-01,1.064175e+00,-7.203465e-01,1.730343e-03,7.410708e-01,-1.111422e-02,3.287034e-01,-1.267677e+00,-4.495668e-03
1.517778e+00,8.823741e-01,-2.221001e+00,-8.724393e-02,-2.522347e-01,-2.521087e-02,-1.385729e+00,3.681559e-02,4.675349e-01,-1.947633e+00
-7.742116e-01,-3.480135e-01,-6.829466e-02,4.644327e-01,-3.132756e-01,2.911563e-01,3.584002e-01,1.110093e-01,-2.044937e-02,-1.630877e-01
-4.130795e-03,1.211257e+00,-8.000233e-02,1.359956e+00,-3.407777e-03,2.270948e-01,1.168729e-02,-2.636945e-01,1.056412e+00,-9.254880e-04
-1.586016e-01,-2.275979e-01,-1.710179e-01,-2.027702e+00,-6.199852e-01,-3.753278e-02,1.837503e-01,-1.015734e+00,5.148934e-01,2.694612e-02
-8.158203e-01,-9.219001e-01,-1.018104e+00,1.347686e+00,1.147180e+00,-1.892612e-01,-1.462659e+00,-1.644323e+00,-7.577333e-01,1.042127e+00
