1.359171e+00,-1.645925e+00,-1.473623e-01,-6.370573e-01,-2.847375e-01,9.505798e-01,9.202018e-02,2.544970e-01,-4.790946e-01,1.774456e+00
1.525187e+00,-7.625636e-01,-3.358184e-01,-8.773829e-02,1.065684e-01,1.053551e+00,-1.761246e+00,1.162914e-02,8.668261e-01,4.838074e-01
1.600682e+00,3.867379e-01,-1.064344e+00,4.415663e-01,3.281032e-01,6.515554e-01,-1.260431e+00,2.640692e-01,-1.008162e+00,5.888804e-01
-7.111579e-04,-5.563507e-01,5.795278e-01,-5.811145e-01,-1.432701e-03,1.539512e+00,2.354805e-04,1.082034e+00,-7.561172e-01,1.000795e-03
5.707396e-04,3.117031e-01,-3.997890e-01,9.526784e-01,3.081040e-03,-5.397043e-02,1.714223e-03,1.638828e-01,-6.299085e-01,2.594123e-03
-2.020669e-03,-1.548983e-01,1.022026e+00,-1.329354e-01,-7.611066e-04,9.235040e-01,8.657765e-03,1.959284e+00,5.361354e-01,-4.802727e-04
-2.061905e-04,6.739196e-01,8.692482e-01,3.112595e-01,1.050438e-03,-6.896466e-01,-1.774080e-03,1.546571e+00,-6.115533e-01,-1.075992e-03
-9.766854e-01,-1.384459e+00,1.482244e+00,1.883394e+00,3.838647e-01,-1.032491e+00,-1.240539e-01,1.011537e+00,-8.727474e-01,1.905081e+00
-4.791209e-03,-2.589353e-01,-1.249705e+00,4.688880e-01,6.640846e-03,-5.051378e-01,-6.853648e-03,-6.545344e-01,4.802730e-01,6.541389e-05
4.375634e-03,-3.183156e-01,-4.231279e-01,-2.290688e-01,5.522596e-03,-1.030017e-01,-1.492476e-03,1.545775e+00,-2.221596e+00,-2.884211e-03
3.272488e-03,-3.668138e-01,2.968328e-01,-1.392173e+00,4.999535e-03,8.727848e-01,5.442698e-03,5.695685e-01,-2.790459e-01,-3.971846e-04
-1.532434e-04,1.042020e+00,7.472101e-01,2.656353e-02,-4.511568e-03,9.813958e-01,-3.937437e-04,-2.648502e-01,-1.290827e+00,-2.653839e-03
3.012295e-03,6.976803e-02,-6.971310e-02,-1.061366e+00,-9.120652e-04,1.140073e+00,4.793810e-03,-1.051471e+00,4.611887e-01,4.830339e-03
3.301930e-03,-1.565615e+00,-2.310283e-01,-2.969206e-01,2.303054e-04,-4.713056e-01,-2.300110e-03,2.726851e-01,3.389251e-01,1.528245e-03
-5.406469e-03,1.375057e-01,1.036947e+00,1.758200e-01,-3.705093e-03,4.293513e-01,-7.915294e-03,-9.472963e-01,-2.452270e-01,-2.128479e-03
1.520785e+00,5.928782e-01,-2.560016e-01,3.250449e-01,-2.366485e-01,-8.212047e-01,-1.389108e+00,2.255784e-01,5.054146e-01,-1.946390e+00
-7.824407e-01,6.119529e-01,7.246791e-01,4.515037e-01,-3.061573e-01,-1.857722e+00,3.331125e-01,3.091585e-01,8.409156e-01,-1.618636e-01
-1.740583e-03,8.264338e-01,-2.538480e+00,6.051726e-01,-1.297029e-03,9.337305e-01,-3.783137e-04,1.104739e+00,5.836645e-01,-2.011463e-03
-1.640620e-01,7.215806e-01,-8.656372e-01,-2.545784e-01,-6.208338e-01,1.276077e+00,1.721511e-01,-9.134109e-01,-3.259568e-01,2.158633e-02
-8.176483e-01,-3.540837e-02,-5.210571e-01,7.990240e-01,1.149206e+00,3.990540e-01,-1.470463e+00,-8.716201e-01,3.387423e-01,1.040776e+00
