1.359390e+00,-9.786277e-01,-4.158281e-01,2.797795e-01,-2.856351e-01,1.126167e-01,9.312675e-02,-2.694514e-03,-3.845973e-01,1.775828e+00
1.521442e+00,-1.057527e-01,4.970523e-01,2.990495e-01,1.082975e-01,-7.085449e-01,-1.737489e+00,4.312514e-01,9.295597e-02,4.840329e-01
1.594867e+00,-2.136723e-02,-6.220597e-01,-3.204077e-01,3.266701e-01,9.820485e-01,-1.263465e+00,1.326730e-01,-1.470802e-01,5.903384e-01
-1.835501e-03,-1.069962e-01,-1.504541e-01,1.774028e+00,1.799787e-03,-9.314163e-02,-3.555977e-03,-6.037305e-01,-6.103255e-01,-9.812900e-04
-2.914061e-04,1.007892e+00,-1.222812e+00,-8.607793e-01,8.912189e-04,1.308234e-01,9.795146e-03,-3.355140e-01,-4.630057e-01,-5.306245e-04
2.012042e-03,3.862759e-01,-1.789508e+00,-1.257927e-01,1.185010e-03,-3.894626e-02,1.802130e-02,-1.780785e-01,-2.190302e+00,-3.351746e-03
4.716173e-03,-1.591578e-02,-4.101379e-01,5.187058e-02,-2.782028e-03,9.368439e-01,8.326458e-03,1.437689e+00,3.254016e-01,-8.782187e-04
-9.755542e-01,-3.487771e-01,1.529539e-01,-5.850796e-01,3.858261e-01,-7.580627e-01,-1.250666e-01,-4.028989e-01,8.576191e-01,1.902852e+00
-9.722271e-04,-3.810613e-01,4.234213e-02,-1.902967e-01,-8.249064e-03,7.309383e-01,-5.096464e-03,-7.466364e-01,-1.854520e-02,-1.850082e-03
-5.282655e-03,-1.137886e-03,1.172438e+00,-1.596585e+00,-5.672096e-03,6.398853e-01,1.611380e-02,9.166914e-01,6.299301e-01,2.256333e-03
-6.428739e-05,-1.644964e-01,1.201828e+00,-1.509552e-01,2.218581e-03,1.185461e+00,-4.258865e-03,8.404145e-01,9.460073e-01,2.931567e-03
-1.854565e-03,4.723854e-01,9.030017e-01,1.127370e+00,6.801085e-03,9.840487e-02,-8.438299e-03,-4.110688e-01,-8.941514e-01,2.815864e-04
-1.200248e-03,4.438100e-01,-6.959943e-01,2.070720e-01,1.000622e-02,5.815757e-01,-8.190846e-03,-6.419674e-01,1.388526e+00,3.790067e-03
4.702197e-05,2.437302e-01,-5.501825e-01,9.408188e-01,2.795835e-03,-9.490978e-01,-9.034867e-03,8.121602e-02,7.396393e-01,4.537989e-03
4.852005e-03,-1.035101e+00,-5.441662e-01,1.175044e+00,-7.714561e-03,-1.405822e+00,-4.232394e-03,-1.190185e+00,-9.620815e-02,-4.936825e-04
1.524219e+00,5.123078e-01,5.688333e-01,3.323452e-01,-2.435829e-01,5.482502e-01,-1.384145e+00,1.235371e-01,1.207789e+00,-1.950354e+00
-7.759069e-01,-2.650761e-01,9.795658e-01,5.081432e-01,-3.247511e-01,-9.561881e-01,3.386712e-01,-2.182352e-01,-1.083929e-01,-1.620036e-01
2.404706e-03,3.776821e-01,7.952791e-01,6.375765e-01,7.610527e-03,3.580546e-01,4.956573e-03,3.246104e-01,5.718668e-01,-1.800004e-03
-1.621642e-01,-2.166232e-01,3.702381e-01,1.433091e+00,-6.223273e-01,-4.999304e-01,1.845900e-01,-8.860465e-01,6.988727e-01,2.323623e-02
-8.165140e-01,-1.344451e+00,1.618738e+00,2.657039e-01,1.149291e+00,-1.207789e+00,-1.456489e+00,4.461226e-01,3.764519e-01,1.036403e+00
