1.366075e+00,9.732420e-02,-4.810458e-01,1.052962e+00,-2.805593e-01,-2.618508e-01,8.618226e-02,-1.067881e-01,2.403269e-02,1.780425e+00
1.519111e+00,-5.703257e-02,6.788880e-01,7.687351e-02,1.091804e-01,-3.070535e-01,-1.722047e+00,3.651022e-02,5.273754e-01,4.850063e-01
1.599614e+00,-8.495109e-02,1.304312e+00,2.779967e-01,3.340233e-01,8.309594e-01,-1.271872e+00,-1.214496e+00,-1.600653e+00,5.902130e-01
-2.076676e-03,-1.238959e+00,-4.853440e-01,1.405179e+00,8.456027e-03,1.744118e+00,2.471448e-03,-9.805927e-01,2.602452e-01,6.878469e-04
1.796172e-03,-4.184906e-01,3.036645e-01,-2.107226e-01,-6.663144e-03,-2.261386e-01,1.081622e-03,-2.886742e-01,7.689930e-01,2.795445e-03
-1.543708e-03,3.307748e-01,-7.801541e-01,-3.181234e-01,4.928007e-04,2.513702e-01,6.744050e-03,-4.449530e-01,-7.917434e-01,2.057722e-03
-2.654515e-03,6.480195e-01,3.569406e-01,-2.762175e-01,-2.742996e-03,8.514590e-01,5.884122e-03,-1.049329e-01,4.271765e-01,2.071141e-04
-9.813415e-01,-4.848796e-02,2.089359e-01,2.026669e-01,3.871003e-01,5.171836e-02,-1.144100e-01,-4.612409e-01,4.365189e-01,1.903017e+00
-2.706807e-03,9.306175e-01,3.878665e-01,-7.468216e-01,9.245799e-03,1.374024e+00,2.224641e-03,8.600443e-01,5.262845e-01,5.439728e-04
-2.915848e-03,-5.600325e-01,-6.598412e-01,-6.129921e-01,-2.555675e-04,-7.252985e-01,-1.522689e-02,-4.736844e-01,-1.070405e+00,-1.590672e-03
8.470143e-03,-2.479576e-01,1.988757e-01,1.767500e-01,4.303342e-03,2.865599e-01,-4.049370e-03,3.055354e-01,-1.291955e+00,-1.636420e-04
-2.275612e-03,8.606379e-01,-2.351708e-01,-3.942157e-01,-1.201633e-03,3.468959e-01,1.314540e-02,9.833353e-01,-2.710941e-01,-3.625599e-03
-6.341855e-04,7.878808e-01,7.045260e-01,-3.092394e-01,-2.498559e-03,-1.521567e+00,7.803903e-03,5.620074e-01,1.190060e+00,4.316722e-03
8.959631e-03,4.045692e-01,3.997120e-01,1.419214e+00,2.688604e-03,2.487964e-01,3.261571e-04,3.396631e-01,6.979679e-01,-7.219790e-04
-4.845478e-03,5.180373e-01,-1.277794e+00,-1.010058e+00,-1.033204e-02,-1.259578e-01,-2.430332e-03,5.478311e-01,1.502072e+00,-5.215498e-04
1.520980e+00,3.340226e-02,4.795025e-01,-1.583520e+00,-2.542233e-01,4.199684e-01,-1.385192e+00,-1.011461e+00,-6.385333e-01,-1.946553e+00
-7.798271e-01,-5.553239e-01,6.426184e-01,-5.779302e-01,-3.140078e-01,8.859136e-01,3.521585e-01,1.290125e+00,-3.936702e-01,-1.577537e-01
1.597748e-03,-4.177290e-01,-1.596838e-01,4.518697e-01,-3.965869e-03,-1.007980e+00,-1.153456e-02,-1.014038e+00,3.846821e-01,-1.532205e-03
-1.575265e-01,1.370343e+00,-7.135407e-02,9.012921e-01,-6.216889e-01,1.805587e-01,1.867126e-01,-5.249038e-01,7.212437e-01,2.268406e-02
-8.127444e-01,1.255452e+00,-2.422121e-01,-1.497021e+00,1.153491e+00,-2.002544e+00,-1.479414e+00,2.514672e-01,8.991133e-01,1.041581e+00
