1.353803e+00,-3.577639e-02,-6.084533e-01,5.165469e-01,-2.785199e-01,-5.934469e-01,9.223850e-02,-5.829644e-01,9.306783e-02,1.779662e+00
1.522638e+00,4.502007e-01,3.137151e-03,8.764831e-01,1.173969e-01,-2.747670e-01,-1.743093e+00,-8.513638e-01,-3.510392e-01,4.891617e-01
1.599622e+00,1.088017e+00,-2.189342e-01,-6.946012e-01,3.291635e-01,1.604222e-01,-1.261528e+00,-2.361901e-01,-5.041485e-01,5.917120e-01
3.474941e-03,2.872565e-01,-3.245777e-01,-4.491127e-01,3.988932e-03,-1.019699e+00,8.037267e-03,-9.095479e-01,-1.785858e-01,1.494622e-03
-1.973490e-03,2.566827e-01,3.670722e-01,-1.413373e+00,-6.315843e-03,1.091111e+00,-2.361945e-03,3.051307e-01,2.507126e+00,2.728682e-03
-1.430077e-03,-9.402598e-01,-1.441466e+00,1.843563e-01,-7.957688e-03,2.780395e+00,1.301918e-02,5.429798e-01,4.091147e-01,4.362289e-03
-5.549014e-03,-4.522072e-01,-9.748468e-02,-2.182729e-01,-7.925690e-03,-7.260161e-01,-4.251795e-04,-1.357280e+00,2.727574e-01,-2.874110e-03
-9.716280e-01,5.959726e-01,-1.194694e+00,1.202025e+00,3.993387e-01,6.839027e-01,-1.203224e-01,8.699263e-01,3.365351e-02,1.904224e+00
-1.338949e-03,8.088643e-01,2.505653e-01,1.187306e+00,-9.486536e-03,-1.443179e-01,7.890823e-03,-4.994737e-01,3.730172e-01,1.259028e-03
6.516924e-04,6.402103e-01,-4.569478e-01,-9.810241e-01,-8.618238e-03,-1.113966e+00,-6.738224e-03,4.040279e-01,-5.933375e-01,8.628755e-04
1.688114e-03,-7.842347e-01,-5.837597e-01,4.114851e-01,3.110801e-03,2.542618e-01,-8.709930e-04,-6.949954e-01,-1.743058e-02,-1.950357e-03
-1.447073e-03,-1.447820e+00,3.939486e-01,-6.947723e-01,-2.408189e-03,-9.523920e-01,1.074906e-02,-8.766261e-01,-2.059882e-01,4.488745e-04
4.745758e-03,1.065700e+00,-8.045465e-01,-5.404306e-01,2.353672e-03,-9.157273e-01,-2.399106e-04,2.314402e+00,-4.888413e-01,3.326543e-03
4.473656e-03,-6.620835e-01,1.465000e-01,-7.435115e-01,2.165319e-03,1.205012e+00,8.891091e-04,6.687991e-01,7.195115e-01,3.815055e-03
-2.987039e-03,-6.872712e-01,3.600927e-01,1.638365e-01,-1.201012e-02,4.019787e-01,9.492829e-03,-1.713309e-01,1.311096e+00,-2.434629e-03
1.524793e+00,-5.243042e-01,-1.503824e-01,-1.956625e+00,-2.427413e-01,-6.173938e-01,-1.388152e+00,-7.583448e-01,-3.195932e-01,-1.949792e+00
-7.777996e-01,-5.096224e-02,-1.188168e+00,-2.765329e-01,-3.169998e-01,-4.695331e-01,3.529900e-01,4.201754e-01,-5.157260e-01,-1.619084e-01
-3.028161e-03,5.269867e-01,1.407016e+00,-8.365395e-01,1.346424e-03,-1.552806e-01,-2.301794e-03,8.027177e-01,1.734759e+00,1.515462e-03
-1.506341e-01,4.188297e-01,1.410200e+00,-3.191636e-01,-6.228655e-01,4.125145e-01,1.634220e-01,2.672337e-01,2.074553e-01,2.807638e-02
-8.216488e-01,-1.142815e-01,2.411263e-01,-1.073554e+00,1.150051e+00,-8.107479e-01,-1.477227e+00,-8.976411e-02,7.565491e-02,1.035670e+00
