1.365785e+00,-2.440720e+00,-8.793798e-01,4.239381e-01,-2.861133e-01,-5.148573e-01,8.178412e-02,1.089556e+00,1.040406e-03,1.779421e+00
1.526083e+00,3.370853e-02,4.821073e-02,5.440443e-01,1.165638e-01,1.077800e+00,-1.746398e+00,5.913250e-01,-7.361667e-01,4.875359e-01
1.596824e+00,-7.354665e-01,5.148738e-01,-6.279643e-01,3.270331e-01,-2.873278e-01,-1.258883e+00,-2.990234e-01,1.997627e+00,5.887476e-01
2.904002e-03,-1.568828e+00,1.149480e+00,-3.419213e-01,-3.800814e-03,1.612602e+00,-1.207137e-02,3.998868e-01,1.268219e+00,1.313313e-03
2.123300e-03,-1.260346e+00,-3.730574e-01,4.575100e-01,-3.694196e-04,-3.877311e-01,5.526146e-03,7.136993e-02,6.888943e-02,7.824529e-04
3.864444e-03,1.205651e-02,9.030574e-02,9.052134e-02,-3.029386e-03,4.179526e-01,-5.346603e-03,-3.291317e-01,-6.955421e-01,5.476920e-03
1.448817e-04,7.168055e-03,-1.423134e+00,9.900617e-01,1.963342e-03,6.826442e-01,7.433477e-04,7.485701e-01,4.482161e-01,-1.541138e-03
-9.719550e-01,-2.020791e-02,-4.214383e-01,-4.859308e-02,3.833706e-01,-1.727828e+00,-1.140248e-01,5.976011e-01,-3.892961e-02,1.908176e+00
4.591116e-03,1.437487e+00,-1.557247e+00,4.858042e-01,1.111966e-02,-1.400399e+00,-6.294949e-03,6.087145e-01,3.475134e-01,3.988518e-03
-6.245382e-03,7.688117e-02,1.223892e+00,-1.193893e+00,-1.082027e-03,-1.884805e-02,-8.757640e-03,-9.842162e-01,-1.053955e-02,-3.118880e-03
5.953199e-03,-3.803636e-01,5.252762e-01,-1.690913e+00,5.435101e-04,2.415493e-01,-4.313043e-04,-1.438783e+00,-3.756332e-01,2.835534e-03
1.015764e-03,-2.251545e-01,-1.575287e-01,-1.022100e+00,5.243294e-03,4.219060e-02,1.608373e-03,-5.081955e-01,-1.175477e+00,-2.489711e-03
6.619115e-03,4.182783e-01,-1.520262e-01,-5.830384e-01,4.046585e-03,-8.339115e-01,-3.582914e-04,2.604590e-01,-9.665296e-01,-1.012770e-03
4.074814e-04,1.505107e+00,3.005141e-01,-8.306048e-01,-3.671358e-04,-4.022726e-01,3.151817e-03,-3.079304e-01,4.480709e-01,1.945441e-03
-2.248687e-04,4.144879e-01,-6.845527e-01,-4.833529e-01,-7.639646e-03,1.536145e-01,-2.602866e-03,3.650328e-01,6.419450e-02,-1.859894e-03
1.521724e+00,6.425577e-02,-1.212795e-01,-7.768146e-02,-2.483648e-01,-4.558457e-01,-1.398322e+00,5.474494e-01,3.626013e-01,-1.947491e+00
-7.810898e-01,-2.680716e-01,-1.083900e+00,2.521068e-01,-3.235597e-01,7.144138e-01,3.526709e-01,-6.909241e-01,-1.640706e+00,-1.591259e-01
-7.888683e-04,2.782229e-01,5.199420e-01,5.637657e-01,-6.331746e-04,-1.142355e+00,-4.600069e-04,1.593172e-01,-1.758542e-01,-2.206833e-03
-1.565860e-01,4.071425e-01,-1.666423e+00,-7.977636e-02,-6.192538e-01,-2.018098e-02,1.803425e-01,9.771102e-01,2.598156e-01,2.203049e-02
-8.173515e-01,-4.022061e-01,1.465373e+00,-1.982840e-01,1.150553e+00,4.125678e-01,-1.466565e+00,4.760213e-01,1.257547e+00,1.037990e+00
