1.361848e+00,-2.620501e-01,-3.731231e-01,1.673095e-03,-2.781815e-01,7.710925e-01,9.399480e-02,-1.317495e-01,1.402115e+00,1.780539e+00
1.526934e+00,-1.156024e+00,9.142700e-01,-1.481670e+00,1.127649e-01,-3.690898e-01,-1.735785e+00,2.391487e-01,-1.634389e+00,4.825509e-01
1.597955e+00,-9.095052e-01,-9.941433e-01,3.323934e-01,3.307030e-01,2.780665e-01,-1.271759e+00,4.474868e-01,2.651823e-01,5.906796e-01
-2.322500e-03,1.923644e-01,1.057754e-01,-1.123298e-01,2.521996e-03,-2.190707e-01,-6.791720e-03,3.619685e-01,-6.584555e-01,-1.584095e-03
2.933482e-03,1.097906e+00,-7.460697e-01,2.620413e-01,-7.889632e-03,-1.935773e-01,-4.174402e-04,9.712426e-01,1.085121e-01,-7.130761e-04
7.461017e-03,-7.635854e-01,-4.300799e-01,-2.042805e-01,-4.121044e-03,-1.398710e+00,-2.596709e-03,1.155781e-01,5.197553e-01,3.342069e-03
-8.162334e-04,6.240069e-01,-1.194300e+00,7.853379e-02,8.229432e-05,-3.111676e-01,-9.062881e-03,6.787984e-02,9.088475e-01,-8.492161e-04
-9.793746e-01,1.882754e-01,-1.470656e+00,-5.571236e-01,3.816517e-01,2.813121e-01,-1.127946e-01,-9.599986e-02,-1.828771e-01,1.906180e+00
1.820245e-04,-3.458586e-01,1.026438e+00,2.446705e-01,1.947377e-03,-1.766788e-01,-3.089595e-03,-2.942766e-01,-1.150491e-01,5.122297e-03
-4.565492e-03,1.524861e-01,4.930282e-01,9.954825e-02,2.649420e-03,4.842838e-01,3.853731e-03,-1.841463e+00,-8.571922e-01,8.885306e-04
-2.203700e-03,2.686904e+00,-5.176502e-01,-4.582815e-01,-1.074708e-02,-3.068015e-01,-5.488703e-03,-2.332494e-01,6.463528e-01,1.309733e-03
-1.981892e-03,-3.128817e-03,-5.903559e-01,-6.664469e-01,-4.753235e-03,1.423548e+00,-9.819904e-04,-5.681734e-01,-4.433780e-01,-3.422062e-03
3.521512e-04,6.668715e-01,1.319050e+00,-3.522140e-01,8.448105e-04,-7.073226e-01,-1.262423e-03,-1.444106e+00,4.287070e-01,5.357301e-03
3.620076e-03,6.632155e-02,6.121434e-01,-5.731557e-01,4.802510e-03,1.245326e-01,7.658404e-03,6.349417e-01,-8.625647e-01,-1.298495e-04
2.128213e-03,-9.713383e-02,3.737783e-01,7.262081e-01,-4.172007e-03,-6.455466e-01,-6.387875e-03,-1.057818e+00,-8.066524e-01,-1.721035e-03
1.521435e+00,-6.165530e-01,-5.036972e-01,1.318620e+00,-2.422591e-01,1.776575e+00,-1.384496e+00,-9.360725e-01,-1.327904e+00,-1.948115e+00
-7.769700e-01,-4.601442e-01,6.037484e-01,3.909451e-01,-3.124185e-01,5.552215e-01,3.482869e-01,1.310175e-01,-6.124555e-01,-1.596155e-01
-1.457703e-03,-6.742065e-01,-2.136383e-01,-6.312023e-01,-4.219409e-03,-7.257908e-01,5.184746e-04,2.780263e-01,1.173748e-01,1.381495e-03
-1.536004e-01,-9.796545e-01,-9.974989e-01,4.903162e-01,-6.292253e-01,-1.356091e-01,1.796890e-01,4.322959e-01,1.831115e-02,2.328017e-02
-8.075485e-01,-5.446647e-01,-1.490350e+00,5.507917e-01,1.157407e+00,8.508112e-02,-1.444214e+00,2.518064e+00,7.297645e-01,1.037976e+00
