1.358941e+00,7.823201e-01,-1.030536e+00,7.966804e-02,-2.840159e-01,-1.608622e+00,8.886575e-02,1.698657e+00,-2.176869e-01,1.780482e+00
1.527970e+00,-6.160576e-03,-5.171117e-01,-2.885316e-01,1.022411e-01,-3.485016e-01,-1.738385e+00,9.382341e-02,1.924363e-01,4.881461e-01
1.600214e+00,7.174888e-01,-1.368331e+00,2.112645e+00,3.318552e-01,1.355120e-02,-1.263309e+00,4.070965e-01,-1.158363e+00,5.890558e-01
-2.566068e-04,4.970143e-01,-6.439760e-01,-1.006171e+00,8.813248e-04,5.651123e-01,-7.739452e-03,-7.554562e-01,-3.588523e-02,1.121732e-04
2.812732e-03,4.616645e-01,-6.870414e-01,9.860749e-01,8.516286e-04,-1.308570e-01,4.896381e-03,-1.152670e+00,1.635121e+00,-1.578599e-03
6.428242e-04,8.021293e-01,8.774095e-01,1.224428e-01,-5.380044e-03,-1.330000e+00,-2.353856e-03,-1.502656e+00,1.685448e+00,-3.844041e-03
-4.612014e-03,-7.111337e-01,-3.870517e-01,-2.425607e-01,8.926887e-03,6.562420e-01,-2.595193e-03,1.387347e+00,-6.031378e-01,5.070107e-04
-9.739883e-01,-1.426512e+00,-8.352292e-01,1.330332e+00,3.925037e-01,-3.591041e-01,-1.079618e-01,-4.287386e-01,1.286893e+00,1.903763e+00
9.283570e-04,1.893665e-01,8.475118e-01,-2.017628e-01,4.844347e-03,5.144633e-01,6.810722e-03,-2.665397e-01,-6.981354e-01,2.729773e-03
-1.746922e-03,1.146098e+00,-1.028090e-01,2.135031e-01,9.980263e-04,-5.224346e-01,4.416163e-03,-3.922261e-01,-1.162431e+00,3.145814e-05
1.888177e-03,9.731259e-01,-4.075370e-01,1.494230e-01,-1.070648e-03,-7.793081e-01,5.384554e-03,3.484557e-01,-7.933884e-01,3.129456e-03
-3.356503e-03,7.163888e-01,-8.990099e-01,-5.118977e-01,1.910522e-03,3.872884e-01,7.232575e-03,8.023085e-01,2.875538e-02,-7.180091e-04
6.468922e-03,8.637935e-02,-8.971485e-01,-1.723716e+00,-2.962465e-03,4.123278e-01,-4.577537e-03,-1.664905e-01,-1.111825e+00,2.882765e-03
-7.938103e-05,1.701265e-01,-1.071185e+00,4.664296e-01,4.116468e-03,7.359204e-01,-8.089236e-03,1.148208e+00,6.576946e-01,3.187850e-03
4.734770e-05,3.604857e-01,-3.453767e-01,3.938243e-01,5.603140e-03,-5.328090e-01,3.447015e-04,9.801574e-01,5.567906e-01,2.859773e-04
1.524642e+00,1.914509e+00,4.461694e-01,7.439189e-01,-2.490734e-01,2.032769e-03,-1.408677e+00,-3.000587e-01,2.689395e-01,-1.949220e+00
-7.868415e-01,-5.987906e-01,1.565037e-01,-7.253077e-01,-3.052054e-01,-6.286607e-01,3.544982e-01,2.440090e-01,1.165627e+00,-1.624756e-01
7.729808e-04,-1.794129e-01,-6.357398e-01,8.947410e-01,-2.530513e-03,-2.866153e-01,-1.184201e-02,-9.189876e-01,-3.078599e-01,-2.536667e-03
-1.554624e-01,3.905319e-01,-5.412371e-01,-8.410939e-01,-6.215339e-01,-1.827509e+00,1.799749e-01,-1.451669e-01,5.024967e-01,2.474082e-02
-8.171969e-01,-2.353741e-01,1.610552e+00,-4.987947e-01,1.149645e+00,-2.284021e-01,-1.460354e+00,7.154562e-02,3.972666e-01,1.039084e+00
