1.352448e+00,1.350606e-01,-4.053059e-01,-3.667641e-01,-2.899413e-01,5.035107e-01,9.092376e-02,-1.344364e+00,-9.773385e-01,1.777132e+00
1.525531e+00,2.403546e-03,5.238225e-01,4.270282e-01,1.137837e-01,6.850690e-01,-1.747665e+00,-1.624489e+00,1.043546e+00,4.851215e-01
1.594205e+00,1.258548e-01,1.672605e+00,-1.615389e+00,3.310232e-01,2.476589e-01,-1.273895e+00,4.123259e-01,-2.065501e-01,5.913707e-01
-1.356289e-03,-3.023845e-01,1.537658e+00,-1.056596e+00,6.317648e-03,-1.261939e+00,1.762871e-03,2.216868e+00,8.763565e-02,7.688892e-04
-9.055380e-04,-4.567580e-01,4.788852e-02,-8.950655e-01,-4.357533e-03,7.469035e-01,1.186835e-02,-1.603724e+00,-2.186950e-01,-5.357715e-04
5.493751e-03,1.716706e-01,1.289340e-01,2.930527e-01,1.432728e-03,6.714234e-02,-5.459028e-04,-7.746685e-01,-1.690300e+00,-5.109634e-04
3.549844e-03,6.538966e-01,2.967931e-01,6.977528e-01,3.085858e-05,-1.972104e-01,3.162392e-03,-6.612733e-02,-6.654936e-01,-3.321829e-03
-9.770527e-01,-5.179804e-01,5.987916e-01,5.447301e-01,3.865782e-01,-8.527781e-01,-1.211296e-01,1.482950e+00,-6.632953e-01,1.904630e+00
-9.243885e-03,-1.363997e+00,-6.892287e-01,4.026741e-02,2.398584e-03,-2.214169e-01,2.949304e-03,-1.528052e+00,-8.140607e-01,1.489114e-03
-5.489209e-03,1.939299e-01,-1.488250e-01,-1.540472e+00,-4.622880e-03,-3.487036e-01,-3.894203e-03,8.980669e-01,-1.266575e+00,-9.362569e-04
-4.293472e-03,-9.458901e-01,-5.671257e-02,4.977319e-01,9.883446e-03,4.008254e-01,-4.897587e-03,4.855824e-01,-8.798250e-01,4.154785e-04
5.100214e-03,-1.244460e+00,3.827132e-01,2.971413e-01,-1.310177e-03,5.651879e-01,-1.533257e-03,-1.416172e+00,9.083120e-01,-1.802012e-03
3.957690e-03,-2.118218e-01,8.476632e-01,1.567808e-01,-1.887870e-03,-9.926927e-01,1.034510e-03,-6.454263e-02,1.337732e+00,2.903523e-03
1.513365e-03,-3.524031e-01,-8.974262e-01,-7.553000e-01,9.707202e-03,8.001666e-01,-3.041923e-03,9.807316e-01,8.458720e-02,1.537813e-03
4.104266e-03,-3.961904e-01,-5.692896e-01,5.910463e-01,-4.360150e-03,1.195095e-01,-5.950110e-04,3.775704e-01,-7.755623e-01,-4.744751e-03
1.523044e+00,-1.097850e+00,-1.588723e-01,-9.872651e-01,-2.492558e-01,6.367287e-01,-1.383457e+00,-3.205344e-01,-1.385831e+00,-1.943487e+00
-7.801600e-01,-1.653008e+00,1.517159e+00,1.541925e+00,-3.062381e-01,6.159731e-01,3.505373e-01,5.686902e-01,2.113960e-01,-1.654996e-01
-7.091525e-03,4.948563e-01,-8.095001e-01,6.653901e-01,2.558954e-03,-1.517031e-01,3.322362e-04,4.759484e-01,4.108560e-01,-3.931992e-03
-1.574697e-01,-2.150348e-01,8.113924e-01,3.909109e-01,-6.178882e-01,-5.066984e-01,1.698613e-01,5.122883e-01,-2.913098e-01,1.900582e-02
-8.167355e-01,2.234468e-01,8.042067e-01,6.867780e-01,1.154349e+00,-1.038880e+00,-1.448460e+00,-6.071409e-02,-2.478159e-01,1.039367e+00
