1.360172e+00,1.850382e+00,2.043072e-01,1.330026e-02,-2.820281e-01,5.807144e-02,7.972606e-02,-2.168967e+00,-5.275058e-01,1.780311e+00
1.521743e+00,-2.268521e-01,-2.505632e-01,-8.605134e-01,1.040704e-01,-5.645454e-01,-1.735554e+00,2.869202e-01,-1.007103e+00,4.857686e-01
1.598936e+00,5.081188e-01,-9.786552e-02,5.890296e-01,3.302095e-01,1.427554e-01,-1.267447e+00,-4.326640e-01,-8.108799e-02,5.889049e-01
-2.905609e-04,1.449323e+00,7.511153e-01,-3.424842e-01,-7.231896e-04,-8.208727e-01,-9.775032e-04,1.915168e+00,-1.931246e-01,3.171293e-03
3.985457e-03,9.068158e-01,1.312067e+00,-5.152165e-01,-1.816870e-03,2.334445e-01,-2.447937e-03,-1.088733e+00,-2.431091e-01,1.454827e-03
-1.029596e-03,-5.167149e-01,9.321375e-01,9.473611e-02,-1.374110e-03,1.401826e+00,5.936088e-03,-9.193416e-02,-7.305536e-01,-2.369398e-04
9.029367e-04,-5.508014e-01,-3.747955e-01,-7.980591e-02,-2.190033e-03,1.387420e+00,-2.514819e-03,-7.005778e-01,-3.111572e-01,-1.118627e-03
-9.744604e-01,2.347549e+00,-1.837959e+00,3.717666e-01,3.872732e-01,-9.573337e-01,-1.176601e-01,6.912206e-01,1.106844e+00,1.904519e+00
-1.898813e-03,-7.970489e-02,-4.548143e-01,4.299258e-01,-4.386377e-03,-6.156316e-01,-1.038062e-02,6.571535e-02,2.074437e-01,2.616513e-03
-1.922830e-03,7.273381e-01,3.515455e-01,-1.142520e+00,-6.891501e-03,-4.554158e-02,-2.721460e-03,4.475588e-01,1.109677e+00,-4.462351e-04
7.130661e-03,-1.253752e+00,1.158625e+00,7.423643e-01,3.961023e-03,6.264187e-01,2.578592e-03,-1.301943e+00,6.663303e-01,-2.810394e-03
2.552844e-04,-3.605218e-01,1.493515e-01,6.310992e-01,1.363453e-03,1.581146e+00,1.847222e-04,8.816472e-01,-1.475252e+00,-6.616110e-03
2.264999e-03,-5.500428e-01,1.088236e-01,-3.770767e-01,6.536397e-04,5.230817e-01,9.180438e-03,-7.960171e-03,3.502130e-01,1.728265e-03
4.875736e-03,1.270647e+00,-4.741279e-01,-2.139539e-01,-2.855572e-03,-1.100382e+00,-2.519828e-03,7.206092e-01,1.252713e-01,3.521903e-03
2.332503e-04,-4.898875e-01,1.850396e+00,-2.555933e-01,4.814082e-05,-6.040290e-01,1.111850e-02,3.136652e-01,-4.765881e-01,-2.643098e-03
1.520682e+00,-1.474401e+00,-1.792083e-01,8.577137e-01,-2.404222e-01,-3.383697e-02,-1.381330e+00,6.843661e-02,-1.296918e+00,-1.946592e+00
-7.792756e-01,-3.261583e-01,-7.611032e-01,-8.735611e-01,-3.152231e-01,-1.808952e-01,3.503343e-01,7.670788e-01,-1.368591e+00,-1.619905e-01
-2.833219e-04,3.894400e-02,-4.929980e-01,-6.769774e-01,6.751040e-03,-3.107057e-01,2.358172e-03,-9.354044e-01,7.514257e-01,2.534683e-03
-1.528295e-01,-3.236319e-01,-1.215620e+00,6.204072e-02,-6.263390e-01,1.041601e+00,1.779182e-01,-3.336791e-01,3.681993e-02,2.061867e-02
-8.175635e-01,-6.155906e-01,-4.033868e-01,3.625821e-01,1.158492e+00,-2.376577e-01,-1.472612e+00,8.626035e-01,-9.783800e-01,1.038776e+00
