1.361426e+00,-1.148632e-01,4.476205e-01,-1.050833e+00,-2.777463e-01,-5.326701e-01,8.321423e-02,8.457877e-01,-1.365369e-01,1.777372e+00
1.525365e+00,1.255521e+00,-1.277291e-02,1.254575e+00,1.129711e-01,-8.740975e-01,-1.743508e+00,3.169921e-01,-1.708688e-01,4.869316e-01
1.598799e+00,-4.880509e-01,-1.242144e+00,-4.489771e-01,3.288636e-01,-2.738926e-01,-1.271905e+00,4.583233e-01,4.327628e-01,5.911168e-01
8.217549e-03,8.655547e-01,9.936936e-01,-1.395193e+00,-6.678451e-03,-9.937031e-01,-5.178695e-03,1.111418e+00,5.763339e-01,3.102515e-03
3.692420e-03,1.856170e+00,-1.197021e+00,4.140689e-02,2.306007e-03,2.092714e+00,9.294990e-04,-1.317433e+00,1.613637e-01,2.362628e-03
2.062266e-03,-1.169344e+00,4.999412e-01,-3.776154e-01,-1.232698e-04,3.861926e-01,-9.895423e-03,-1.248034e+00,3.725006e-01,7.582092e-04
3.960238e-04,-2.387524e-01,-4.703931e-01,-5.268579e-03,-5.449047e-03,1.377757e+00,1.098327e-04,-4.755402e-01,6.337706e-02,2.343211e-03
-9.702513e-01,4.584102e-01,-2.275279e-01,-9.166856e-01,3.893837e-01,6.120142e-01,-1.238274e-01,1.587711e+00,-7.614313e-02,1.906449e+00
-6.717736e-04,3.281496e-01,8.356121e-01,1.094102e+00,5.592271e-03,1.868847e+00,-5.667696e-03,-1.648268e+00,-4.065152e-01,2.759563e-03
-1.446759e-03,7.971634e-01,8.249117e-01,1.945055e-01,-4.891888e-03,7.086497e-01,8.988120e-03,-5.152444e-01,-6.310976e-01,3.153106e-04
5.030034e-03,3.824132e-01,5.825831e-01,1.166026e+00,6.222332e-03,9.073462e-01,-3.529570e-06,6.762660e-01,4.842583e-01,1.491482e-03
-2.158802e-03,-9.265367e-01,-3.540084e-01,-2.664886e-01,3.586808e-03,-7.201036e-01,6.481924e-03,-7.238403e-01,2.671916e-01,-4.008594e-03
2.501391e-03,6.524574e-01,3.292117e-02,5.301448e-01,5.064279e-03,2.607238e-01,1.272768e-02,-1.487698e-01,6.398749e-01,4.585429e-03
1.575238e-03,6.849959e-01,-3.524914e-01,3.328567e-01,-1.873153e-04,-2.776160e-01,1.225366e-03,6.810152e-01,-1.390662e+00,5.805220e-04
6.734517e-04,3.441041e-01,-8.387377e-01,-8.073626e-01,-1.988119e-03,1.701086e-01,1.025991e-03,8.370054e-01,-1.014976e+00,-2.603633e-03
1.523478e+00,6.268252e-01,1.397321e+00,-1.737842e+00,-2.495920e-01,1.253821e+00,-1.383199e+00,2.265045e+00,7.211161e-01,-1.947980e+00
-7.784640e-01,9.696044e-01,-8.113289e-01,-1.108317e+00,-3.105533e-01,-2.846109e-01,3.468100e-01,1.162384e+00,3.333573e-01,-1.638987e-01
-4.523817e-03,-4.372918e-01,-8.438051e-01,1.606303e+00,-4.252077e-03,1.712258e+00,-3.608173e-03,-3.299005e-01,5.236742e-01,-3.070771e-03
-1.575754e-01,-1.541036e-01,9.201069e-01,-1.605835e+00,-6.324798e-01,8.205652e-01,1.853037e-01,1.429474e+00,-5.053075e-01,1.947423e-02
-8.181080e-01,6.037419e-01,5.405595e-01,-3.910203e-01,1.150527e+00,6.674167e-01,-1.454076e+00,-5.392011e-01,-8.557446e-01,1.043468e+00
