1.360879e+00,1.313583e+00,7.059700e-01,2.508954e-01,-2.803417e-01,-1.225450e+00,9.989265e-02,-6.025254e-02,-1.021782e+00,1.781165e+00
1.521379e+00,6.681105e-02,-6.110325e-01,1.272083e+00,1.118530e-01,1.788710e+00,-1.767946e+00,3.480310e-01,1.715145e-02,4.845035e-01
1.599909e+00,9.231663e-01,1.726698e-01,-6.834640e-01,3.349801e-01,-3.098074e-01,-1.264669e+00,-4.580493e-01,-3.402919e-01,5.892889e-01
-4.886114e-03,1.044063e-01,1.333062e+00,6.530663e-01,3.696792e-03,4.398337e-01,-5.392667e-03,9.976477e-01,-6.651915e-01,-8.977202e-04
1.570708e-03,-6.248930e-02,1.600110e+00,-8.343986e-01,1.668326e-04,-2.640017e-01,6.247632e-03,5.563772e-03,-2.005313e-01,-9.070276e-04
-1.946972e-04,7.449947e-01,1.277711e+00,6.831903e-02,2.503607e-04,1.938701e-01,1.082695e-02,-7.374627e-01,1.439209e+00,1.335846e-03
-3.636784e-03,2.932692e-01,-8.329207e-02,6.050344e-02,-5.746991e-03,-7.808796e-01,-1.423803e-03,1.569594e+00,-1.189760e+00,1.168257e-04
-9.755250e-01,2.213529e-01,-5.815091e-01,2.606171e-01,3.762093e-01,4.602093e-01,-1.105663e-01,-8.592865e-01,3.998144e-01,1.905291e+00
-6.241281e-03,3.769745e-01,1.611925e-02,2.160620e-01,3.153842e-03,1.187160e+00,1.066452e-02,3.974677e-01,-7.103876e-01,3.375880e-03
-6.598101e-03,-1.294346e+00,-8.654815e-01,-1.752743e-01,-3.257867e-03,-4.365279e-01,5.789825e-04,1.346397e+00,-7.499276e-01,-2.704236e-03
2.236473e-03,5.319660e-01,-1.954100e-01,1.742082e+00,-1.522970e-03,6.359654e-01,3.531046e-03,-9.615431e-01,-7.849464e-01,-5.713113e-04
2.978661e-05,-2.542941e-01,7.770111e-01,7.269127e-02,-8.491733e-03,-6.424801e-01,2.597885e-03,8.609337e-01,-6.736848e-01,4.971766e-04
-1.327885e-03,1.383922e+00,-1.607514e+00,-2.435504e-01,-2.165071e-03,2.371798e-01,1.226728e-03,-5.578836e-01,-6.538976e-01,4.049959e-03
1.319574e-03,1.920151e-01,-8.629171e-02,8.541158e-01,4.485675e-03,1.257295e+00,-5.410780e-03,5.144992e-02,3.031228e-01,2.005802e-03
-1.841339e-03,-7.815099e-01,-1.078595e+00,6.893426e-02,-7.183488e-03,5.755515e-01,8.093703e-03,1.220469e+00,-1.889032e-01,-1.982194e-03
1.526796e+00,9.553296e-01,-1.306717e+00,1.142996e+00,-2.424659e-01,6.945354e-01,-1.389302e+00,-5.144858e-02,1.006176e+00,-1.944409e+00
-7.806721e-01,-4.847751e-01,-1.598944e+00,-3.015930e-01,-3.129590e-01,-1.852518e-01,3.477419e-01,3.319052e-01,-1.174177e+00,-1.656144e-01
2.072592e-03,-3.332022e-01,2.998482e-01,-8.772796e-01,-8.922630e-03,-3.632023e-01,6.625198e-03,-1.181279e+00,5.073932e-02,-2.378437e-04
-1.615439e-01,-1.300291e-01,-6.799198e-02,-2.101843e-02,-6.226596e-01,7.322566e-01,1.680357e-01,9.482748e-01,1.124341e+00,2.234720e-02
-8.178448e-01,-1.354057e-01,4.944239e-01,1.598213e+00,1.160207e+00,-5.570821e-01,-1.461722e+00,4.615612e-01,-8.382615e-01,1.040355e+00
