1.365141e+00,2.238133e-01,4.252897e-01,-1.880679e+00,-2.760120e-01,-6.989091e-01,9.516499e-02,3.075589e-01,-5.511799e-01,1.773434e+00
1.523120e+00,6.940213e-01,5.718503e-01,-9.980089e-01,1.087859e-01,4.311411e-01,-1.744106e+00,2.737507e-02,3.381030e-01,4.858246e-01
1.603104e+00,-3.020312e-01,-6.507003e-01,-1.461969e-01,3.276846e-01,-3.193520e-01,-1.266138e+00,6.916455e-02,-6.902453e-01,5.920250e-01
-5.969043e-03,-7.818241e-02,4.366618e-01,2.003036e-01,1.282957e-03,4.996105e-03,-7.522420e-03,1.153680e+00,-1.065484e+00,1.023476e-03
2.329358e-03,-5.338415e-01,-1.068437e+00,-1.264172e+00,-5.253770e-04,-5.946153e-01,1.842088e-03,-4.268913e-01,7.981013e-01,-1.439280e-03
2.979198e-03,-3.738420e-01,-1.678420e+00,5.883768e-01,-6.117497e-03,1.258035e+00,-5.984287e-03,5.532235e-01,8.162752e-02,1.056197e-03
-3.706268e-03,-3.558264e-01,-1.068468e+00,1.706578e-01,-3.200125e-03,2.142138e-02,-2.989437e-03,3.080298e-01,-1.064592e+00,-9.843936e-04
-9.666714e-01,4.710517e-02,-9.094967e-02,7.026298e-01,3.864478e-01,-3.203602e-01,-1.251892e-01,-9.273678e-02,7.367792e-01,1.908342e+00
4.602761e-04,-1.060407e+00,-1.342858e+00,-1.015278e-01,5.838020e-03,-4.460631e-01,4.544932e-03,-1.382749e+00,8.008015e-01,3.218355e-04
-6.362108e-03,-1.390613e+00,-7.745742e-01,4.278902e-01,2.736570e-03,1.106132e+00,-2.351769e-03,4.809240e-01,-1.701370e-01,-4.341354e-04
6.192365e-04,-2.276004e-01,-1.775771e-01,-3.284235e-01,3.695154e-03,-1.162726e+00,8.590604e-03,-2.857235e-01,1.405744e+00,1.942713e-03
-6.538076e-03,-9.056613e-02,-2.032448e-01,1.333958e+00,1.021944e-03,-8.263590e-01,4.334300e-03,-1.506527e-01,4.766499e-01,-1.610511e-03
4.278650e-04,1.207614e+00,-1.045495e-01,1.399315e+00,6.724570e-03,1.733428e-01,1.436512e-02,-4.210037e-01,2.424799e+00,1.644972e-03
6.302931e-04,9.067398e-01,-2.004303e+00,3.134615e-01,-9.603502e-04,-8.129085e-01,-9.149890e-03,-1.214719e+00,3.096370e-01,2.630803e-03
-1.565134e-03,-1.192164e+00,2.311433e-01,-1.028367e+00,-3.324440e-03,-4.825346e-01,2.026040e-03,-1.657628e+00,-6.424126e-01,7.533026e-04
1.529376e+00,8.038733e-01,-1.044394e+00,-5.665351e-02,-2.484131e-01,6.622354e-01,-1.385604e+00,-5.155313e-01,-1.651460e+00,-1.949700e+00
-7.824699e-01,1.210198e+00,2.762070e-02,-1.220052e+00,-3.143866e-01,-9.712512e-01,3.506247e-01,-7.592818e-01,1.833991e-01,-1.614886e-01
-2.187695e-03,-1.149066e+00,-7.966713e-01,6.455404e-02,-1.943821e-04,-5.558014e-01,8.545373e-03,-2.711042e-01,3.691782e-01,2.244010e-04
-1.513201e-01,-3.875368e-01,-5.257696e-01,2.288998e-01,-6.179211e-01,-7.112110e-01,1.747255e-01,-5.366870e-01,-2.483265e-01,2.565087e-02
-8.168091e-01,4.511405e-01,-7.748912e-01,-5.073135e-01,1.158728e+00,-5.763093e-01,-1.459492e+00,1.234294e+00,9.060308e-01,1.041329e+00
