1.368858e+00,-2.275665e+00,5.153201e-02,2.837527e-01,-2.850294e-01,2.793646e-02,8.866428e-02,-2.426629e-02,-4.271462e-01,1.779396e+00
1.522761e+00,-9.166527e-01,-1.170743e+00,2.716442e-01,1.046323e-01,-5.131442e-01,-1.731658e+00,6.421866e-01,-2.133699e-02,4.890326e-01
1.595545e+00,-4.688968e-02,1.287435e+00,2.597288e-01,3.248860e-01,1.896362e-01,-1.275524e+00,5.673332e-02,3.919424e-01,5.914394e-01
-5.777671e-03,-9.937169e-01,-4.636801e-01,8.604061e-01,-1.702292e-04,2.387908e-01,1.972402e-03,2.244131e-01,2.289028e-01,5.963393e-04
-2.891333e-03,7.387763e-01,2.364854e-01,1.988171e-01,1.334464e-04,-1.101973e+00,1.317562e-02,5.766955e-01,-5.456006e-01,2.227323e-03
-3.476666e-03,3.743546e-01,-1.527441e-01,5.297910e-01,2.356198e-03,-6.456235e-03,-2.660123e-03,-4.197195e-01,-6.209460e-01,-3.457174e-03
-7.177896e-03,-6.163161e-01,4.547398e-01,1.291146e+00,-6.434620e-03,6.155825e-01,-2.158072e-03,-6.368802e-01,9.767853e-01,-3.358727e-03
-9.715136e-01,-1.297515e+00,1.049066e+00,4.819723e-01,3.889722e-01,6.246213e-01,-1.198434e-01,-3.865142e-01,3.321122e-01,1.904126e+00
8.438252e-04,-1.306886e-02,1.190688e+00,-8.010970e-02,3.916315e-04,-3.729810e-01,6.736381e-03,6.724897e-01,2.537597e-02,2.879805e-03
-6.121061e-03,1.378149e+00,1.819883e-01,-7.612620e-01,-4.337259e-03,5.124971e-01,2.574110e-03,6.963805e-01,9.422031e-01,-4.437721e-05
3.170872e-03,3.395611e-01,-6.663425e-01,-7.915332e-01,-5.277513e-04,-5.942979e-02,5.962378e-03,5.482849e-01,-4.470897e-01,2.958397e-03
2.341764e-03,5.113237e-02,1.410290e-01,6.948343e-01,-4.364546e-03,2.637318e-01,1.028955e-02,2.177931e+00,6.815772e-01,-1.584408e-03
2.624692e-03,-1.702913e-03,5.106628e-02,2.923069e-01,5.869357e-03,-1.815498e+00,6.997073e-03,-8.249340e-01,2.393347e-01,2.969072e-04
6.911795e-04,1.412274e-01,4.146524e-01,5.181690e-01,2.968729e-03,2.251414e-01,-8.249382e-03,8.532113e-01,-3.781867e-01,1.357440e-03
1.018411e-03,7.589363e-01,-1.322324e+00,6.428895e-01,-2.909477e-03,-1.936548e+00,4.475700e-03,5.766946e-01,6.509251e-01,-3.053012e-03
1.514528e+00,5.316528e-01,5.317261e-01,-2.337554e-01,-2.439818e-01,-1.171673e+00,-1.391980e+00,3.688589e-01,-1.754266e-01,-1.943331e+00
-7.851406e-01,8.402737e-01,7.738042e-01,-1.054504e+00,-3.109345e-01,2.330970e-01,3.564652e-01,-6.706150e-01,-1.504225e+00,-1.629700e-01
-4.598808e-03,-8.955704e-01,-8.812460e-01,-5.186081e-01,1.560336e-03,-3.436587e-01,1.546770e-03,1.456115e+00,-7.909634e-01,-2.256790e-03
-1.581154e-01,8.508750e-03,-4.399795e-01,8.754574e-01,-6.270942e-01,1.335287e+00,1.672350e-01,1.418586e+00,7.995280e-01,2.079903e-02
-8.144206e-01,9.079772e-01,-5.048064e-02,-7.625427e-01,1.159723e+00,9.545603e-02,-1.451962e+00,-9.030027e-01,1.521995e+00,1.039949e+00
