1.362470e+00,4.932661e-01,4.805641e-02,5.368435e-01,-2.762905e-01,-8.235779e-01,1.001630e-01,-1.446376e+00,-1.063345e+00,1.781077e+00
1.521631e+00,8.267930e-01,-1.845748e+00,2.018330e-01,1.064351e-01,6.592879e-01,-1.737036e+00,8.815684e-01,-9.382575e-02,4.912696e-01
1.602743e+00,3.130118e-01,-1.698093e+00,-1.509774e+00,3.231076e-01,-1.229226e+00,-1.267985e+00,7.434434e-01,-2.013458e+00,5.911855e-01
3.626636e-04,2.146141e+00,7.757500e-01,-9.564943e-02,-1.525517e-03,1.048591e+00,-2.068766e-03,-2.042315e+00,2.453640e-01,2.968867e-03
1.235555e-03,1.128223e-01,-5.508358e-01,7.881740e-01,1.582288e-03,-7.383815e-01,-1.352859e-03,-3.228706e-01,-6.224248e-01,-3.742482e-03
1.806208e-03,1.027002e+00,-2.263817e-02,1.320708e+00,-4.897545e-03,5.378971e-01,2.696313e-03,3.448081e-01,-9.892974e-01,-4.221282e-03
2.396905e-03,-1.921023e+00,3.268076e-01,-1.390928e+00,5.139221e-04,-1.220832e+00,-1.018584e-02,5.516139e-01,-6.961114e-01,-2.360087e-03
-9.779423e-01,-1.387981e-01,1.240527e+00,-3.401816e-01,3.785323e-01,9.500624e-01,-1.144499e-01,5.361625e-01,2.243839e-01,1.904745e+00
-1.376223e-03,1.613218e+00,-1.312028e+00,1.061882e+00,3.433271e-03,-9.013323e-01,-7.513477e-04,1.644403e+00,-1.239363e-02,2.488541e-03
1.896661e-03,-2.962503e-01,4.301718e-01,-9.449380e-01,-1.935276e-03,7.842643e-01,-3.518366e-03,-4.459256e-01,-6.895594e-01,3.989371e-04
3.508727e-03,-2.099871e+00,-1.580384e-01,-2.490680e-01,6.890817e-04,5.841600e-01,-6.026053e-03,-9.216234e-02,1.138627e+00,-3.559110e-05
-4.791205e-03,1.665262e+00,-3.326137e-01,-1.250455e+00,-7.397111e-03,-2.922606e-01,-1.656577e-03,-4.818602e-01,6.683469e-01,-2.058295e-03
2.655369e-03,-8.910128e-01,4.283404e-01,2.670808e-01,-5.208510e-03,-8.976133e-01,-7.287377e-04,-1.227551e+00,7.130266e-01,8.351047e-04
5.715672e-03,-1.403895e-01,-1.029759e+00,4.093803e-01,9.756092e-04,8.725947e-01,4.084436e-03,-1.307948e-01,-6.739185e-01,4.066339e-03
-4.251688e-03,-1.049336e+00,-2.242695e-01,4.463773e-01,-3.871209e-03,1.456453e+00,-1.757055e-03,2.649028e-01,-5.348621e-01,-1.341882e-03
1.517879e+00,4.052725e-01,-8.123000e-01,-4.807245e-01,-2.431354e-01,-1.139627e+00,-1.385511e+00,1.436121e+00,1.671124e-01,-1.943221e+00
-7.769290e-01,-5.840348e-01,1.243538e-02,9.825990e-01,-3.232871e-01,9.487947e-01,3.442447e-01,-4.573134e-01,1.526491e+00,-1.609269e-01
-4.294456e-03,1.339935e-01,8.341675e-01,-5.971225e-01,-3.114712e-03,-7.592337e-01,-6.695497e-03,-1.502060e+00,-8.385435e-01,5.003729e-04
-1.616451e-01,-2.544188e+00,-1.756969e-02,1.011380e+00,-6.297041e-01,1.632725e-01,1.745508e-01,-6.520791e-02,-1.137411e+00,2.257723e-02
-8.235266e-01,-1.446818e-01,-6.867981e-01,-3.551315e-01,1.156444e+00,5.117225e-01,-1.456632e+00,-9.319598e-01,3.885444e-01,1.036281e+00
