1.352910e+00,1.728615e+00,2.523031e-01,-1.554189e-01,-2.877914e-01,-9.642920e-01,9.955138e-02,3.971441e-01,-2.539848e-01,1.776409e+00
1.524073e+00,3.022208e-01,-7.631813e-01,-3.114975e-01,1.146388e-01,2.789057e-01,-1.744014e+00,-1.058113e+00,-4.515944e-01,4.858960e-01
1.598342e+00,3.607442e-01,1.074896e+00,-4.155984e-01,3.250497e-01,-1.078115e+00,-1.271543e+00,-1.111057e-01,-2.570641e-01,5.920983e-01
2.694812e-03,-1.609117e-01,-4.360757e-01,-7.137809e-01,4.796627e-03,5.970227e-01,-6.502825e-03,-6.701688e-01,-1.136814e-01,1.611421e-03
-1.582240e-03,-1.898340e+00,1.057898e+00,1.212678e+00,5.128126e-03,-8.799496e-01,-1.752373e-03,-3.403748e-03,1.901063e+00,8.205518e-05
-3.997469e-03,1.046352e+00,3.811217e-01,1.140716e-01,2.593707e-04,-7.936496e-01,-5.441635e-03,-7.896496e-01,-8.835731e-01,-2.895322e-03
-4.764638e-03,-1.740137e-01,-2.112527e-01,1.120686e+00,-5.035406e-03,8.296585e-01,7.455610e-03,1.379227e-02,-5.785068e-01,-3.440030e-03
-9.714388e-01,-6.129244e-01,-1.517165e+00,1.879080e-01,3.867093e-01,-7.775594e-01,-1.217351e-01,4.595964e-01,-6.002377e-01,1.903678e+00
-4.901024e-03,1.485172e-01,-1.438699e-01,-7.980427e-02,-1.428687e-03,-2.490475e+00,2.829418e-03,-1.005428e+00,-7.419105e-01,-1.167786e-04
-5.151000e-03,-6.986505e-01,-1.557452e+00,-5.581622e-01,1.811801e-04,-9.059777e-01,6.376476e-03,1.419968e+00,1.062672e+00,-2.056049e-03
8.820037e-04,-4.067435e-01,6.618690e-02,6.193000e-01,1.344491e-03,3.356319e-01,-8.872613e-03,-5.833378e-01,1.069182e+00,-1.584460e-03
-4.165907e-03,-3.870668e-01,1.221714e+00,3.785868e-01,-3.659964e-03,-4.230507e-01,6.249169e-04,7.449190e-01,3.046701e-01,-8.299267e-03
3.735873e-03,-9.986089e-01,3.087822e-01,4.249622e-02,3.195912e-03,-4.882626e-01,-5.314569e-03,-1.090715e+00,-1.305100e+00,3.555162e-03
4.745294e-03,1.764583e+00,-1.298015e+00,4.631478e-01,1.607778e-04,1.471240e+00,4.570880e-03,7.567470e-01,-3.770085e-01,2.025114e-03
5.317162e-03,-1.210747e+00,7.078982e-01,8.224758e-01,1.019271e-03,1.174073e+00,-6.887522e-03,-7.607366e-01,6.072305e-01,-2.552975e-03
1.525789e+00,-2.384780e-01,5.983139e-01,1.772210e+00,-2.468731e-01,1.318247e-01,-1.379907e+00,-2.137641e-01,1.736864e-01,-1.942571e+00
-7.782510e-01,7.308998e-01,2.150432e+00,1.115513e+00,-3.077193e-01,-3.045459e-02,3.470768e-01,-1.376674e-01,1.451170e-01,-1.621744e-01
6.294422e-04,4.740891e-01,1.276109e+00,7.914914e-01,-3.601644e-03,-1.233408e+00,9.389783e-04,-8.466585e-01,-4.867219e-01,1.914268e-03
-1.632712e-01,-1.938772e-01,3.601435e-01,5.502195e-01,-6.258099e-01,-3.837858e-01,1.650157e-01,-1.092523e+00,8.338612e-01,2.332639e-02
-8.209855e-01,9.175052e-01,6.641401e-01,1.390365e-01,1.149586e+00,-5.201113e-01,-1.450610e+00,-2.814918e-01,-7.442759e-01,1.039329e+00
