1.364389e+00,-2.299957e-01,3.908215e-01,-2.418212e+00,-2.840808e-01,-2.828840e-01,9.971894e-02,-9.090802e-01,-4.639431e-01,1.778140e+00
1.520704e+00,7.348004e-01,-6.477209e-01,-1.141066e+00,1.159123e-01,-4.772171e-01,-1.744869e+00,-2.104905e+00,-2.920633e-01,4.884194e-01
1.602629e+00,-2.035960e-01,9.930877e-01,-1.717047e+00,3.199025e-01,-2.270805e+00,-1.272239e+00,1.596201e-01,9.586230e-01,5.899877e-01
5.947526e-04,-2.657455e-01,-4.735240e-01,-8.994485e-01,2.750393e-03,-4.844387e-02,-4.057176e-03,-7.138323e-01,-4.826728e-01,3.173603e-04
7.322495e-03,-1.192662e+00,-4.609049e-01,-9.795292e-01,-7.293297e-03,3.932199e-01,-2.114640e-03,-1.564699e-01,-1.823045e-01,-1.157692e-03
-1.957541e-03,1.389378e+00,-8.000616e-01,1.110796e+00,2.504961e-03,-2.853513e-01,4.258156e-03,-8.456698e-01,-5.768854e-02,3.910530e-04
3.477232e-03,-9.935427e-01,6.689984e-01,-8.997076e-01,1.349399e-05,-3.017053e-01,1.721096e-03,-1.462105e-01,-9.721953e-01,-9.030222e-05
-9.723794e-01,-6.002823e-01,1.738020e+00,-2.259857e-02,3.839379e-01,-5.637447e-01,-1.146395e-01,6.150697e-01,2.467768e+00,1.905242e+00
9.466203e-03,8.612376e-01,-2.317869e-01,-1.754519e+00,-7.894326e-03,-9.710451e-01,9.378412e-03,-1.057563e+00,4.698147e-01,2.653414e-03
-3.700920e-04,5.346209e-02,5.681499e-01,-3.371197e-01,-4.167655e-03,9.282231e-01,-5.390901e-03,4.517022e-01,-1.666199e-01,-2.348861e-03
2.802406e-03,8.479628e-01,8.348519e-02,-2.375288e-02,2.694940e-03,2.269314e+00,9.704595e-04,1.201171e+00,2.591258e-01,7.085743e-04
-3.832137e-03,-2.883348e-01,-5.115882e-01,-4.975194e-01,-8.468398e-04,6.866887e-01,-2.167669e-03,1.436733e+00,1.022719e+00,-3.856087e-03
1.314954e-03,-4.893511e-02,-6.330650e-01,-9.128002e-01,-2.134471e-03,-6.665662e-02,-6.811692e-03,7.237096e-01,2.161202e-01,5.507803e-03
2.875026e-03,1.529596e-01,-6.858547e-01,1.521006e-01,-4.763942e-03,4.859674e-01,-2.976380e-04,5.726105e-01,-4.709624e-01,-1.362765e-03
-1.221061e-03,-3.266090e-01,-7.961475e-01,5.580015e-02,-2.178996e-03,-1.162140e+00,-3.548850e-03,-4.004046e-01,-7.390528e-01,-2.708425e-03
1.521329e+00,-3.313732e+00,6.429844e-01,1.680504e-01,-2.346694e-01,-4.977562e-01,-1.384838e+00,9.029290e-01,6.778783e-01,-1.945048e+00
-7.760477e-01,1.466383e+00,3.605761e-02,8.050866e-01,-3.093067e-01,-3.422445e-01,3.551084e-01,1.140371e+00,1.120208e+00,-1.627581e-01
-2.590853e-04,-8.707519e-01,2.641378e-01,-8.513501e-01,-5.383681e-03,-2.444142e-01,-8.374147e-03,7.097281e-01,-9.093925e-02,7.122689e-04
-1.591410e-01,-2.935562e-01,-2.699900e-01,-4.212705e-01,-6.306817e-01,-5.368081e-01,1.812832e-01,6.879872e-01,6.269301e-01,2.580751e-02
-8.149351e-01,3.360558e-01,5.232069e-02,6.360377e-01,1.163471e+00,1.113490e-01,-1.462428e+00,7.422557e-01,4.376397e-01,1.041062e+00
