1.361682e+00,-8.376986e-01,7.231865e-01,-1.165686e+00,-2.889065e-01,1.526069e+00,1.013100e-01,-6.302390e-01,-7.282648e-02,1.775893e+00
1.525634e+00,-1.588048e+00,-5.572617e-01,-4.201569e-01,1.066815e-01,-7.297644e-01,-1.745797e+00,-6.587088e-01,9.936368e-01,4.887394e-01
1.606817e+00,-1.949302e-01,1.038066e+00,-2.291652e+00,3.319115e-01,4.572147e-01,-1.274339e+00,9.281404e-01,5.169027e-01,5.901054e-01
4.099774e-03,-1.208159e-02,-1.964203e+00,-7.737786e-01,2.384191e-03,6.027910e-01,6.849767e-03,7.519311e-01,-3.484133e-03,-2.812866e-04
4.514911e-03,1.869760e-01,-5.360244e-01,1.156538e+00,-2.475454e-03,-1.023782e+00,2.248840e-03,-6.957414e-01,8.344957e-01,2.137266e-03
1.709821e-03,6.246456e-01,2.836415e-01,-1.153522e-02,-1.443695e-03,-4.348540e-01,-7.447608e-04,1.649373e-01,9.917197e-01,3.415699e-03
-3.898467e-04,-1.075014e+00,-4.943871e-01,1.975359e-01,-7.271175e-03,-1.038156e-01,8.816338e-04,3.459492e-01,-7.680137e-02,-3.410475e-04
-9.722000e-01,3.525670e-01,-1.091274e+00,9.703215e-02,3.886922e-01,-1.734743e-02,-1.235919e-01,-5.447931e-03,6.242896e-01,1.902363e+00
3.023132e-03,-3.372005e-01,8.936461e-01,2.516329e-01,5.468736e-03,-1.028606e+00,-5.475490e-03,6.922844e-01,5.571847e-01,5.712694e-03
-5.934619e-04,-1.707458e+00,-4.002595e-01,1.180038e+00,-6.134798e-03,-4.481893e-01,9.105440e-03,-6.616227e-01,8.734233e-02,4.839797e-04
5.980023e-03,1.375326e-01,1.371402e+00,9.850927e-01,4.131353e-03,5.745371e-02,5.207958e-03,-8.961069e-01,6.783646e-01,-2.106989e-03
1.141341e-04,-1.590805e+00,-5.667393e-01,1.179946e+00,-3.716802e-03,7.532665e-01,-2.933330e-03,1.136026e-01,-1.984349e+00,-3.635906e-03
-7.995820e-04,6.402935e-01,2.819011e-01,7.553560e-01,3.278809e-03,2.967401e+00,-5.101565e-03,1.493767e+00,7.635495e-01,4.991943e-03
5.839468e-03,6.973367e-01,-1.253791e+00,8.651917e-01,5.597583e-03,-8.811883e-01,9.340995e-03,-2.197429e+00,9.406585e-01,3.370121e-03
-2.727824e-03,5.102807e-01,7.385496e-01,-3.047799e-01,-6.943859e-04,1.786067e-01,-7.523531e-03,-1.221402e+00,-6.230550e-01,1.338698e-04
1.519715e+00,-1.666489e+00,-9.287985e-01,9.244811e-03,-2.412044e-01,2.214842e-01,-1.391208e+00,-1.039502e+00,1.087853e+00,-1.946035e+00
-7.737921e-01,4.008971e-01,1.045355e+00,1.028952e+00,-3.116117e-01,4.904792e-01,3.479784e-01,-5.363119e-01,2.754602e-01,-1.627090e-01
-2.868970e-03,-6.027996e-01,1.698404e-01,2.809400e-01,1.686259e-03,-1.246047e+00,7.662567e-03,-2.016372e-01,-1.610957e+00,9.812999e-05
-1.617282e-01,1.155356e+00,-6.722583e-01,-5.081654e-01,-6.262578e-01,1.113393e+00,1.679269e-01,-3.792289e-01,6.033417e-01,2.278453e-02
-8.188535e-01,1.763495e+00,5.721971e-01,-2.498359e-01,1.148584e+00,1.036439e-01,-1.461874e+00,-1.256616e-01,-3.435910e-01,1.040304e+00
