1.363844e+00,-5.744572e-01,-1.943275e+00,1.068227e+00,-2.872890e-01,-5.256658e-01,9.533398e-02,-3.815855e-01,4.010117e-01,1.781422e+00
1.526876e+00,-4.720237e-01,1.086459e+00,-7.062842e-01,1.121608e-01,-1.364930e+00,-1.748435e+00,2.747288e-01,-7.453964e-01,4.835689e-01
1.591325e+00,3.442481e-01,3.427639e-02,-5.462180e-01,3.341476e-01,8.371530e-01,-1.257956e+00,-1.048806e+00,2.276920e-01,5.892343e-01
-6.345553e-04,3.955336e-01,-1.149076e+00,8.435206e-02,2.606323e-03,2.380545e-02,6.454305e-03,-1.458400e+00,-1.375088e+00,9.375018e-04
-3.554529e-03,8.220583e-03,5.631667e-01,5.306000e-01,-2.891102e-03,5.594756e-01,7.740637e-03,4.108422e-01,-4.239463e-02,9.806856e-04
5.137916e-03,4.305505e-01,4.151229e-01,4.206448e-02,3.042876e-03,4.121650e-01,5.290892e-03,-3.141832e-01,-3.280393e-01,1.036849e-03
6.174912e-04,-2.467993e-02,1.782767e+00,-3.903787e-01,2.486741e-03,4.053617e-01,-5.315706e-03,1.508194e-01,5.367742e-01,-1.318886e-03
-9.710564e-01,5.183586e-01,-2.654362e-01,-4.031326e-01,3.838383e-01,1.629069e+00,-1.226771e-01,-1.447801e-01,1.005794e+00,1.904254e+00
-6.751636e-03,1.423674e+00,2.478470e-01,9.004630e-01,-1.097966e-03,7.701703e-01,-4.916312e-03,1.236167e+00,-1.399970e-01,-9.081129e-04
5.649341e-03,-1.242242e+00,-6.392244e-01,8.294931e-01,4.529949e-03,5.656338e-01,-5.115964e-03,-4.392265e-01,-7.038176e-01,-1.406346e-03
2.219710e-03,-9.891703e-01,-3.567874e-01,5.024604e-01,-6.842771e-03,-6.898164e-01,-4.111351e-03,7.709895e-01,-1.872014e+00,2.587880e-03
-2.969846e-03,1.483027e+00,1.060382e+00,7.763519e-01,-7.545748e-03,-7.980168e-01,-8.298120e-04,1.119950e+00,-6.952271e-01,-1.767597e-03
6.039488e-03,-1.151043e+00,1.574046e-01,-1.615957e-01,5.179489e-03,2.988725e-01,-6.405189e-03,-2.518991e-01,3.819908e-01,5.940363e-04
-1.112196e-03,-7.248411e-01,1.373193e-01,-2.069220e-01,-4.274528e-03,-4.638766e-02,-4.544209e-03,-6.323133e-01,-7.178368e-01,6.586107e-03
-3.050137e-03,5.946731e-01,1.484013e+00,1.003239e+00,-3.083516e-03,-7.046406e-01,-2.120772e-04,-4.548608e-02,2.682960e-01,-3.964353e-03
1.521271e+00,-2.554442e-01,2.539697e-01,5.282892e-01,-2.457000e-01,1.160681e+00,-1.378387e+00,-1.122082e+00,-7.276643e-01,-1.946282e+00
-7.822830e-01,9.442984e-01,2.230494e-01,-1.074290e-01,-3.083109e-01,1.052325e+00,3.542323e-01,7.552125e-01,4.872127e-01,-1.638479e-01
1.655843e-03,-2.750889e-01,9.913800e-01,-4.556370e-03,4.703781e-03,-4.509647e-01,-1.005688e-02,2.613998e-01,-5.246291e-01,2.312704e-03
-1.574924e-01,-1.207503e+00,-2.388075e-01,7.685183e-01,-6.273433e-01,-2.891616e-01,1.580724e-01,1.266470e-01,-4.528131e-01,2.228606e-02
-8.167044e-01,6.120335e-01,-3.753171e-01,-2.375537e-01,1.158690e+00,-1.208998e-01,-1.453301e+00,9.973260e-01,-5.883812e-01,1.042999e+00
