1.363566e+00,-5.098926e-01,3.194095e-01,-3.944361e-01,-2.831521e-01,-3.100075e-01,9.461586e-02,-8.787843e-01,6.594820e-02,1.777868e+00
1.529977e+00,-2.563623e-01,1.761520e-01,1.448737e+00,1.056695e-01,8.292496e-01,-1.751642e+00,-6.119085e-01,-9.200942e-01,4.879712e-01
1.598639e+00,2.234493e+00,-2.110830e-01,1.153952e+00,3.275789e-01,-3.416753e-01,-1.265428e+00,1.852200e-02,3.253751e-01,5.899484e-01
1.033609e-03,1.536599e+00,1.085858e+00,2.097768e+00,-3.606886e-03,3.263823e-01,-1.102427e-02,-6.348527e-02,-2.751058e-01,1.786380e-03
2.186680e-03,-3.195621e-01,-2.453966e-01,1.149655e-02,7.172666e-03,1.321731e+00,-4.263343e-03,-7.484255e-01,1.121309e-01,1.806967e-03
-8.782573e-04,-5.589020e-01,1.311171e+00,4.150704e-01,4.571545e-04,1.787046e+00,8.584371e-04,5.115918e-01,-1.123237e-02,1.236289e-04
1.085157e-03,1.644230e+00,-7.488498e-02,2.045084e-01,-9.073071e-04,3.449042e-01,-8.842537e-03,1.117002e-01,-5.298404e-01,-2.339196e-03
-9.675654e-01,3.049863e-01,-3.850933e-01,1.669803e+00,3.854095e-01,-6.455684e-01,-1.135673e-01,-4.558586e-01,-4.368738e-01,1.900875e+00
2.890784e-03,-3.574621e-01,-8.333151e-01,-3.802171e-01,-1.827140e-03,2.067361e-01,-7.740397e-03,4.038084e-01,-5.615577e-01,1.955411e-03
4.001950e-03,5.965430e-01,1.311138e-01,-1.734955e-03,-1.718665e-04,-1.438972e+00,-5.938826e-04,3.351721e-01,-5.730782e-01,-1.141897e-03
-1.270371e-03,2.082565e-01,-1.475093e-02,1.313198e+00,8.429249e-04,-5.606332e-01,-2.744438e-03,-5.733937e-01,-1.169252e+00,2.865110e-06
2.952971e-03,6.671095e-01,-1.317928e+00,-2.525633e-01,-1.499331e-02,1.885912e-01,1.629481e-02,9.950469e-01,-3.053208e-01,-1.296539e-03
8.181107e-03,4.109963e-01,-3.098249e-01,4.753604e-01,-5.729682e-04,-2.571478e-01,-2.259382e-03,-2.333116e-01,2.622381e-01,3.147734e-03
-5.595898e-06,-1.776161e+00,1.146205e+00,7.677213e-02,4.745495e-03,4.568943e-01,-8.501811e-03,6.296212e-01,-1.354025e+00,-1.833567e-03
-5.216652e-03,1.151219e-01,6.117497e-01,-1.945590e-01,-4.598948e-03,6.725948e-01,-7.751448e-03,-7.689012e-02,-9.117504e-01,-2.389899e-03
1.516874e+00,-1.512443e-01,-4.226384e-01,9.481693e-01,-2.517122e-01,3.457533e-01,-1.390108e+00,1.139782e+00,-1.034192e+00,-1.947121e+00
-7.781373e-01,1.885869e-01,-2.471017e+00,-6.417689e-01,-3.127425e-01,-5.646036e-01,3.650008e-01,2.688816e-01,-3.180946e-01,-1.645377e-01
-3.962706e-03,3.985517e-01,9.663482e-01,4.642091e-01,-2.453243e-03,-4.759179e-01,5.250780e-03,1.040307e+00,-1.338706e+00,1.785638e-03
-1.568673e-01,-1.699281e-01,7.405683e-01,3.435903e-01,-6.295206e-01,-2.941586e-01,1.667269e-01,1.492201e+00,7.719007e-02,2.307311e-02
-8.275165e-01,-1.447686e+00,3.657201e-01,-1.725426e+00,1.151265e+00,-1.623169e+00,-1.461189e+00,-5.310546e-01,7.558731e-01,1.037246e+00
