1.359706e+00,-4.776130e-01,2.334167e-01,-5.692095e-01,-2.835149e-01,-1.138626e+00,9.120312e-02,-1.372609e+00,8.513494e-01,1.779732e+00
1.523694e+00,1.367614e-01,-1.220349e+00,-3.746397e-01,1.062326e-01,9.077868e-01,-1.744162e+00,-1.298070e-01,8.365561e-01,4.853165e-01
1.601824e+00,-2.448324e-01,-8.448406e-01,4.983087e-01,3.245072e-01,3.643445e-01,-1.267414e+00,-4.835881e-01,1.333567e+00,5.894688e-01
1.979651e-03,2.625012e-01,-7.779034e-01,1.724207e-01,1.112604e-03,5.419146e-02,-2.897849e-03,-3.820504e-01,-5.506019e-01,-6.591249e-04
2.403862e-03,-1.538254e+00,8.628356e-03,1.267329e-01,-2.608385e-03,-3.789927e-01,6.956076e-03,6.580230e-01,-1.467862e-01,4.517351e-03
-1.069398e-03,-2.259709e-01,1.154378e+00,5.937040e-01,1.012604e-03,-1.639102e-01,3.802693e-03,-6.774059e-01,-8.596927e-01,-2.272332e-03
1.119309e-03,4.074256e-01,3.350182e-01,1.144628e+00,5.016369e-03,-8.996419e-02,-2.853906e-03,-7.594317e-01,4.189261e-01,7.126777e-04
-9.730785e-01,-2.853453e-01,-2.988708e-01,2.935542e-01,3.882914e-01,-5.691160e-02,-1.234279e-01,5.152654e-01,1.473787e-01,1.902144e+00
5.092743e-03,-4.099909e-01,5.509576e-01,-8.713955e-01,6.061740e-03,1.424732e-01,-2.217790e-03,5.419950e-01,-3.055706e-01,1.138533e-03
3.603867e-04,2.816612e-02,-1.194570e-01,-2.011678e+00,-5.131715e-03,9.147342e-01,-7.703738e-03,-1.712579e-01,-3.078692e-01,-1.995177e-03
-5.802856e-04,4.772731e-01,-1.552582e+00,1.131285e+00,-4.049962e-03,2.968721e-01,6.033751e-03,2.199749e+00,-6.205534e-01,1.277309e-03
1.299657e-03,-4.555023e-01,-4.328586e-01,-6.427857e-01,-4.789846e-03,1.245031e-02,5.643564e-03,1.059692e+00,1.332975e+00,-4.398484e-03
5.411551e-03,7.108500e-01,-1.038918e+00,-6.997677e-01,-7.232714e-04,9.925444e-02,4.192176e-03,-6.577585e-01,5.410297e-01,3.907075e-03
9.716937e-03,5.778245e-01,1.810457e-01,1.113609e+00,9.215420e-03,-1.340424e+00,8.640585e-03,-2.731425e-01,-3.327853e-01,1.820359e-03
2.199520e-03,-4.586867e-01,8.306760e-01,-1.174786e+00,-6.014542e-03,3.638193e-01,1.295229e-02,1.493694e-01,-2.055073e+00,-1.443086e-03
1.525084e+00,2.400691e-02,6.659783e-01,-9.222432e-01,-2.358722e-01,-4.404271e-02,-1.391325e+00,-1.020346e-01,6.390895e-01,-1.946618e+00
-7.785348e-01,2.119205e+00,3.399083e-01,-1.116868e-01,-3.279689e-01,1.028118e+00,3.660998e-01,-9.415893e-02,-3.728034e-01,-1.643428e-01
3.119609e-03,-2.491375e-01,-3.852508e-01,-1.526830e+00,-1.723587e-03,1.040536e+00,-1.716194e-02,9.914962e-02,9.040084e-01,-1.661012e-03
-1.584273e-01,-1.429390e-01,-1.967037e+00,-1.171651e+00,-6.211401e-01,1.021407e+00,1.676803e-01,-2.015616e-01,3.652295e-01,2.320798e-02
-8.115821e-01,-7.749748e-01,5.981542e-01,8.139673e-02,1.153662e+00,2.718118e-02,-1.446669e+00,1.737060e+00,-1.255999e+00,1.041595e+00
