1.356915e+00,2.410336e-01,-8.359313e-01,-7.950307e-01,-2.900937e-01,-1.842832e-01,9.161781e-02,-6.719997e-01,7.815240e-01,1.779587e+00
1.519252e+00,3.936402e-01,2.040534e-01,4.735502e-01,1.082597e-01,-6.541668e-02,-1.746517e+00,-6.764947e-01,1.331929e+00,4.871322e-01
1.606044e+00,1.257309e+00,-2.336331e+00,-7.652052e-01,3.241770e-01,2.565389e-01,-1.267071e+00,-1.751748e-01,-7.103969e-01,5.901820e-01
3.410810e-04,5.052989e-01,-2.879927e-01,4.236628e-01,6.291566e-03,-5.900432e-01,-9.043714e-03,-1.817612e-01,-7.670071e-01,-1.198414e-03
-3.187778e-03,-3.599859e-01,1.992630e-01,-2.454984e-01,3.572126e-03,4.024448e-01,1.397135e-03,1.022598e+00,2.957597e-01,-5.681260e-03
-1.200509e-03,-5.122833e-01,-3.705192e-01,3.616516e-01,-5.362445e-03,-9.052432e-01,-3.178646e-03,-1.574500e+00,4.052047e-02,2.026490e-03
-2.904093e-03,2.464281e-01,-5.515597e-01,8.444050e-01,6.679138e-04,6.931035e-01,8.246823e-03,-5.697241e-01,-1.211059e+00,-1.983312e-03
-9.692653e-01,-5.631918e-01,-7.583932e-02,2.427113e-01,3.848596e-01,2.307119e-01,-1.185964e-01,7.518639e-01,7.485502e-01,1.903718e+00
-1.097413e-03,1.207409e+00,9.073040e-01,-4.372936e-02,-6.616959e-04,-1.686200e-01,1.156158e-02,-7.606529e-01,5.689386e-01,2.356128e-03
-3.541183e-03,-2.708365e-01,1.073180e-01,3.591836e-01,-6.716826e-05,3.509325e-01,-1.045694e-02,2.281597e-01,1.956167e+00,-2.865583e-03
-3.297024e-04,1.411083e+00,4.119553e-01,6.400995e-01,-8.528751e-04,-4.456542e-01,1.773125e-03,-1.747051e+00,-6.604777e-01,-4.476720e-03
-5.591128e-03,1.729828e+00,8.475905e-01,1.253814e-01,-4.917203e-03,6.553359e-01,3.850090e-03,5.099559e-01,-6.551123e-01,-3.717113e-03
8.843126e-04,5.396655e-01,-3.433335e-01,-3.126055e-01,2.899197e-04,4.017970e-01,-2.611964e-03,-9.645375e-01,-9.289840e-01,-5.190680e-04
-1.687060e-03,6.263705e-01,1.380474e+00,3.279933e-02,3.273720e-03,2.563025e+00,4.303497e-03,-3.098643e-01,-2.558782e-01,5.134607e-04
-8.456539e-03,-2.093341e-01,-6.008352e-01,-5.618691e-01,3.348245e-04,1.726232e+00,-9.097412e-03,-9.783147e-01,-6.782787e-01,-2.631324e-03
1.518948e+00,3.238778e-01,-1.427226e+00,-4.634257e-01,-2.367974e-01,-1.924590e-01,-1.400117e+00,3.399473e-01,6.707780e-01,-1.947098e+00
-7.757078e-01,9.391887e-01,-8.227103e-02,-4.115654e-01,-3.245042e-01,4.008694e-01,3.482403e-01,1.421537e-01,-1.312320e+00,-1.594144e-01
-5.277907e-03,6.260515e-01,-7.277454e-03,-2.852840e-01,-3.215028e-03,7.821144e-01,4.087467e-03,4.349659e-01,-3.965701e-01,-2.720092e-03
-1.566699e-01,-1.373733e+00,-2.008721e+00,-7.274657e-01,-6.215990e-01,9.215288e-01,1.715681e-01,1.719529e+00,5.851412e-01,2.020872e-02
-8.134403e-01,8.885041e-01,9.048205e-01,-3.590145e-02,1.155212e+00,3.252886e-01,-1.454605e+00,3.948621e-01,8.017863e-01,1.040008e+00
