1.359605e+00,-8.903582e-02,6.237442e-01,1.920497e+00,-2.822419e-01,-9.254924e-01,8.962208e-02,1.046076e+00,1.652379e-02,1.777781e+00
1.521025e+00,2.129988e-01,-3.575454e-01,-9.817426e-01,1.114350e-01,-2.916644e-01,-1.739601e+00,6.602245e-01,-3.771626e-01,4.832452e-01
1.600580e+00,1.432442e+00,-8.123507e-01,1.699271e+00,3.314849e-01,-5.797340e-01,-1.270642e+00,5.958310e-01,5.300178e-01,5.858967e-01
-7.043322e-03,-1.795683e-01,1.016226e+00,-2.762571e-01,5.065582e-03,-1.192653e-01,-4.772922e-03,1.550792e+00,5.124401e-01,1.342979e-03
1.733692e-03,-6.995701e-01,5.097805e-01,1.052673e+00,6.075506e-04,-1.563620e+00,9.306803e-03,4.769607e-01,-8.708489e-01,4.171802e-04
-2.156801e-03,6.493367e-02,-1.148927e+00,1.251400e+00,-5.846114e-03,-6.317543e-01,2.496451e-02,-7.693101e-01,-6.031147e-01,3.557644e-03
4.823137e-04,1.254032e+00,-3.444667e-01,-8.199491e-01,1.177414e-03,6.491021e-01,-3.692172e-03,-8.803217e-01,-7.407749e-01,-1.725439e-03
-9.762078e-01,-9.737508e-01,-7.353141e-01,-1.197093e+00,3.836949e-01,-8.797505e-01,-1.184087e-01,-3.836819e-01,-5.187217e-01,1.907239e+00
3.426635e-03,1.038471e+00,7.448315e-01,8.051281e-01,1.443559e-03,1.152787e+00,-1.344789e-03,1.079397e+00,6.919106e-01,2.366552e-04
-3.086041e-03,-1.149395e+00,-3.066190e-01,-4.278123e-01,4.005242e-03,5.369290e-01,-6.192112e-03,1.193434e+00,-1.103947e+00,1.703142e-03
2.623617e-03,1.958212e+00,5.042574e-01,-7.781737e-02,7.511201e-03,4.659121e-01,8.925976e-03,-1.271603e-01,7.203590e-03,2.753168e-03
5.515715e-04,-1.879072e-01,-6.319823e-01,-9.387466e-01,-7.225680e-04,-9.002283e-01,1.444419e-02,4.145864e-01,-7.708716e-01,2.612215e-05
2.204420e-03,-3.284530e-01,7.598368e-01,-2.832040e-01,-2.676190e-03,-3.561512e-01,1.325164e-03,3.274068e-01,5.301720e-01,2.178216e-03
9.762395e-04,9.684998e-01,-7.528749e-01,-1.059024e+00,-2.091596e-03,9.885839e-01,1.123644e-02,8.576819e-01,1.223895e+00,3.056030e-03
5.923555e-03,-1.055185e-01,6.480585e-01,3.697385e-01,5.163423e-03,1.944304e-01,2.465400e-03,-6.760507e-01,7.979662e-01,-2.971141e-03
1.522867e+00,-7.786437e-03,-6.451045e-01,6.845058e-01,-2.446519e-01,9.109869e-02,-1.380967e+00,1.386845e+00,1.619222e+00,-1.949372e+00
-7.836744e-01,-3.029796e-01,-1.886392e+00,-6.481116e-02,-3.171904e-01,3.890972e-01,3.666204e-01,-4.662226e-01,-3.527844e-01,-1.629373e-01
-1.428982e-03,2.448873e-01,1.729205e+00,-9.365404e-01,1.757930e-03,-1.787874e+00,-1.581040e-03,8.841967e-01,9.126595e-02,4.823856e-04
-1.595780e-01,-4.266557e-01,-3.193302e-01,8.580142e-01,-6.195222e-01,7.048147e-02,1.767362e-01,-9.239815e-01,7.941044e-01,2.031258e-02
-8.172514e-01,6.989406e-01,-9.979026e-01,1.464869e+00,1.153939e+00,-7.708902e-01,-1.457921e+00,1.348421e+00,1.019222e+00,1.042339e+00
