1.363411e+00,-1.334946e-02,-8.583910e-01,-2.525135e-01,-2.842012e-01,8.509492e-03,9.267134e-02,7.581892e-01,7.857907e-02,1.779865e+00
1.521397e+00,1.108475e+00,1.072899e+00,8.012448e-01,1.083214e-01,2.157022e-01,-1.745953e+00,-6.593428e-02,1.048455e+00,4.819997e-01
1.605158e+00,5.856116e-02,-1.237880e-01,5.996978e-01,3.344235e-01,5.606998e-01,-1.275990e+00,3.009803e-01,1.157714e+00,5.922628e-01
1.693986e-03,-4.772703e-01,-2.446031e+00,3.868757e-02,-4.468985e-03,4.608154e-01,-1.160270e-02,-9.334461e-01,-4.316227e-02,-8.490513e-04
9.352153e-04,1.290411e+00,-3.844883e-01,-4.148273e-01,-5.740295e-03,-4.670051e-01,5.594202e-03,-6.513897e-01,-8.865865e-01,9.561833e-04
3.193981e-04,6.094293e-01,5.626290e-01,-5.150814e-02,7.039801e-04,4.556031e-01,7.577344e-03,-9.479644e-01,8.657959e-01,1.999193e-03
2.958067e-03,-4.721921e-01,-1.864240e-01,7.033725e-01,-7.706240e-05,7.525706e-01,-1.936576e-03,2.212973e+00,6.268904e-01,-2.656979e-03
-9.704782e-01,3.139232e-01,2.771015e-01,4.261534e-01,3.847639e-01,-8.588711e-02,-1.192800e-01,-5.301445e-01,6.347829e-01,1.905114e+00
-3.775161e-03,1.564562e+00,6.393822e-01,1.056491e-01,1.208695e-03,-5.605065e-01,-7.193766e-03,6.633005e-01,2.641744e-01,3.876472e-03
-1.194823e-03,-1.493568e+00,5.235172e-01,-4.004167e-01,3.647358e-03,-1.001658e+00,-1.601988e-03,-1.334970e+00,-3.527500e-01,-2.841668e-03
4.001246e-05,-2.341827e-02,4.653610e-01,-2.214860e-01,1.957394e-03,-5.237349e-01,-3.888056e-03,-1.940054e-01,4.569735e-02,3.476949e-04
-6.358669e-03,2.325801e-01,-5.710666e-01,3.466204e-01,-5.325161e-03,3.801555e-01,3.644656e-03,7.817917e-02,4.463725e-02,-4.589606e-03
5.691332e-05,1.366202e+00,2.105691e-01,7.794226e-01,3.525922e-03,-1.303055e-01,-5.431157e-03,7.166899e-02,-5.044507e-01,3.825197e-03
-7.294694e-04,1.087273e+00,4.480360e-01,-1.633401e-01,-5.312207e-04,-1.041689e+00,-4.242237e-03,1.182941e+00,7.616773e-01,3.621843e-05
-3.843252e-03,-5.198489e-01,-1.014784e-01,6.056936e-01,-5.493930e-03,6.228125e-01,-3.511284e-03,7.775606e-02,5.192726e-01,-1.928105e-03
1.524025e+00,-1.703823e+00,6.203440e-01,-3.133701e-01,-2.469554e-01,-1.577185e+00,-1.389701e+00,8.021177e-01,1.771638e-01,-1.947154e+00
-7.744460e-01,1.174637e+00,-5.197229e-01,1.411167e+00,-3.168717e-01,-2.241621e+00,3.516159e-01,-8.791701e-01,-2.254553e-01,-1.607264e-01
-2.283480e-04,-1.519141e-01,6.546850e-01,-1.236468e+00,4.907168e-03,-1.520318e+00,-1.638422e-02,-1.860669e+00,-1.050853e+00,1.099563e-03
-1.576102e-01,-7.639399e-01,-8.999335e-01,-5.220229e-01,-6.224160e-01,3.882948e-01,1.786510e-01,-1.041910e-01,-1.979388e-01,2.342816e-02
-8.130107e-01,1.075449e+00,-5.637105e-01,8.773660e-01,1.149035e+00,-2.367160e+00,-1.461667e+00,-1.208878e+00,-5.440851e-01,1.038435e+00
