1.365636e+00,-6.421690e-01,-6.883248e-01,4.754001e-01,-2.750765e-01,-7.946169e-01,8.678238e-02,-8.354903e-02,-5.657177e-01,1.777718e+00
1.519652e+00,-8.413247e-01,3.472048e-01,-1.226197e-01,1.079298e-01,7.777807e-01,-1.741860e+00,-8.305630e-01,1.249308e+00,4.875735e-01
1.600725e+00,-6.147008e-01,3.447070e-01,-9.183844e-01,3.334335e-01,1.213497e+00,-1.261856e+00,1.539740e+00,-1.983343e-01,5.928338e-01
-3.006944e-03,-4.167718e-01,5.239325e-01,1.655809e+00,-1.306030e-02,-2.003102e-01,-3.751280e-03,1.599222e+00,-4.234718e-01,-3.986496e-04
2.679839e-03,-1.546382e+00,-5.906518e-01,1.329797e+00,-1.225169e-02,-4.480132e-01,5.333509e-03,1.266059e+00,-3.298481e-01,1.621578e-03
-8.219468e-04,2.127176e-01,7.510192e-01,-5.358744e-01,6.063222e-04,6.351091e-01,-6.490219e-03,-1.108590e+00,4.056172e-01,-7.981734e-04
-3.860569e-03,2.212819e-01,-1.311836e+00,-5.486081e-01,-1.163215e-03,-2.077486e+00,-9.920134e-03,-1.031035e+00,-1.078321e-02,-2.283760e-03
-9.741296e-01,2.735155e-02,-4.294451e-01,-6.018295e-01,3.828374e-01,7.977774e-01,-1.095112e-01,1.677068e-01,1.526262e-01,1.904387e+00
7.473536e-03,-1.543491e+00,9.961371e-01,-2.439670e-02,-2.147285e-03,-1.216382e+00,6.452321e-03,2.130714e+00,-9.441413e-01,-1.074032e-03
-6.943098e-04,-7.834131e-01,-9.026270e-01,1.999245e+00,2.250908e-03,-7.956449e-02,6.324713e-04,1.308937e+00,-5.984159e-01,-3.636598e-03
4.719335e-03,5.768019e-01,1.937658e+00,5.501725e-02,6.725876e-03,-7.926140e-01,-1.052407e-02,-7.807128e-01,-2.107098e-01,3.233296e-04
-3.964396e-03,-9.570958e-01,-9.829772e-01,5.937271e-01,-8.872673e-03,-1.042773e+00,-4.865394e-03,1.496132e+00,-1.738164e+00,-5.289156e-03
3.028672e-03,1.079403e-01,2.940276e-01,3.524376e-01,-7.037984e-03,3.367730e-02,1.002728e-02,-4.382653e-01,-4.681702e-01,2.526905e-03
5.559678e-03,8.420661e-01,2.367867e-01,-1.878126e-01,1.489981e-03,1.013534e+00,-3.248870e-03,1.092565e+00,-3.231109e-01,2.186519e-04
-5.298147e-03,3.260230e-01,-6.887611e-01,1.197717e+00,1.541754e-03,1.205563e+00,1.963429e-03,-2.056819e+00,7.068268e-01,-3.760227e-03
1.525655e+00,-2.751004e-02,1.104778e+00,8.903947e-01,-2.452298e-01,-5.817084e-01,-1.387836e+00,-4.567508e-02,-4.325885e-01,-1.947431e+00
-7.747199e-01,1.207099e-01,8.201184e-01,-4.592693e-01,-3.202572e-01,-1.075838e+00,3.523374e-01,-9.078043e-01,9.777508e-02,-1.576420e-01
-3.786935e-03,1.081958e-02,7.804661e-01,1.134171e+00,2.219315e-03,9.498027e-03,-5.000105e-03,-6.458007e-01,-6.769232e-01,-1.041724e-03
-1.565249e-01,1.318635e+00,-5.701958e-01,3.150435e-01,-6.305620e-01,-9.348992e-01,1.709125e-01,-9.216622e-02,2.455447e-02,2.531747e-02
-8.128865e-01,3.851235e-01,1.157264e+00,2.121189e-01,1.150979e+00,-9.265467e-02,-1.461256e+00,4.053932e-01,-8.873447e-01,1.036783e+00
