1.374076e+00,-4.531976e-01,8.368271e-01,-9.606395e-01,-2.814634e-01,1.059526e+00,1.017159e-01,-2.771670e-01,-7.244651e-01,1.778584e+00
1.522952e+00,6.040368e-02,6.914473e-02,1.350498e+00,1.101795e-01,-1.224208e+00,-1.753807e+00,9.807072e-01,8.154686e-01,4.884008e-01
1.604733e+00,-1.261510e+00,-2.115484e+00,-1.928396e+00,3.324959e-01,4.458115e-01,-1.268949e+00,-1.331706e-01,-8.492997e-01,5.885868e-01
-1.731000e-03,8.794037e-01,6.585673e-01,8.733394e-01,1.075342e-03,-1.238558e+00,-5.341200e-04,3.523155e-01,6.810888e-01,1.290227e-03
-4.706147e-04,-4.527981e-01,4.682263e-01,-6.076059e-01,2.493057e-03,1.249173e-01,8.463914e-04,6.015193e-01,-4.893506e-02,4.853428e-04
-2.408317e-04,9.018333e-01,-1.191203e+00,5.344614e-01,-8.953496e-05,8.612366e-01,1.247340e-03,-3.390283e-01,-3.134728e-01,3.629654e-03
1.027138e-03,-1.455150e+00,-1.052201e+00,2.447197e-01,3.142707e-04,2.530862e-01,-2.653245e-03,-1.541481e+00,1.091079e+00,-3.075344e-04
-9.735145e-01,-1.969621e+00,-1.255518e+00,-1.570804e+00,3.849363e-01,-1.653421e-01,-1.133589e-01,1.099521e+00,7.318558e-01,1.908486e+00
-2.199016e-03,1.248258e-01,-4.228977e-01,5.093181e-01,6.547566e-03,4.155516e-01,-7.888526e-03,2.825586e-02,-4.347071e-01,6.128160e-04
-1.694628e-03,-4.917726e-01,1.038296e-01,7.679229e-01,-6.777852e-03,-2.033583e-01,6.453986e-03,4.905195e-01,1.544482e-01,-2.231221e-03
6.886012e-03,1.508036e+00,-4.906403e-02,-7.358656e-01,-4.471106e-03,3.718167e-01,7.378387e-03,5.631343e-01,-5.025128e-01,1.852334e-03
-4.684592e-03,-4.660906e-01,-7.011424e-01,-4.077962e-01,-4.114507e-04,-1.659028e+00,3.623350e-04,3.345225e-01,-4.196788e-01,-1.446767e-03
7.390062e-04,-1.142004e+00,1.358517e-01,1.656836e+00,-7.392110e-03,7.023022e-02,5.442177e-03,1.293298e-01,-3.308917e-01,1.907669e-03
-3.509403e-03,-1.722412e-01,-7.367268e-01,1.055487e+00,4.723507e-03,-9.683663e-01,7.463781e-04,-1.317018e+00,1.130446e+00,-6.977604e-04
-5.554824e-03,1.915629e+00,-1.808796e+00,2.699159e-01,-3.313023e-03,-2.194503e-01,-7.234751e-03,-9.122269e-02,-3.263853e-01,-5.633844e-03
1.518368e+00,8.206104e-02,2.380365e-01,-5.953307e-01,-2.476287e-01,8.260749e-01,-1.364049e+00,4.087404e-01,1.411618e+00,-1.947534e+00
-7.823617e-01,-9.784334e-01,5.481962e-01,-7.088476e-01,-3.047623e-01,-1.410588e-02,3.603977e-01,1.016831e+00,-6.873540e-01,-1.612554e-01
-2.055551e-03,-7.086791e-01,-3.924888e-01,-1.301637e+00,5.076176e-03,4.084068e-01,-9.345274e-03,2.036491e-02,-3.871770e-01,-9.986475e-04
-1.509725e-01,-1.838931e+00,1.974162e-02,-4.090758e-01,-6.261177e-01,-7.684264e-01,1.885365e-01,1.100445e+00,-1.123333e+00,2.667952e-02
-8.155266e-01,1.471136e+00,-2.073629e-01,-6.642573e-01,1.150217e+00,-1.141216e+00,-1.474293e+00,1.638398e+00,-6.891963e-01,1.039633e+00
