1.363432e+00,-7.715688e-02,5.014604e-01,-9.944888e-01,-2.798740e-01,3.878869e-01,8.428453e-02,-4.668889e-01,-1.367923e+00,1.783721e+00
1.525591e+00,1.820262e-01,1.143241e+00,9.271111e-01,9.799379e-02,-5.784396e-02,-1.752999e+00,-1.327508e+00,1.002438e+00,4.872657e-01
1.595182e+00,-1.876376e+00,-4.363692e-01,8.594430e-02,3.277745e-01,-8.090109e-01,-1.275374e+00,-4.714318e-02,-2.468887e-01,5.922140e-01
1.631340e-03,-3.594327e-01,1.438652e+00,5.612661e-01,2.474967e-03,6.819403e-01,-6.956158e-03,1.247214e+00,8.483172e-01,-2.004403e-03
8.353328e-03,5.825260e-01,-1.683081e+00,-1.214374e+00,-1.379566e-03,1.562703e-01,-1.205183e-03,-2.510246e-01,-6.001385e-01,-1.001979e-03
-2.875948e-03,9.588027e-01,2.767935e-01,-6.701586e-01,-1.799288e-03,-9.374601e-01,7.333145e-03,4.345918e-01,-9.408170e-01,1.749210e-03
4.328939e-03,-8.096004e-01,1.889006e-01,-9.724020e-02,3.320289e-03,-1.482545e+00,1.864622e-03,5.866879e-02,1.628248e+00,-1.966720e-04
-9.724681e-01,-1.080125e+00,7.611020e-01,1.029826e+00,3.775577e-01,6.608500e-01,-1.086493e-01,-5.534614e-01,1.121093e+00,1.902722e+00
6.503106e-04,2.231856e+00,-3.378363e-01,-3.286852e-01,2.236333e-03,1.417205e+00,-7.458975e-03,-1.224807e+00,-8.153770e-02,2.185634e-04
-4.641201e-03,2.070184e+00,9.374895e-02,-1.651145e+00,3.220389e-03,-8.965823e-01,-8.111074e-04,-1.609030e+00,-1.454275e+00,1.191458e-03
3.587614e-03,-2.899892e-01,-1.899606e-01,8.347669e-02,5.068624e-03,9.227882e-02,1.621373e-02,1.100254e+00,-4.182276e-01,-4.369471e-04
-5.498176e-03,9.242185e-01,3.528592e-01,-4.423612e-01,-8.015487e-03,1.729809e+00,1.652948e-03,1.171491e+00,-1.198924e-01,7.206609e-04
-2.346156e-03,-8.798496e-01,-6.566811e-01,4.989090e-01,6.067323e-03,-1.762322e+00,-9.139584e-03,8.348620e-01,-8.368474e-01,4.270397e-03
3.958684e-03,1.288915e-02,2.870010e-01,6.248221e-02,-6.390297e-04,5.842327e-01,-5.955949e-03,4.993696e-01,-1.062888e+00,8.508331e-04
1.330195e-03,-6.209870e-01,4.793462e-02,1.303540e+00,6.609278e-03,7.046995e-01,-1.136924e-02,2.258918e+00,-2.496361e+00,7.233176e-04
1.522344e+00,1.168545e+00,4.300739e-01,-4.591032e-01,-2.523691e-01,-2.041071e-01,-1.384687e+00,1.513233e+00,-6.066570e-01,-1.947205e+00
-7.854066e-01,-1.794286e-02,1.940860e-01,5.638559e-02,-3.256424e-01,-1.102328e+00,3.495001e-01,-2.656626e-01,-3.032561e-01,-1.622393e-01
-8.885866e-04,-9.232653e-01,-4.151981e-01,2.194540e+00,-4.088796e-03,1.221463e-01,-6.622591e-03,-3.236564e-01,-9.350116e-01,-1.366523e-04
-1.567393e-01,-1.999390e+00,1.005117e+00,2.572084e-01,-6.300267e-01,-1.394501e+00,1.608223e-01,4.709313e-02,-7.619296e-02,3.074283e-02
-8.157022e-01,-1.621953e-01,-1.136309e+00,-5.395209e-01,1.153140e+00,-1.200642e+00,-1.478442e+00,-3.175072e-02,-3.661349e-01,1.040972e+00
