1.360431e+00,3.100143e-01,1.344969e+00,2.350092e-01,-2.812748e-01,-1.254405e+00,9.455681e-02,-4.724504e-02,-1.342274e+00,1.781473e+00
1.520254e+00,-8.864931e-01,9.053011e-01,-2.455151e-01,1.098902e-01,1.893932e+00,-1.740395e+00,5.186504e-01,-1.417177e-02,4.848614e-01
1.598221e+00,4.017843e-01,2.906575e-01,-1.196101e+00,3.261272e-01,-9.034769e-01,-1.276952e+00,3.912857e-01,7.135000e-01,5.916560e-01
-4.998985e-05,-7.539470e-01,4.645164e-02,5.005687e-01,3.114467e-03,-1.509287e-01,6.658202e-03,1.106710e+00,1.123609e+00,7.116800e-04
5.587289e-03,1.158290e-01,7.816910e-01,6.388134e-01,-1.658730e-03,1.676595e-01,2.376321e-03,-3.664549e-01,-2.962572e-01,2.039864e-03
-3.751262e-03,-1.432448e+00,-5.455340e-01,-2.936984e-01,-5.795716e-04,-4.692003e-01,3.571624e-03,1.426747e-02,4.665019e-01,1.844676e-03
-1.070205e-03,9.045773e-01,4.662442e-01,-8.558049e-01,-1.139757e-02,-6.026120e-01,-3.634316e-03,9.420787e-01,9.043841e-01,1.481422e-04
-9.677194e-01,1.444821e+00,-6.654288e-01,-2.925876e-01,3.859587e-01,3.968869e-01,-1.187227e-01,-9.674766e-01,4.037597e-01,1.903848e+00
-3.827784e-04,-6.617348e-01,-9.358507e-01,2.193370e+00,-2.665068e-03,4.803248e-01,-6.725693e-04,9.755436e-01,4.916575e-01,3.047928e-04
5.055423e-04,-8.372540e-01,-2.118300e-01,2.907961e-01,-4.600743e-03,1.698970e+00,1.213694e-03,-3.524375e-02,4.806209e-01,-2.095518e-03
-4.069735e-03,-1.025027e+00,7.275239e-03,-7.439898e-01,5.259571e-03,9.531167e-01,-3.422570e-03,1.354859e-01,-1.182523e+00,6.355735e-04
1.653836e-03,4.287984e-01,-1.056642e+00,-1.581547e+00,5.465396e-03,1.299097e+00,1.573848e-02,-2.318630e-01,1.005904e+00,-1.328500e-03
2.230009e-03,-1.771476e+00,3.807255e-01,-1.117345e+00,3.805251e-03,-7.361331e-01,-2.764259e-05,2.584749e+00,2.327290e-01,6.293623e-03
-5.990700e-04,9.806680e-01,-5.205710e-01,1.238501e+00,-1.499834e-03,-6.249322e-01,-9.837702e-03,-7.014938e-01,7.700071e-01,2.218783e-03
1.136044e-03,-9.175055e-01,-7.309577e-01,8.688116e-01,-8.129006e-03,1.471145e+00,-1.508506e-02,-4.389475e-01,-3.173980e-01,-2.642617e-04
1.521636e+00,3.850885e-01,-1.515870e+00,1.594593e-01,-2.448011e-01,8.651663e-01,-1.397281e+00,-8.892682e-01,4.928808e-01,-1.949526e+00
-7.781131e-01,-1.595109e+00,-1.731143e+00,3.470718e-01,-3.141325e-01,-6.844955e-01,3.481598e-01,5.939114e-02,8.752066e-01,-1.640850e-01
-3.662884e-03,-7.284086e-02,-6.603943e-01,5.827628e-01,-5.729517e-03,-4.016021e-01,-1.035623e-02,-1.036972e+00,-4.602692e-01,1.849596e-03
-1.555814e-01,-9.657972e-02,5.095283e-01,-1.127141e-02,-6.211797e-01,4.940562e-01,1.671209e-01,-9.916710e-02,-7.269446e-01,2.260919e-02
-8.185862e-01,2.406900e-01,-6.462240e-02,-1.586581e+00,1.157696e+00,3.678989e-01,-1.454482e+00,-1.096528e+00,-4.939537e-01,1.043566e+00
