1.362416e+00,3.440587e-01,-1.219414e+00,1.414531e+00,-2.796254e-01,1.008484e+00,9.815687e-02,1.502005e-02,6.669168e-01,1.778331e+00
1.524746e+00,-7.455536e-01,-3.956162e-01,-7.574374e-01,1.157220e-01,-8.374715e-01,-1.742086e+00,7.153304e-01,4.715484e-01,4.897530e-01
1.603816e+00,-1.030559e+00,-1.082976e+00,-4.967007e-01,3.312170e-01,1.684992e+00,-1.264179e+00,-7.874995e-02,-8.323123e-01,5.913367e-01
3.429997e-03,1.751044e+00,-6.000758e-02,4.980662e-01,-3.904971e-03,-6.698050e-01,1.167319e-02,5.514995e-01,1.433943e+00,1.266317e-03
-2.222166e-03,-9.964784e-02,-3.562979e-01,-1.802104e-01,-9.332165e-03,1.242733e+00,6.556192e-03,1.321106e-01,7.168490e-02,1.124474e-03
9.150270e-04,-7.562326e-01,6.429930e-01,5.276712e-02,-5.064340e-04,1.495449e+00,8.288354e-03,-1.587113e-01,1.090452e+00,-4.558531e-03
1.129962e-03,-4.845071e-01,8.558293e-02,-3.771225e-01,-4.176808e-03,8.906880e-01,-4.367183e-03,9.528221e-01,3.808405e-01,3.425512e-03
-9.701051e-01,4.932444e-01,1.602462e+00,9.863874e-02,3.850944e-01,-5.113693e-01,-1.126474e-01,-1.483302e+00,1.904787e-01,1.905329e+00
-8.937742e-03,5.480341e-01,1.806725e-01,-2.485817e-01,2.356895e-03,2.394098e-01,1.466174e-02,4.095915e-01,-8.653019e-01,5.300956e-03
-2.386049e-03,-1.616721e-01,1.590467e-01,-5.123482e-01,-3.135301e-03,-7.474625e-01,7.364075e-03,-8.057246e-01,1.679302e-01,-1.181069e-03
-5.245418e-04,3.312836e-01,8.651401e-01,1.122364e+00,-1.926697e-03,1.295279e+00,-7.869877e-03,-4.655439e-01,9.862784e-01,4.515642e-03
-2.538685e-03,-1.126373e-01,-4.334192e-01,-7.491668e-02,-1.703159e-03,6.776153e-01,6.370188e-03,1.699526e+00,8.979747e-01,-2.530765e-03
5.939622e-03,7.382000e-01,-3.422662e-01,6.118321e-01,-1.580650e-03,3.960075e-01,-1.388496e-04,-7.566999e-01,5.204943e-02,1.227684e-03
7.123157e-03,6.687734e-01,-4.261840e-01,2.178907e-01,4.346706e-03,5.225945e-01,3.221221e-03,2.463003e-02,1.819983e+00,3.119231e-03
-3.420267e-03,2.273015e-01,8.400090e-01,-9.507876e-01,-1.699670e-03,1.055124e+00,-1.139606e-02,2.918536e-02,4.162692e-01,-5.058642e-03
1.521363e+00,-1.417387e-01,3.721032e-01,5.953956e-01,-2.373363e-01,-4.081530e-01,-1.395245e+00,1.889063e-01,-2.028532e+00,-1.941711e+00
-7.731645e-01,-7.171105e-01,-3.697610e-01,1.444271e+00,-3.174997e-01,-8.002343e-01,3.534452e-01,2.001943e-01,2.416998e-01,-1.633237e-01
-3.275550e-03,6.102655e-01,2.303648e-01,1.526494e-01,4.697896e-04,-7.861870e-02,-2.276805e-03,1.530849e-02,9.720446e-01,-2.746721e-03
-1.561373e-01,-1.973006e+00,-9.366247e-01,7.718959e-01,-6.225594e-01,8.173151e-01,1.660424e-01,-1.512652e+00,4.511967e-01,2.570566e-02
-8.141626e-01,-4.205801e-01,-9.335445e-01,4.707630e-01,1.155449e+00,1.620230e-01,-1.470762e+00,7.682196e-01,-1.146898e+00,1.039205e+00
