1.357907e+00,1.099195e-01,-8.466434e-02,2.608144e-02,-2.734930e-01,-1.367655e-01,9.514808e-02,1.514843e+00,-6.733434e-01,1.776695e+00
1.525879e+00,-3.822692e-01,3.996024e-02,-7.499001e-01,1.081089e-01,1.211770e+00,-1.745517e+00,-7.432686e-01,-5.878043e-01,4.844180e-01
1.600075e+00,4.558423e-01,1.852700e-01,-9.342995e-01,3.284543e-01,-4.356950e-01,-1.261313e+00,1.270917e+00,1.436167e+00,5.874673e-01
3.912760e-03,-1.805594e+00,2.646432e-01,1.364268e+00,7.385585e-03,-5.066855e-01,1.104569e-02,-7.384471e-01,-3.889205e-01,1.151139e-03
4.913434e-03,-1.480869e-02,-1.137846e+00,1.298243e+00,2.795289e-03,-6.849683e-01,1.518118e-02,-1.389476e-02,-6.940306e-02,7.931509e-04
1.925138e-03,3.580426e-01,1.035340e+00,1.568680e+00,-1.115975e-03,-1.192242e+00,3.966914e-03,1.431087e+00,-6.710039e-01,3.068879e-03
-9.901923e-04,-1.391647e+00,-1.148163e+00,-3.132602e-02,-4.492086e-03,1.450962e+00,5.027299e-03,-1.119641e+00,1.203234e-01,-2.013809e-03
-9.789401e-01,4.332180e-01,-1.413799e-01,-3.731454e-01,3.843462e-01,1.983861e+00,-1.247400e-01,1.271785e+00,-1.758341e+00,1.905152e+00
6.020252e-03,3.005209e-01,1.495156e+00,3.367244e-02,2.152905e-03,3.510624e-01,1.200782e-02,-2.738461e-01,7.296523e-01,2.407724e-03
9.673060e-04,2.132470e-01,-1.235994e+00,1.265938e+00,2.900828e-03,-8.466415e-01,9.721379e-05,2.660295e-01,2.637238e-01,-3.023920e-03
2.777281e-03,-1.153392e+00,-7.989591e-01,7.679468e-02,3.339947e-03,-8.199287e-01,-1.612664e-03,6.880763e-01,-7.044922e-01,1.228039e-03
-3.203587e-03,-2.624424e-01,-8.572427e-01,-4.779547e-01,1.063481e-03,1.052586e+00,1.138493e-02,-6.083434e-01,1.508187e+00,-7.004864e-03
5.873894e-03,8.528979e-01,4.592142e-01,1.040012e+00,-1.410731e-03,3.415438e-01,4.664767e-03,5.812079e-01,1.599372e-01,2.293957e-03
7.520285e-03,6.652876e-01,-1.093247e+00,-1.771888e+00,6.145525e-03,-1.744370e+00,-9.311486e-04,1.212254e+00,-8.418729e-01,1.184717e-03
3.200867e-04,-3.637291e-01,-9.646342e-01,3.626353e-01,-8.208909e-03,7.506703e-01,7.740281e-03,-6.532408e-01,1.286294e+00,-3.364576e-03
1.520649e+00,-5.825044e-01,5.107590e-01,2.619232e+00,-2.491817e-01,4.382074e-02,-1.381129e+00,5.943929e-01,7.409764e-01,-1.949121e+00
-7.786878e-01,-4.719878e-01,1.820044e+00,1.135571e+00,-3.147365e-01,8.699668e-01,3.495628e-01,-1.267879e+00,9.329240e-01,-1.636649e-01
-4.091037e-03,4.823484e-01,5.877661e-01,-1.895803e+00,-1.461449e-03,-4.269943e-01,-1.462639e-03,1.301074e+00,-1.021393e-01,2.592703e-04
-1.599379e-01,7.092020e-01,7.764091e-01,1.108024e+00,-6.282170e-01,-3.096154e-02,1.717723e-01,1.315937e+00,3.382394e-01,2.766994e-02
-8.184983e-01,-4.431445e-01,1.068260e+00,6.185221e-02,1.146763e+00,-1.471185e-01,-1.440901e+00,-9.836546e-01,-2.538795e+00,1.043284e+00
