1.359766e+00,-8.138977e-01,-1.100445e+00,4.673670e-01,-2.880729e-01,-6.397148e-01,8.910428e-02,4.271512e-01,-6.100063e-01,1.773564e+00
1.522354e+00,-1.173261e+00,-2.997394e-01,-1.606556e-01,1.070452e-01,1.390910e+00,-1.740947e+00,1.903256e-02,1.126148e-01,4.845540e-01
1.598012e+00,-1.822326e+00,1.483196e+00,6.278998e-01,3.390253e-01,1.242816e+00,-1.262690e+00,8.121804e-01,1.244073e+00,5.942419e-01
-5.150725e-03,-4.295286e-01,3.875338e-01,-6.667894e-01,-6.403378e-03,-5.396616e-01,-1.379167e-03,-4.402681e-02,5.722991e-01,-1.326651e-03
-7.243231e-06,3.941105e-01,2.289694e-01,1.366256e+00,-8.236529e-03,-1.762375e+00,4.451940e-03,-8.327875e-01,-2.130432e+00,1.408764e-03
-1.620816e-03,-2.607020e-01,-3.807286e-01,-7.330918e-01,8.879904e-04,-2.183713e+00,-9.513215e-03,6.096238e-02,1.385386e-01,8.194021e-04
1.852141e-03,1.517854e+00,5.960004e-01,-8.642833e-02,-7.140259e-03,8.581334e-01,1.141096e-03,-7.849459e-01,-4.340353e-01,-6.497396e-04
-9.758808e-01,1.435271e-02,7.864001e-01,-6.744364e-01,3.932888e-01,1.738228e-01,-1.188396e-01,-9.582710e-01,-5.556022e-01,1.902951e+00
-2.323724e-03,-1.349427e-01,9.701828e-01,-1.524288e+00,6.072213e-04,-9.338555e-01,-5.582437e-03,-9.413060e-01,-5.809582e-01,1.120568e-03
-2.509965e-04,2.481367e-02,9.478508e-01,-8.552636e-01,8.695568e-03,2.741662e-01,5.514160e-03,-1.155386e+00,-7.995088e-02,-1.119670e-03
4.519641e-03,6.663045e-01,-2.845146e-01,-7.686519e-01,2.022335e-03,1.138952e+00,-2.636351e-03,-7.414471e-01,-3.345850e-01,1.114932e-03
-1.531970e-03,-1.177811e+00,3.646146e-01,1.520168e-01,-2.290985e-03,1.392242e+00,3.778033e-03,-2.029078e+00,-2.164156e+00,1.854756e-03
8.409686e-04,1.125904e+00,-5.440589e-01,-1.041057e+00,7.170016e-03,-2.253549e+00,3.334063e-03,-5.944311e-01,-6.819788e-01,2.496019e-03
4.329256e-04,-4.364761e-01,-1.662149e+00,1.677082e+00,3.452331e-03,-7.024002e-01,3.498057e-03,1.396550e+00,1.326661e+00,-3.576041e-04
2.997520e-03,3.204415e-01,-2.746575e-01,-1.323121e+00,5.859965e-04,7.987957e-01,2.833464e-03,6.428964e-01,-9.799563e-01,3.690661e-04
1.522266e+00,1.197054e+00,9.900175e-01,1.686278e-01,-2.460687e-01,6.317005e-01,-1.383962e+00,-1.066461e-01,-5.220715e-01,-1.941457e+00
-7.839038e-01,-1.071053e+00,1.077689e+00,-1.013762e+00,-3.194823e-01,4.359679e-01,3.474388e-01,-2.796199e-02,-1.708805e+00,-1.641829e-01
-4.247211e-03,7.609293e-01,-7.742740e-01,-1.497505e-01,-1.247491e-03,7.785153e-02,-8.716035e-03,6.092885e-01,4.054843e-01,-9.543304e-04
-1.601430e-01,-2.032329e-01,-1.077128e+00,-2.085268e-01,-6.276199e-01,6.183645e-01,1.664133e-01,-3.014273e-01,-7.406454e-01,2.495460e-02
-8.147375e-01,3.004396e-01,-3.686181e-01,9.767674e-01,1.151400e+00,7.916371e-01,-1.453444e+00,2.683324e-01,-1.209044e+00,1.036189e+00
