1.366295e+00,6.342530e-02,-4.964630e-01,-4.671642e-01,-2.788523e-01,4.865276e-01,8.328522e-02,1.371001e+00,-6.969239e-01,1.778695e+00
1.526796e+00,8.295695e-01,2.408794e+00,1.166198e+00,1.152904e-01,-2.414271e+00,-1.742703e+00,-1.612962e-01,7.241771e-01,4.856655e-01
1.600167e+00,8.433701e-01,-1.224463e+00,9.115692e-01,3.328555e-01,-9.477029e-01,-1.271079e+00,2.925647e-01,-1.357911e-01,5.874010e-01
6.244631e-03,-1.951150e+00,-4.959316e-01,-5.191914e-01,-4.283829e-03,-6.897035e-01,-7.001764e-03,-1.135374e+00,1.063996e+00,2.103260e-03
2.891360e-03,7.292368e-01,6.078715e-01,-1.383522e+00,1.933696e-03,2.071266e-01,-9.917718e-04,-3.096381e-01,-3.242539e-01,2.938699e-04
6.296609e-03,7.234655e-01,-1.664932e+00,2.519390e-01,-1.161847e-03,-1.579492e-01,7.080306e-03,2.899108e-01,9.293953e-01,3.785782e-03
-6.062801e-04,-5.634399e-01,-3.438035e-02,1.782579e-01,-1.032562e-02,1.696939e-01,-1.979760e-03,1.028663e+00,1.467426e+00,-1.141798e-03
-9.741693e-01,-1.442666e+00,2.286940e-01,1.302914e+00,3.888522e-01,1.577134e-02,-1.147478e-01,2.949459e-01,-8.060313e-01,1.908611e+00
-1.015903e-03,-1.443083e-02,-8.858202e-01,9.715929e-01,3.297096e-04,-5.487813e-01,-9.179586e-03,5.930618e-01,6.494022e-01,3.295081e-03
2.701937e-04,5.347972e-01,-9.630367e-02,3.697175e-01,-7.881297e-04,-4.007514e-02,-3.742954e-03,6.835042e-01,7.031134e-01,-1.266216e-03
-4.947100e-03,-2.338723e-01,1.279136e-01,1.543163e+00,1.422013e-03,-4.340930e-01,-5.403555e-03,3.670084e-01,-5.876719e-01,-4.106571e-03
-7.200584e-03,-2.735492e-01,-1.322533e+00,-2.842519e-01,-2.235498e-03,-1.098267e+00,2.870228e-04,5.712129e-01,2.585913e-02,-1.579158e-03
2.049269e-03,-1.353419e+00,1.042302e+00,-1.186634e+00,9.813713e-04,-5.935885e-01,3.825509e-03,-9.795454e-02,-2.349592e-01,1.556758e-03
-1.046389e-03,-8.600959e-01,1.746643e-01,5.029697e-01,2.783777e-04,1.307670e+00,2.873895e-03,-6.747153e-01,5.389713e-01,2.046415e-04
1.510653e-03,2.097041e-01,-8.734356e-02,1.780471e+00,-6.306783e-03,-1.689552e-01,-6.922300e-04,-1.456538e+00,-8.423418e-02,1.327103e-03
1.521456e+00,3.766738e-01,-6.614167e-01,-1.616088e-02,-2.433850e-01,-1.704983e+00,-1.388063e+00,-5.251798e-01,-1.097306e+00,-1.946219e+00
-7.797742e-01,-6.516445e-01,-2.084521e-01,8.778356e-01,-3.272659e-01,-6.579541e-01,3.453377e-01,-1.088536e+00,-4.092860e-01,-1.663309e-01
-7.281635e-04,7.280727e-01,8.101025e-01,-2.501789e-01,8.073842e-03,1.957093e-01,-2.007881e-03,1.141901e-01,-1.027816e+00,2.398994e-03
-1.563836e-01,-6.340100e-01,6.181656e-01,2.109864e-01,-6.240127e-01,6.015479e-01,1.798423e-01,-7.822816e-01,-1.037844e+00,2.414914e-02
-8.145528e-01,2.518821e-01,2.013088e+00,-7.861275e-01,1.147540e+00,-7.988427e-01,-1.451429e+00,-6.309038e-01,4.608081e-01,1.036908e+00
