1.360291e+00,1.189665e+00,8.054561e-01,1.280031e+00,-2.841746e-01,8.185553e-02,8.964170e-02,-9.632790e-01,-3.700876e-01,1.780936e+00
1.524251e+00,-1.286006e+00,7.000351e-01,-1.832236e-01,1.068726e-01,-9.317173e-01,-1.729467e+00,7.906188e-01,1.526678e+00,4.919319e-01
1.598597e+00,-6.037795e-01,-4.945970e-01,-1.135063e-01,3.398942e-01,7.681644e-01,-1.266593e+00,5.186220e-01,-7.999917e-01,5.888653e-01
6.467597e-04,1.179881e+00,-2.112650e-01,-4.741466e-01,1.048928e-03,-6.763654e-01,-1.952297e-03,6.624336e-01,3.335471e-01,7.151672e-05
-3.525638e-03,-6.964268e-02,-1.327954e+00,-8.468487e-01,3.281607e-03,8.750640e-04,-8.558519e-03,1.068984e+00,-8.510055e-02,2.684144e-03
4.308983e-03,-5.897605e-03,1.642654e+00,4.000391e-01,-3.639695e-04,-1.549159e+00,-2.036233e-02,8.118278e-01,-1.870337e+00,5.097807e-04
-6.132692e-03,-1.434362e+00,-9.755383e-01,-6.595308e-01,-1.060815e-02,4.416975e-01,-3.141411e-03,8.068414e-01,-1.226699e+00,1.111119e-03
-9.723239e-01,9.704957e-01,4.177980e-02,-4.935793e-01,3.918532e-01,1.012739e+00,-1.063017e-01,-1.429921e+00,4.475718e-01,1.903936e+00
4.790221e-03,-2.267911e-01,-4.354103e-01,-3.212410e-01,-2.376130e-03,1.827541e-01,1.228122e-03,-1.171266e+00,1.760524e-01,1.439451e-03
-4.002610e-03,-7.178180e-01,-5.057047e-01,-3.158752e-01,-7.830442e-03,-1.356533e+00,1.230460e-02,-7.567306e-01,1.607361e+00,-1.328299e-03
-2.293082e-03,-3.099710e-01,-4.146971e-01,-7.976663e-03,5.798276e-03,1.459516e+00,-1.784021e-03,-3.788570e-01,1.416827e+00,4.377028e-03
-1.433351e-03,3.374782e-01,-2.885676e-01,1.639957e+00,-1.805971e-03,-1.230158e+00,-1.986269e-03,7.089267e-01,-6.634996e-01,-2.944655e-03
1.296719e-03,-2.121717e+00,1.910113e-01,-3.025252e-01,2.995484e-03,-5.561383e-01,-9.163659e-03,1.701382e-01,-1.914652e+00,1.363398e-03
-2.325325e-03,-3.537703e-02,3.104274e-01,1.375113e-01,3.167267e-03,4.786560e-01,3.618975e-03,9.039126e-01,-2.247023e-01,2.832133e-03
2.274096e-03,-2.993461e-01,7.969145e-01,1.453823e+00,4.648021e-03,5.961701e-02,-7.091179e-03,8.066975e-01,-2.540983e-01,5.557076e-04
1.516102e+00,7.560747e-01,2.894835e-01,1.431772e-01,-2.436199e-01,-9.912347e-01,-1.391274e+00,-3.187624e-01,8.542756e-01,-1.944927e+00
-7.768379e-01,5.922178e-01,-6.605558e-01,-1.709923e+00,-3.058646e-01,-5.974188e-01,3.493794e-01,6.191210e-01,2.227967e-01,-1.601127e-01
-8.012718e-03,5.425157e-01,-3.636521e-01,4.882014e-01,1.889880e-03,1.321347e+00,-2.116080e-03,3.722144e-01,-9.772674e-03,4.069457e-03
-1.529407e-01,-6.082231e-01,-1.812919e-01,2.014335e-01,-6.217709e-01,-4.686643e-01,1.913621e-01,7.533483e-02,1.380656e-01,2.589197e-02
-8.194986e-01,1.630895e-01,4.299294e-01,1.504065e-01,1.152154e+00,-1.098540e+00,-1.451269e+00,1.934481e+00,1.963759e+00,1.036724e+00
