1.363020e+00,-1.019477e+00,-2.865426e-01,1.555402e+00,-2.895728e-01,-9.480097e-01,1.112320e-01,9.044727e-01,4.985584e-01,1.776463e+00
1.522822e+00,-5.577731e-01,7.225337e-01,-5.205403e-01,1.215641e-01,3.687265e-01,-1.755690e+00,-1.081456e+00,5.142223e-01,4.868119e-01
1.602108e+00,-1.072025e+00,-1.274317e+00,2.268606e-01,3.312027e-01,-1.967164e-01,-1.270268e+00,-1.834747e+00,2.417319e-01,5.911302e-01
2.156332e-03,1.222175e+00,4.143897e-01,1.299787e+00,-1.086020e-02,6.467765e-01,4.897727e-03,-1.799731e+00,-1.724724e-02,-1.820188e-03
2.453954e-03,-6.886098e-01,5.860657e-01,-1.622197e-01,-7.224403e-03,-2.495877e-01,-2.775384e-03,4.062142e-02,-7.910182e-01,-5.244011e-03
4.962288e-04,-1.672705e+00,4.470657e-01,-2.625760e-01,4.610873e-03,-4.162722e-01,-2.242343e-04,7.680246e-01,-8.173685e-01,1.910999e-03
-1.486739e-03,5.889672e-01,-1.446239e+00,1.388469e+00,-2.311898e-03,-9.283610e-01,-5.403317e-03,-9.918408e-03,1.539150e-01,-3.663759e-03
-9.725175e-01,-1.515645e-01,2.499353e-01,-5.350804e-01,3.826999e-01,-4.978008e-01,-1.189508e-01,-6.385252e-01,-1.801066e+00,1.901601e+00
3.012541e-03,-7.147261e-01,2.976348e-01,4.392433e-01,6.241844e-03,6.977997e-02,-1.092437e-02,1.123920e-01,2.755517e-01,-2.141671e-03
-3.214970e-03,-5.057654e-01,-1.292905e+00,1.001079e+00,3.396536e-03,-1.017438e+00,-1.361761e-02,1.085073e-01,-2.434735e+00,6.003762e-04
2.119574e-03,-8.359224e-01,1.604970e+00,5.269176e-01,4.506655e-03,4.917437e-01,-2.663780e-03,-6.199120e-01,-1.107290e+00,2.400356e-03
-1.111884e-03,5.529282e-01,4.200122e-01,1.098316e+00,-6.937148e-03,-5.096806e-01,-5.572908e-03,-1.540413e+00,-4.517937e-01,1.111706e-03
-3.606361e-03,-3.839391e-02,-4.790772e-01,-8.750810e-01,-2.451373e-04,1.470613e+00,2.176758e-03,4.878329e-01,1.368149e-01,3.706855e-04
1.287017e-03,6.869080e-01,-9.546887e-01,-5.050017e-01,-8.120957e-03,1.547661e+00,1.484579e-03,3.823476e-01,6.378436e-01,4.168483e-03
3.610415e-04,-1.566904e+00,-1.813168e-01,6.307842e-01,-2.780913e-03,1.566202e+00,-7.088106e-03,8.258872e-01,1.587479e+00,-3.397165e-03
1.524461e+00,-9.878939e-01,-1.554520e+00,-2.905505e-01,-2.448844e-01,6.695570e-01,-1.387736e+00,3.128811e-01,-5.392101e-01,-1.943472e+00
-7.801187e-01,-7.600839e-01,-7.098181e-01,1.348355e+00,-3.252877e-01,-2.907132e-01,3.472481e-01,2.510822e-02,-4.997120e-01,-1.593615e-01
-7.304026e-03,-1.067520e+00,3.641569e-01,1.048540e-01,4.497102e-03,5.009061e-01,-8.934529e-03,-1.334072e+00,-2.397754e+00,-3.333650e-04
-1.535525e-01,-1.286858e+00,-3.083695e-01,-6.978108e-01,-6.302416e-01,3.997242e-01,1.822583e-01,-9.366402e-01,1.224772e+00,2.361256e-02
-8.148716e-01,-1.796268e+00,-3.846828e-01,-4.180502e-01,1.153578e+00,8.358290e-01,-1.453937e+00,7.971894e-01,1.021531e-01,1.037872e+00
