1.357289e+00,-6.705623e-01,-1.191883e+00,6.777159e-01,-2.916489e-01,-7.465815e-01,9.115859e-02,6.543811e-01,2.036973e-01,1.775604e+00
1.525329e+00,3.175891e-02,-5.415395e-01,4.300398e-01,1.100780e-01,-8.625218e-01,-1.755361e+00,-1.249078e+00,-1.879886e-01,4.908137e-01
1.601208e+00,5.456240e-01,3.536268e-03,7.250952e-01,3.215425e-01,-8.514458e-01,-1.263836e+00,1.157290e+00,1.226772e-01,5.923455e-01
-3.959527e-03,2.796957e-01,3.750791e-01,1.928233e-01,4.631404e-03,-9.834587e-01,6.729767e-03,8.852587e-01,-8.934124e-02,-1.419388e-05
3.810138e-03,2.860498e-01,4.434885e-01,-5.481237e-01,5.814351e-03,-6.507902e-01,1.087644e-02,-3.844079e-01,-6.881245e-01,-1.402107e-05
1.592131e-04,2.250153e-01,8.311241e-01,-3.697498e-02,2.742565e-03,-7.114919e-01,5.676991e-03,-8.784117e-01,1.045360e+00,-1.111435e-03
3.269626e-04,2.349741e-01,-8.979532e-01,-1.012670e+00,-2.033335e-03,-9.863462e-01,5.715037e-04,6.710207e-01,3.499999e-01,1.662080e-03
-9.726574e-01,1.314639e+00,3.227890e-01,8.571084e-01,3.888251e-01,-1.332415e+00,-1.154829e-01,-1.114882e+00,-1.380436e-01,1.901786e+00
2.279863e-03,5.194509e-01,1.893508e-01,9.391371e-01,-6.088362e-04,-6.526245e-01,4.851815e-04,9.877294e-01,-1.462282e+00,1.582004e-03
-2.329826e-03,-1.429880e+00,-2.453634e-01,-1.500591e-01,7.464370e-04,4.023429e-01,8.338530e-04,-2.108701e+00,7.565684e-01,2.230561e-04
2.746823e-03,1.074505e+00,1.582151e-01,1.413762e+00,-1.710321e-03,1.517995e-01,-3.036476e-04,1.366500e+00,-1.647240e-01,1.572253e-03
-1.220266e-03,1.485041e-01,2.744860e-01,8.088352e-01,-6.318303e-03,-5.268541e-01,-6.016566e-04,1.200180e-02,-1.116701e+00,-1.169517e-03
1.913811e-03,5.263917e-01,-4.956127e-02,-1.690689e-01,1.178530e-03,-1.760906e-01,8.160085e-04,1.178299e-01,1.233768e+00,5.473230e-04
-3.000374e-03,-7.919151e-01,-8.137778e-01,6.238864e-01,3.261100e-03,1.598559e-02,-7.763372e-03,7.878122e-01,-1.225186e+00,-7.730032e-05
-1.760198e-03,5.827725e-01,1.128057e-01,-7.081721e-01,-1.113824e-02,4.171279e-01,-2.778393e-04,1.255070e+00,1.030157e+00,9.011403e-04
1.521877e+00,6.636770e-01,-3.583013e-01,7.800068e-01,-2.436942e-01,6.048148e-01,-1.390373e+00,1.462660e+00,1.063253e-01,-1.949227e+00
-7.872797e-01,-1.433295e-01,1.359730e+00,-1.791815e-01,-3.188207e-01,7.792270e-01,3.586870e-01,1.965683e+00,2.625174e-01,-1.571638e-01
-3.546604e-03,-6.236109e-01,-2.754225e-01,2.004792e-01,-5.416817e-04,-9.471706e-01,3.365744e-03,3.913180e-01,-1.094712e+00,-1.351814e-03
-1.592063e-01,7.397303e-01,-1.623622e+00,1.069003e+00,-6.267852e-01,-5.933486e-01,1.854858e-01,-1.468527e+00,1.607455e+00,2.846092e-02
-8.154485e-01,-5.371001e-01,-5.736035e-01,-6.205511e-01,1.151369e+00,-1.753015e-01,-1.462210e+00,-7.788599e-01,2.494849e-01,1.040377e+00
