1.367824e+00,-2.708475e-01,1.180493e+00,8.732284e-01,-2.914419e-01,2.207658e+00,8.894970e-02,-8.876637e-01,2.792724e-01,1.772712e+00
1.527416e+00,1.760789e+00,2.555570e-01,1.080867e+00,1.032283e-01,-6.374236e-01,-1.749028e+00,5.288219e-01,3.931525e-01,4.833334e-01
1.596911e+00,9.458932e-01,1.372850e+00,-1.208544e-02,3.253729e-01,1.462829e+00,-1.264267e+00,6.438248e-01,2.225690e-01,5.886693e-01
1.809521e-04,-1.128709e+00,1.938946e-01,-7.032402e-02,2.304181e-03,1.044071e+00,-3.046288e-04,-2.157115e+00,-8.732351e-01,-1.691661e-03
2.067007e-03,-1.078240e+00,5.923901e-01,1.229837e+00,6.918516e-04,-2.414619e+00,-1.016182e-02,-3.205938e-01,-8.595906e-01,-3.286438e-04
-1.754198e-03,8.434575e-02,1.229941e+00,4.379317e-01,-6.879584e-04,-1.894913e+00,-2.740560e-03,-2.180099e+00,-7.450396e-01,4.287308e-04
1.456507e-03,-8.996348e-01,1.065109e+00,-1.240120e+00,-2.362997e-03,-5.091000e-01,2.037819e-03,-5.964200e-01,-1.373810e+00,-2.200317e-03
-9.728428e-01,7.305160e-01,1.402753e+00,8.828993e-01,3.857575e-01,7.820940e-01,-1.312321e-01,-6.588049e-01,-7.571929e-01,1.904711e+00
-2.733307e-03,-5.288828e-01,1.106731e-01,-1.740699e-01,-1.045357e-04,-1.613467e-01,4.505439e-04,4.347345e-01,3.350524e-03,2.598870e-03
5.674669e-04,1.302631e+00,3.696999e-01,-1.877373e+00,-1.780836e-03,7.742271e-02,-3.901720e-04,5.398872e-01,1.855976e-01,9.475654e-04
6.320077e-03,8.850875e-01,-1.491782e+00,-1.074608e+00,2.184026e-03,3.547278e-01,4.189378e-03,-3.855017e-01,4.726016e-01,-9.269790e-04
-2.038195e-03,-3.479864e-01,-1.760576e-01,3.730090e-01,-3.132645e-03,5.059970e-01,8.891803e-03,1.135722e+00,-1.188000e+00,-3.074270e-03
2.131158e-04,-6.539734e-01,-3.798802e-01,1.315300e+00,6.547866e-03,6.686242e-01,5.917889e-03,5.747095e-01,9.150376e-01,-5.935909e-04
4.239060e-03,1.660517e+00,1.034547e+00,4.809301e-01,3.841516e-03,4.877792e-02,2.634196e-03,-2.681191e-01,-1.743707e-01,-5.529514e-04
-3.577561e-03,7.143204e-01,-5.574009e-01,5.598220e-01,-2.070053e-03,1.882895e-01,-7.820371e-03,-4.242284e-01,-5.412516e-01,-3.169293e-03
1.523967e+00,-9.329974e-01,-1.230754e+00,-2.673550e-01,-2.432733e-01,-1.075839e+00,-1.385035e+00,2.411751e-01,8.766709e-01,-1.946866e+00
-7.754413e-01,-5.386257e-01,8.467333e-01,4.011326e-01,-3.181917e-01,-1.506178e+00,3.594003e-01,-1.322356e+00,1.465648e+00,-1.573123e-01
2.923916e-03,-1.254938e+00,-3.724146e-01,8.415646e-03,-4.385604e-03,6.568379e-01,-1.494442e-02,-1.824797e-01,3.556076e-01,1.633154e-03
-1.545469e-01,1.221923e+00,-8.235272e-01,-2.643675e-01,-6.281033e-01,-4.552110e-02,1.776533e-01,6.589288e-01,3.584662e-01,2.399442e-02
-8.096979e-01,-2.869539e-01,6.910511e-01,8.180918e-01,1.156203e+00,2.003790e+00,-1.464841e+00,3.358081e-01,9.284103e-01,1.037606e+00
