1.368652e+00,-1.569766e+00,-4.674037e-02,-1.256219e+00,-2.838899e-01,7.541585e-01,9.024799e-02,1.028518e+00,-1.126305e+00,1.776127e+00
1.520560e+00,1.455237e+00,1.680053e+00,3.321200e-01,9.912811e-02,-1.072901e+00,-1.728757e+00,-2.776448e-01,-8.344022e-01,4.817262e-01
1.595343e+00,-5.636138e-01,-3.355706e-01,3.266555e-01,3.371662e-01,-6.025472e-01,-1.269668e+00,-1.114643e+00,9.235633e-01,5.949937e-01
5.917946e-03,-1.007094e+00,-6.796376e-01,1.364520e-01,-1.062642e-02,-4.727273e-01,3.437182e-03,-6.820346e-01,-1.438716e-01,5.030352e-04
1.985519e-03,9.825433e-01,-4.937656e-01,6.912800e-01,-4.934132e-03,5.774345e-01,6.833108e-03,-1.443295e+00,-5.095919e-01,2.286900e-04
2.347359e-03,-4.460363e-01,-7.679837e-01,6.331134e-01,-1.720994e-03,-3.046033e-01,1.038193e-03,7.153260e-01,-1.646931e-01,-4.420171e-04
-4.968610e-03,-4.130129e-03,-4.240616e-01,-8.038175e-01,1.097199e-03,3.665862e-01,1.317310e-02,1.868483e-01,6.294398e-01,-3.939498e-06
-9.747457e-01,8.160294e-01,2.394652e-01,8.323981e-01,3.911759e-01,5.743721e-01,-1.229989e-01,1.175623e+00,5.299909e-01,1.904590e+00
-8.533467e-04,-1.141398e+00,1.232788e+00,-2.094108e-01,2.307420e-03,-3.193429e-01,-1.149403e-02,5.289304e-01,5.810796e-01,1.092961e-03
-4.475140e-03,8.586888e-01,-1.441164e+00,1.453553e+00,-3.440383e-03,-3.175175e-01,-1.860262e-03,2.624822e-01,7.992474e-01,-2.211816e-03
4.597502e-03,-5.479482e-01,1.204702e-01,-9.187978e-01,-4.555401e-03,1.238877e+00,-9.281986e-03,1.453911e+00,1.642741e+00,3.878904e-03
8.153450e-04,8.947891e-01,-4.831968e-01,-4.525067e-01,1.880644e-04,-9.362777e-02,1.288240e-03,-2.345204e-01,-9.221373e-02,-2.409520e-03
2.835511e-03,-2.537916e-01,8.980960e-01,1.222043e+00,-3.141116e-03,1.541294e-01,-8.381621e-03,-1.172413e-01,-1.139562e-02,-2.539607e-04
2.164871e-03,-7.800718e-01,-4.030768e-01,-7.662247e-01,7.439781e-03,6.832429e-01,-7.788848e-03,-1.338109e+00,4.830818e-01,2.793241e-03
-2.175969e-03,3.006456e-01,-2.481549e-01,-5.135907e-01,2.492634e-03,-6.669763e-01,-3.331884e-03,3.222999e-01,1.385283e+00,-2.829109e-03
1.527457e+00,-7.380753e-01,-1.114346e-02,-4.371092e-01,-2.496829e-01,2.336097e-01,-1.377761e+00,-6.170777e-01,-7.780311e-01,-1.945575e+00
-7.794819e-01,2.956109e-01,-3.160841e-01,6.850324e-01,-3.108961e-01,1.183998e+00,3.610237e-01,1.086753e+00,-4.226019e-01,-1.590076e-01
-6.676553e-03,4.225071e-01,-5.340457e-01,-1.466188e+00,-2.880544e-03,-1.356874e-01,-4.446392e-03,6.304817e-01,-7.757777e-01,-1.203962e-03
-1.534500e-01,4.861481e-01,8.564128e-02,1.073719e+00,-6.253121e-01,2.907577e-01,1.751748e-01,-7.987761e-01,-2.918503e-02,2.531421e-02
-8.139481e-01,1.773486e-01,9.264039e-01,-3.587805e-01,1.154959e+00,-5.108451e-01,-1.475277e+00,9.314183e-02,3.182159e-01,1.037238e+00
