1.362645e+00,-5.062835e-02,-1.609658e+00,3.244718e-01,-2.870741e-01,1.237842e+00,9.147735e-02,-8.655355e-01,-8.755706e-01,1.774944e+00
1.527782e+00,4.286629e-01,-8.048079e-01,-9.194514e-01,1.098211e-01,8.435022e-01,-1.751280e+00,-2.630617e-02,9.486518e-01,4.851471e-01
1.597934e+00,-9.861983e-01,3.746513e-02,-3.693165e-01,3.237118e-01,-1.196348e+00,-1.273123e+00,3.491515e-01,-2.716360e-01,5.883504e-01
3.681424e-03,-4.188978e-04,-7.901323e-01,-7.752584e-02,-1.701047e-03,-3.479033e-01,-2.375094e-03,-1.374347e+00,-4.027159e-01,4.643324e-04
-1.114856e-03,-1.872630e-01,-3.464546e-01,-3.879468e-02,5.502491e-03,-2.785487e-01,-6.028407e-03,-1.122867e+00,-1.051294e+00,1.987014e-03
-2.120858e-03,4.504157e-01,6.593404e-01,6.032828e-01,1.454310e-03,1.549450e-01,2.069562e-03,-1.000326e+00,-1.772177e-01,2.481620e-03
3.849968e-03,1.293016e+00,1.401666e+00,2.666218e-01,1.165614e-03,4.863098e-01,4.496958e-03,-1.098333e+00,-1.335994e+00,-1.857912e-03
-9.721504e-01,1.432480e-01,-1.874247e+00,-9.298972e-01,3.877226e-01,1.073586e+00,-1.164772e-01,9.331809e-01,2.736499e-01,1.906019e+00
1.829801e-03,-9.854596e-01,1.261808e+00,6.662804e-01,-1.636196e-03,2.138930e-01,8.398416e-03,-3.474784e-01,1.092168e-01,3.412864e-03
-1.076019e-03,1.180997e-01,1.533036e-01,3.562715e-01,-5.111931e-04,2.211533e-02,-2.256216e-03,-4.237840e-01,-7.371424e-01,-5.709158e-03
-1.423214e-03,9.122214e-02,-1.804093e+00,6.121992e-01,1.726059e-03,-1.845034e+00,-5.879248e-03,1.414610e+00,-7.099492e-02,3.432030e-03
-6.203430e-03,-4.287837e-01,6.410478e-01,-1.339703e+00,-1.009051e-02,-1.427647e+00,1.339501e-03,-1.649823e-01,-4.930668e-01,-4.101006e-03
6.982877e-03,-1.207836e-01,-8.580160e-01,5.437022e-01,1.785379e-03,7.445018e-01,4.895097e-03,3.755556e-01,-1.052994e-01,2.843416e-03
-1.168797e-03,-1.331381e+00,-9.294339e-01,1.255876e+00,-1.175471e-03,-4.651056e-01,-5.205007e-03,-3.174554e-01,6.130069e-01,9.525719e-04
-7.485690e-03,1.061495e-01,-6.606226e-01,-8.667547e-01,-3.861441e-03,5.050922e-02,-7.429388e-03,3.584754e-01,6.577261e-01,-6.816434e-04
1.523777e+00,-4.696448e-01,-4.741209e-01,-2.416759e-01,-2.408430e-01,-2.189300e-01,-1.380762e+00,2.553870e-01,-7.595133e-01,-1.943805e+00
-7.778619e-01,-6.243603e-01,-1.225001e+00,7.520813e-01,-3.246038e-01,4.772488e-01,3.548252e-01,-1.597759e-01,1.729367e-01,-1.621208e-01
3.184530e-04,5.479451e-02,4.692597e-01,4.275166e-03,-5.015598e-03,1.109827e+00,1.634327e-03,-8.082086e-02,4.391343e-01,-1.450579e-03
-1.550963e-01,2.479147e-01,-1.308697e-01,8.036584e-01,-6.196098e-01,-9.694403e-03,1.687096e-01,-6.777997e-01,-2.415802e-01,2.054750e-02
-8.111496e-01,9.787637e-02,-1.096126e+00,7.099342e-01,1.164042e+00,-8.328135e-01,-1.464669e+00,-1.226619e+00,-1.968980e+00,1.038827e+00
