1.365015e+00,-6.946979e-01,6.669961e-01,-4.931773e-01,-2.789211e-01,-1.413595e+00,9.423376e-02,-5.186479e-01,-1.031452e-02,1.777462e+00
1.523213e+00,-1.422357e+00,5.864403e-01,4.378164e-01,1.019053e-01,2.864963e-01,-1.736045e+00,1.092585e+00,-4.832774e-02,4.864363e-01
1.603942e+00,-2.487566e-01,-9.855063e-01,-1.811945e-01,3.348432e-01,3.628678e-02,-1.247343e+00,-4.633214e-01,9.424074e-02,5.897940e-01
-1.045113e-03,5.262507e-01,4.514584e-01,-1.444048e+00,-3.570359e-03,1.564269e+00,-5.074094e-04,-4.181403e-01,4.271819e-01,-1.461957e-04
5.168074e-04,-7.742043e-02,9.387488e-01,-6.836322e-01,2.851191e-03,-2.377138e-01,6.144141e-03,3.676653e-01,9.220946e-01,-2.157814e-03
2.818278e-03,7.673019e-01,1.054676e-01,-1.345881e+00,-5.245960e-03,-2.566299e-01,4.104669e-05,-1.112133e+00,5.645866e-01,-8.998405e-04
5.093866e-04,7.636118e-01,-2.182663e-01,2.732188e-01,-8.961815e-03,1.501073e-01,2.649824e-03,-1.668766e-01,1.191731e+00,-3.740304e-04
-9.729367e-01,-3.303178e-01,3.439961e-01,1.255523e+00,3.837140e-01,1.043690e+00,-1.188849e-01,-1.832854e-02,5.997838e-01,1.904146e+00
1.114242e-03,-1.001574e+00,-1.014278e-01,-2.120314e+00,-3.607864e-04,8.918642e-01,-6.951804e-03,-9.154805e-01,8.258832e-01,2.747979e-03
-2.354081e-03,-4.434310e-01,-3.474765e-01,-2.324889e-01,1.051546e-03,-2.826277e-01,3.115181e-03,-1.001533e-01,7.215146e-01,-3.370505e-04
3.954420e-03,-5.413386e-01,2.810557e-01,-1.115631e-01,9.602292e-03,5.898263e-01,2.411209e-03,2.951178e-01,3.138404e-01,5.509661e-04
-3.869747e-03,2.190364e+00,3.441032e-02,-1.161840e+00,2.654863e-03,-7.913533e-01,2.357630e-02,1.048630e-01,-1.486845e-01,-9.911363e-04
1.119393e-03,-1.103044e-01,-5.132744e-01,-2.436261e-01,5.699312e-03,-3.012949e-01,2.350501e-02,1.209705e+00,-1.793893e-01,-1.229427e-03
1.780172e-03,-2.575370e-01,-1.370936e+00,-8.652591e-01,5.175612e-03,1.238047e+00,4.371381e-03,-7.957560e-01,8.286724e-01,2.823200e-03
-7.851178e-05,-5.273653e-01,5.098536e-01,4.598624e-02,-7.346449e-03,1.583282e-01,1.460869e-03,4.918379e-01,1.046807e+00,-3.521241e-03
1.526515e+00,-1.157735e+00,-1.647517e-01,-2.337823e+00,-2.429587e-01,-7.918644e-01,-1.388563e+00,8.721083e-01,-1.071371e+00,-1.942892e+00
-7.711073e-01,4.365272e-01,9.421788e-02,-5.108445e-03,-3.113070e-01,2.228860e+00,3.522059e-01,-1.867461e+00,4.404435e-01,-1.613487e-01
1.039104e-04,1.376309e+00,-1.129959e+00,-1.992918e+00,-3.281634e-03,-4.422904e-03,-3.420906e-03,8.223842e-01,5.590844e-01,-1.331753e-03
-1.603132e-01,6.224536e-01,-6.502850e-01,5.397685e-01,-6.258649e-01,-3.099273e-01,1.767082e-01,1.009091e-01,-8.123063e-01,2.482594e-02
-8.165007e-01,5.112618e-01,-1.444545e+00,2.733686e-01,1.161397e+00,-4.156626e-01,-1.458985e+00,1.084097e-01,-3.935721e-01,1.041134e+00
