1.354439e+00,-6.528752e-01,-1.362642e+00,3.423166e-01,-2.904390e-01,-2.083189e+00,8.875734e-02,1.212340e+00,-1.581472e+00,1.778487e+00
1.527726e+00,-8.291979e-01,4.755113e-01,3.824485e-01,1.136584e-01,-8.017635e-01,-1.741373e+00,4.938430e-01,8.488257e-01,4.855175e-01
1.597540e+00,-4.019265e-01,3.500842e-01,-3.126689e-03,3.237766e-01,1.202442e+00,-1.268798e+00,4.625254e-01,1.474109e+00,5.906089e-01
2.570779e-03,-4.262593e-02,-4.420065e-01,-1.428617e+00,3.479429e-03,-3.292439e-01,-5.761295e-04,-4.296032e-01,-5.280895e-01,-2.929710e-04
8.525196e-04,-5.492356e-01,4.915040e-01,2.293985e-01,1.468083e-03,5.233940e-01,-7.795987e-03,-9.894842e-01,-4.697035e-01,9.005199e-04
8.342103e-03,6.278567e-01,-3.991769e-01,1.010998e+00,2.131794e-03,1.194343e+00,2.355197e-03,4.921733e-01,6.303072e-01,1.402216e-03
-3.069126e-03,1.306167e+00,-4.797518e-01,6.816414e-02,-2.343255e-03,-5.791334e-01,2.862966e-03,-1.183043e+00,-4.618659e-02,-2.538187e-03
-9.796452e-01,-6.387715e-01,2.695735e-01,-1.691089e+00,3.866645e-01,-4.023366e-01,-1.181896e-01,5.862691e-01,9.014173e-01,1.905029e+00
4.032689e-03,8.116513e-02,-3.760172e-01,-4.542665e-01,1.666769e-03,1.360540e-03,-9.733077e-05,9.367494e-01,-4.592563e-01,-6.736088e-04
4.708552e-04,1.272683e+00,-4.455778e-01,-8.965338e-01,-2.929357e-03,8.230709e-02,-1.843228e-03,1.146372e+00,-2.005268e+00,-9.897403e-04
-3.133281e-03,-7.608807e-01,1.542528e+00,-4.985949e-02,-5.120268e-03,-5.701509e-01,6.616294e-03,-6.396150e-01,1.127707e-01,3.787618e-03
-1.015950e-03,-1.914292e-01,6.768877e-01,-1.873039e-01,6.285224e-04,4.747592e-02,-5.903546e-03,-2.515653e-01,7.494313e-01,-4.077516e-04
3.904023e-03,-1.334383e+00,2.710520e-01,-5.293172e-01,4.173616e-03,2.173778e+00,2.342509e-03,-4.008722e-01,4.907004e-01,1.377710e-03
4.425352e-03,9.997538e-01,3.129190e-01,2.948000e-01,1.386853e-03,-6.706670e-01,-1.873092e-04,1.848212e+00,-2.822613e-01,7.153035e-04
-1.088343e-03,-1.264202e+00,-2.712341e-01,-7.571129e-01,8.999078e-04,-6.580705e-02,6.712380e-03,-6.980668e-02,1.472698e+00,-1.757180e-03
1.525238e+00,-3.648925e-02,6.721724e-01,-1.547154e+00,-2.406132e-01,3.321944e-01,-1.392920e+00,-7.860392e-01,-1.223017e+00,-1.945410e+00
-7.755206e-01,-2.247636e-01,-2.327814e-01,6.655789e-02,-3.153101e-01,4.111622e-01,3.540259e-01,4.109985e-02,3.557158e-01,-1.601180e-01
-4.156401e-03,1.566692e+00,6.979205e-01,-9.668662e-01,6.549183e-03,-7.011283e-01,7.186710e-03,1.717093e+00,-1.443853e+00,-1.262692e-03
-1.565073e-01,-4.836383e-01,-1.423788e+00,6.800409e-01,-6.317300e-01,1.746414e-01,1.691203e-01,-4.949818e-01,-1.331733e-01,2.504252e-02
-8.158908e-01,7.510823e-01,-7.160641e-02,-1.385769e+00,1.155801e+00,2.010026e+00,-1.452618e+00,-1.409217e-01,-6.718178e-01,1.037197e+00
