1.364571e+00,-2.486256e-01,-7.240610e-01,1.111723e+00,-2.885370e-01,-3.069833e-02,8.569044e-02,7.805445e-01,3.683370e-01,1.778757e+00
1.523015e+00,-1.410185e-01,-1.215734e-01,3.645029e-01,1.067615e-01,-1.331771e+00,-1.748204e+00,2.524174e-01,-4.578267e-01,4.893615e-01
1.601388e+00,-1.044301e+00,-2.520303e-01,-8.178366e-01,3.191534e-01,3.002352e-01,-1.256494e+00,-9.414969e-01,-2.347744e-01,5.962990e-01
-3.284518e-04,2.223776e-01,-1.861583e+00,-1.670697e+00,-2.147591e-03,-1.829826e+00,-9.467993e-03,-3.246547e-01,1.578593e-01,3.320259e-03
4.825088e-03,6.120892e-01,1.641902e+00,1.675604e-01,-3.930095e-03,-3.973505e-02,1.852580e-02,2.649063e+00,-1.246189e+00,-3.577535e-04
-3.554578e-03,-8.522061e-01,-3.837707e-01,5.824022e-01,9.084482e-05,-5.051440e-01,-1.374510e-03,-5.525727e-01,6.135169e-01,1.762415e-03
3.824085e-04,-3.767723e-01,6.256514e-01,-4.116343e-01,-2.085557e-03,-1.045199e+00,-2.501381e-03,-6.775981e-01,1.498682e+00,8.179700e-04
-9.764706e-01,-1.581050e+00,-2.333830e+00,-6.237751e-01,3.865488e-01,7.615793e-01,-1.258660e-01,2.531752e-01,4.783673e-01,1.906204e+00
-1.738002e-04,8.193569e-01,-1.037328e+00,-1.376290e-01,-4.669762e-03,3.385077e-01,1.224711e-02,-1.949173e+00,1.282748e+00,2.303640e-03
1.256569e-03,2.520092e-01,-7.491955e-02,-9.234961e-02,-7.261821e-04,-1.795141e-01,-1.192848e-02,-1.088788e-01,7.936256e-01,-3.852240e-04
2.174759e-04,-2.836922e-01,-3.403703e-01,-4.704456e-01,2.560719e-03,-2.112347e+00,2.259346e-03,1.963532e-02,6.257175e-01,-8.551698e-04
-3.388364e-03,6.995630e-01,-1.045321e+00,-4.136573e-02,6.022032e-04,1.787080e+00,-7.150239e-03,8.582926e-01,1.919968e-02,-4.255810e-03
2.151238e-03,1.077325e+00,1.024551e+00,-1.225423e-01,9.187903e-03,-1.063155e-01,1.495021e-02,-5.357655e-01,-2.628214e-01,1.329469e-03
-7.999707e-04,6.091299e-01,-6.164404e-01,-7.722218e-01,7.596530e-03,1.267004e+00,3.567507e-03,-1.769832e+00,-2.618541e+00,-1.220350e-03
-6.252549e-03,-8.207414e-01,-1.020805e+00,-2.883234e-01,1.187876e-03,-9.480504e-01,1.526268e-03,1.518993e+00,-4.917808e-01,-1.036187e-03
1.522413e+00,5.224773e-01,1.201405e+00,4.106849e-01,-2.409839e-01,-2.956804e-01,-1.388661e+00,-7.007679e-01,-3.072361e-01,-1.944467e+00
-7.835123e-01,-4.437628e-01,3.848011e-01,1.061842e+00,-3.170622e-01,1.000224e+00,3.606158e-01,7.199168e-02,-1.081635e+00,-1.633749e-01
-6.527617e-03,9.573648e-01,2.137100e-01,5.175832e-01,1.612623e-03,3.964161e-01,3.157087e-03,1.430503e-01,-1.842251e-01,2.225606e-03
-1.615146e-01,3.206185e-01,-4.643357e-01,7.265481e-01,-6.264753e-01,-1.216589e-01,1.624104e-01,-1.178023e+00,-1.162983e+00,2.330483e-02
-8.187617e-01,2.563690e-01,-3.529836e-01,8.344548e-01,1.154998e+00,-7.476802e-01,-1.465636e+00,-2.121572e-01,-4.734309e-01,1.034872e+00
