1.363312e+00,-3.362707e-01,-1.519137e+00,4.086067e-01,-2.832930e-01,-1.387969e+00,9.469164e-02,-6.489100e-01,-1.444155e+00,1.778021e+00
1.524214e+00,-4.295633e-01,6.952847e-01,3.450712e-01,1.072671e-01,1.188098e-01,-1.755064e+00,-2.443073e-01,-4.778792e-01,4.856867e-01
1.598510e+00,-1.234026e-01,6.277230e-01,-5.081190e-01,3.323608e-01,5.857669e-01,-1.285156e+00,5.120399e-02,1.130904e+00,5.897261e-01
2.824625e-03,5.128247e-01,1.310082e+00,-1.122257e+00,-5.547321e-03,6.952841e-01,1.673749e-03,-3.730335e-02,-8.082945e-01,-6.276837e-04
6.464403e-03,-4.071832e-01,-1.457554e-01,-1.974536e+00,-1.481017e-03,6.364246e-02,1.602357e-03,2.213411e-01,-7.999501e-02,-1.233746e-03
-2.533776e-03,-1.089182e+00,6.369548e-01,-1.145644e+00,1.792141e-03,-5.392850e-01,2.896474e-03,-2.687617e-01,2.979225e-01,-3.235461e-03
6.090053e-03,-3.152846e-01,-3.732383e-01,3.870292e-01,-7.047445e-03,5.320245e-01,7.182118e-03,-1.276179e+00,-1.126307e+00,-2.211502e-04
-9.754512e-01,-4.890894e-01,4.378286e-01,-1.131671e+00,3.849839e-01,1.168991e+00,-1.209437e-01,3.495573e-02,1.580845e-02,1.904686e+00
-5.241715e-04,-7.204253e-01,-5.445003e-02,8.692042e-02,-5.101205e-04,-2.742353e-01,6.942966e-03,8.954298e-01,-6.117904e-01,-8.855260e-04
1.531691e-03,3.246298e-01,-2.611154e-01,1.103710e+00,-8.561840e-03,7.272757e-01,2.932492e-03,3.942251e-01,3.276850e-01,7.155694e-04
-2.759547e-03,-6.494800e-01,1.257298e+00,-5.708312e-01,4.064516e-03,1.754859e+00,1.903247e-03,7.483499e-01,8.382752e-01,-2.724588e-03
-6.721147e-04,7.314580e-02,1.154817e+00,-1.373505e+00,-2.966080e-03,2.494720e-01,6.593243e-03,5.007317e-01,1.524469e+00,1.688342e-03
-1.696010e-03,1.256866e+00,4.833779e-01,-7.326763e-02,4.185392e-03,7.103567e-01,8.357857e-03,-1.600816e+00,-1.294018e+00,1.429676e-03
-4.785389e-03,1.551826e+00,-8.230117e-02,3.676093e-01,2.900938e-03,-1.413383e+00,-2.040122e-03,-1.435566e+00,-7.371893e-01,6.930453e-05
2.822528e-03,1.187602e+00,-6.339815e-01,-6.374943e-01,-8.907979e-06,3.663628e-01,-6.115051e-05,-1.348247e+00,2.012793e+00,-5.473317e-04
1.520022e+00,1.141723e+00,-7.208383e-01,1.958226e+00,-2.476745e-01,9.341190e-01,-1.389510e+00,-9.740921e-01,-5.722383e-01,-1.950059e+00
-7.849644e-01,6.842219e-01,-4.777640e-01,1.635662e-01,-3.225987e-01,-6.108865e-01,3.595915e-01,-1.059004e-01,-2.065793e-01,-1.613076e-01
-2.396376e-03,-5.480449e-01,-3.325556e-01,3.782497e-01,2.190301e-03,-5.287591e-01,3.503140e-03,-6.483384e-01,-4.229500e-01,-4.751180e-05
-1.511660e-01,1.065617e+00,5.293795e-01,1.905448e+00,-6.183720e-01,2.808484e-01,1.626255e-01,-2.833231e-01,-1.946142e+00,2.534675e-02
-8.161233e-01,1.113051e+00,1.495169e+00,-4.684093e-01,1.148845e+00,6.453998e-01,-1.463124e+00,1.105283e+00,-1.645640e+00,1.041414e+00
