1.362156e+00,-1.058287e-01,9.129317e-01,5.516257e-01,-2.729411e-01,-3.772805e-01,8.970016e-02,2.901444e-01,5.432396e-01,1.778895e+00
1.523263e+00,-1.080632e+00,-1.145177e+00,-1.054418e-02,1.029171e-01,-1.647748e+00,-1.742772e+00,-5.970847e-01,-5.227895e-01,4.865457e-01
1.595792e+00,-6.899821e-01,-1.774451e-01,1.097086e+00,3.194490e-01,1.043205e+00,-1.274094e+00,3.054167e-01,7.967435e-01,5.878093e-01
2.524540e-03,1.041908e-01,8.408542e-01,1.562242e-01,-7.054946e-03,-7.468920e-01,1.828992e-03,-1.736449e-01,-4.104891e-01,-1.274409e-03
-7.567695e-04,-1.135874e+00,-1.354159e+00,5.887746e-01,-7.177260e-03,-6.250060e-02,3.295202e-03,-9.377603e-01,4.763039e-01,-1.305313e-03
1.183581e-03,1.534240e+00,1.189424e+00,6.123136e-01,2.021318e-03,-1.095281e-01,5.375052e-03,-6.551501e-01,1.957794e-01,1.825463e-03
2.857510e-03,-6.675235e-01,-1.132916e+00,3.951300e-01,3.963229e-04,1.472761e+00,-1.497751e-03,1.585270e-01,5.620849e-01,-4.352647e-03
-9.737890e-01,8.186037e-01,-3.212500e-01,6.225511e-01,3.834863e-01,-1.419139e+00,-1.208376e-01,-7.262162e-02,9.793402e-02,1.905314e+00
3.964726e-03,-8.239229e-01,-1.435720e+00,1.338420e+00,2.960274e-04,-1.825833e+00,-6.035743e-03,1.259270e-01,2.830918e-02,9.243739e-04
-9.514840e-03,1.309930e-01,8.668705e-01,1.363014e+00,-6.540656e-03,-7.795603e-02,-7.105077e-03,2.073154e-01,6.433888e-01,-5.446467e-03
2.396985e-03,3.701235e-01,-9.885309e-01,-5.280213e-01,3.114516e-04,-3.349933e-01,-3.666593e-04,3.520224e-01,1.690543e+00,1.550912e-03
-1.139312e-02,-1.564567e+00,1.295432e-01,-1.096192e+00,-7.042137e-03,7.945127e-01,-2.272858e-03,-4.477166e-01,-1.812907e-01,-3.044798e-03
4.414132e-03,-7.200573e-01,1.119172e+00,-1.768163e-01,-4.221689e-03,1.914065e-02,8.088836e-03,-5.227092e-01,-6.973451e-01,4.510586e-03
5.765964e-04,3.739732e-01,1.001018e+00,-4.888361e-01,-1.842485e-03,-5.122051e-01,-4.906709e-03,6.093960e-01,9.630563e-01,3.215513e-03
-6.462098e-03,-2.230202e-01,-1.822723e-01,-6.590694e-01,2.638822e-03,-2.209397e-02,3.141990e-03,9.265935e-01,-1.898658e-01,-4.040914e-03
1.524033e+00,-3.859598e-01,-5.368965e-01,-5.743368e-01,-2.474614e-01,-1.613950e-01,-1.395830e+00,-7.381403e-01,-3.939929e-01,-1.945002e+00
-7.805004e-01,4.129608e-01,2.701728e-01,-1.413787e+00,-3.144902e-01,1.188137e-01,3.468916e-01,-1.745757e-01,4.199113e-01,-1.611281e-01
-5.762065e-03,4.176354e-02,-1.222475e+00,1.418452e-01,-2.270268e-03,4.213177e-01,-7.239872e-03,3.186047e-02,4.624829e-01,5.690620e-04
-1.649535e-01,-2.381029e-01,-7.681240e-02,-7.459128e-01,-6.176240e-01,-3.008845e-01,1.774472e-01,-1.245012e-01,9.516569e-01,2.459676e-02
-8.165819e-01,7.994597e-01,-5.379837e-01,2.162950e-02,1.155063e+00,6.978888e-01,-1.468918e+00,-3.588921e-01,1.805481e-01,1.045319e+00
