1.363947e+00,-9.987674e-02,-5.073441e-01,-6.754247e-01,-2.793241e-01,1.505478e+00,9.941177e-02,-4.419155e-01,8.417830e-01,1.777220e+00
1.518213e+00,9.736390e-01,-1.335720e-01,-1.024862e+00,1.048882e-01,9.919376e-01,-1.756741e+00,-7.351663e-01,5.827668e-01,4.863388e-01
1.599688e+00,-7.820382e-01,-1.283523e+00,-1.298114e+00,3.378110e-01,-1.384991e+00,-1.262415e+00,-1.587356e+00,-1.184070e+00,5.904671e-01
-3.748179e-03,7.802096e-01,-6.671218e-01,-1.277253e+00,-1.295297e-04,1.020664e+00,-1.588400e-03,-2.409098e-01,-6.358341e-01,-6.013170e-04
3.187530e-03,4.547466e-01,4.386564e-01,7.362221e-01,-3.040702e-03,8.355701e-01,3.242452e-03,8.685773e-01,9.043413e-02,-3.533154e-04
4.645536e-04,-5.036530e-01,1.783297e+00,-6.305985e-01,-1.177682e-03,1.027686e+00,6.850041e-04,-1.133958e+00,-1.062018e-01,2.695751e-04
-1.454788e-03,-5.080637e-01,7.099312e-03,1.140303e+00,-5.915300e-03,-6.915622e-01,1.554114e-03,-2.283997e-01,-1.199689e-01,-5.006120e-04
-9.700041e-01,-6.900072e-01,-1.136422e+00,-3.961076e-02,3.902540e-01,-1.557492e-01,-1.081785e-01,-1.035258e+00,2.967670e-01,1.904834e+00
3.577493e-03,2.937065e-01,-3.108060e-01,7.204027e-02,-4.188153e-03,1.007925e+00,4.051128e-03,-1.505482e-01,-7.977531e-01,1.511279e-03
-7.553203e-05,-6.815880e-01,-9.197664e-02,-2.678072e-01,-2.153365e-03,9.512565e-02,3.724660e-03,-1.598958e-01,4.210440e-01,-2.793450e-03
1.050620e-03,1.888697e+00,-1.009322e+00,7.189273e-01,3.589145e-03,-1.468197e-01,-2.761687e-03,-4.309563e-01,1.285202e+00,-1.290514e-04
-2.241225e-03,8.645776e-02,5.077184e-01,-7.058193e-01,-9.846672e-03,1.308966e-01,-4.266164e-03,-6.490911e-01,-9.929139e-01,-5.791027e-03
1.802082e-03,-1.073782e+00,-4.874670e-01,6.309319e-01,-3.034915e-03,1.000471e+00,2.372621e-03,-7.944495e-01,3.175625e-01,5.391762e-03
1.977603e-03,7.378567e-01,8.612749e-01,1.884109e-02,-7.944358e-04,-2.540448e-01,-1.716589e-03,-6.091505e-01,1.171162e+00,4.824432e-03
4.746564e-03,3.897720e-01,-1.652184e+00,-2.873892e-01,-2.809734e-03,1.010244e+00,-3.210472e-03,-2.271549e+00,-7.104178e-01,7.826339e-04
1.524880e+00,-6.049657e-02,1.617778e+00,-4.069357e-01,-2.446034e-01,8.804267e-01,-1.378413e+00,-5.739750e-01,7.101768e-01,-1.944060e+00
-7.815672e-01,-9.183075e-01,-1.158551e+00,-6.551712e-01,-3.039378e-01,-6.373362e-02,3.567132e-01,9.441696e-01,3.365119e-01,-1.632062e-01
-6.047246e-03,2.548768e-01,9.010124e-01,-1.264611e-01,-1.036548e-03,-1.071342e+00,2.299874e-03,-2.444708e-01,-1.858698e-01,-2.079209e-03
-1.592434e-01,-6.930648e-01,-8.476650e-02,3.969278e-01,-6.232791e-01,-9.603100e-01,1.703615e-01,-1.261113e+00,2.289691e+00,2.511744e-02
-8.169677e-01,-8.273259e-01,4.743505e-01,6.653223e-01,1.160696e+00,-6.845268e-01,-1.469546e+00,-2.696292e-01,-3.161503e-01,1.035888e+00
