1.363198e+00,9.649698e-01,1.051142e+00,-6.704136e-02,-2.824948e-01,1.153659e+00,8.604422e-02,4.172920e-02,1.504344e+00,1.778189e+00
1.521222e+00,-2.927097e-01,1.119380e+00,2.144612e+00,1.039426e-01,1.146168e+00,-1.740985e+00,-8.760101e-01,1.810636e+00,4.900158e-01
1.604324e+00,-9.412118e-01,-3.815885e-01,-1.758712e+00,3.219524e-01,-7.480421e-01,-1.270867e+00,-5.505781e-01,5.504240e-01,5.889463e-01
1.413927e-03,-4.208623e-01,3.360107e-01,-1.892808e+00,5.972133e-04,-4.388895e-01,-4.997129e-03,2.379181e-01,9.804441e-01,7.381897e-04
-4.047727e-03,3.670114e-01,3.894564e-01,1.221585e-01,-2.266550e-03,7.623957e-01,-1.304175e-03,-2.252449e-01,1.458891e+00,-1.561762e-03
-1.343487e-03,5.087497e-01,-8.559025e-01,-1.157853e+00,-1.696704e-03,7.922225e-01,7.861177e-03,6.028597e-01,5.613767e-01,1.303767e-03
-9.513811e-04,-3.383908e-01,-8.514865e-01,5.020187e-01,1.558756e-03,-3.690795e-02,-1.310359e-02,-2.784440e-01,-1.038155e+00,-4.205672e-03
-9.759676e-01,-5.896741e-01,-7.181070e-01,3.037215e-01,3.867572e-01,4.746139e-01,-1.138134e-01,-3.683187e-01,-1.211039e+00,1.903543e+00
-5.469212e-04,9.713211e-02,5.405483e-01,-5.754323e-01,-3.705716e-03,1.991281e-01,-4.623598e-03,2.064502e+00,-1.996814e-01,4.366956e-03
-3.868159e-03,1.503907e-01,-2.651815e-01,-2.465105e-01,3.611296e-03,1.245194e-01,-2.754859e-05,-9.113642e-01,-3.075094e-03,-1.734290e-03
1.823174e-03,1.733990e+00,-1.641929e-01,9.430581e-01,5.735534e-03,1.272365e-01,-5.187280e-03,8.544977e-01,4.124043e-01,5.676071e-04
5.011550e-04,4.425238e-01,-7.242069e-02,4.201211e-01,-7.330456e-03,7.625852e-02,3.715066e-03,3.799025e-01,6.061440e-01,3.333157e-04
1.000907e-03,1.444535e+00,-7.663277e-01,4.549065e-01,8.745642e-03,-1.050260e+00,4.845185e-03,-3.101136e-01,-8.270317e-01,7.957284e-04
1.531480e-03,1.067963e-01,6.932108e-01,-3.063977e-01,1.263179e-03,3.931847e-01,1.552560e-03,8.767312e-01,-1.007784e+00,-5.257630e-03
9.083727e-04,-1.433353e-01,1.257292e+00,-7.958943e-01,2.819895e-03,8.157505e-01,-4.052993e-03,7.468879e-01,-3.852273e-01,-3.608672e-03
1.527697e+00,1.604594e+00,-1.351084e-01,3.624185e-01,-2.467594e-01,-3.619355e-01,-1.394495e+00,-4.226983e-01,1.528546e-01,-1.942481e+00
-7.866308e-01,-8.524820e-01,1.845057e-01,-5.852593e-01,-3.198793e-01,9.297626e-01,3.494421e-01,-2.721815e-01,-1.845633e-01,-1.640319e-01
-3.886737e-03,1.066625e-01,2.075175e-01,-2.604443e-02,-4.815343e-03,8.276493e-01,6.786307e-04,1.911449e+00,2.684701e-01,1.026455e-03
-1.670491e-01,-7.982647e-01,7.837514e-02,8.444298e-01,-6.291311e-01,-1.096654e+00,1.710401e-01,1.262436e+00,2.012767e+00,2.527183e-02
-8.173012e-01,8.442400e-01,-1.619358e-01,-1.326571e+00,1.154184e+00,7.771827e-01,-1.450090e+00,-5.701407e-01,-4.005549e-01,1.042834e+00
