1.359194e+00,-1.103537e+00,2.916663e-01,1.047513e-01,-2.804136e-01,-2.444921e-01,9.685452e-02,1.976329e-01,-5.830437e-01,1.779065e+00
1.529898e+00,-5.701623e-01,7.096474e-01,-2.374095e-01,1.154076e-01,-4.183855e-01,-1.741612e+00,1.556961e-01,2.051093e-01,4.839388e-01
1.601071e+00,9.784394e-01,-3.086962e-01,2.213840e+00,3.294655e-01,-5.304543e-01,-1.268570e+00,1.425961e+00,2.738730e-01,5.953718e-01
1.277572e-04,9.010149e-01,-1.393161e+00,1.223886e-01,-1.361883e-02,7.903868e-02,9.912658e-03,-3.346089e-01,7.806161e-02,-5.009245e-04
3.362401e-03,9.607598e-01,-7.054611e-01,6.682069e-02,3.672690e-03,1.212716e+00,8.173204e-03,-1.322648e+00,-7.081513e-01,6.393825e-04
-1.930005e-03,1.035439e+00,3.849576e-01,2.014213e-01,5.081334e-03,1.347486e+00,-3.348077e-03,1.290425e+00,6.889623e-01,-2.335140e-03
-7.139848e-03,6.305249e-01,-4.592374e-02,1.450552e+00,-5.114199e-03,8.358357e-01,-2.101483e-03,-3.101966e-01,2.373155e-01,1.287564e-03
-9.698781e-01,6.031049e-02,1.061925e-01,-2.728553e-01,3.841108e-01,9.175829e-03,-1.191140e-01,7.193957e-01,-3.087259e-02,1.905960e+00
-1.731013e-03,-7.964925e-01,6.821931e-01,7.534725e-01,4.280827e-03,-7.037517e-01,1.522054e-04,3.261404e-01,1.088337e+00,5.844209e-04
1.115637e-03,1.082143e+00,3.246646e-01,-1.375494e-01,-3.497995e-03,-4.645477e-03,2.897177e-03,7.072810e-01,6.594092e-01,2.760742e-04
7.310980e-03,1.258898e+00,5.705278e-01,-2.567113e-01,1.046586e-03,-8.604527e-02,-2.236101e-04,2.882366e-01,-4.952215e-02,1.971737e-03
-2.694969e-03,1.289120e+00,7.417114e-01,2.257027e-01,-2.827968e-03,1.996938e-01,3.010783e-03,-5.078046e-02,3.151556e-01,-2.967209e-03
-1.143719e-03,-4.640140e-01,1.007190e+00,-4.957224e-01,7.670248e-03,3.510976e-01,-5.898109e-03,6.474315e-01,-5.660474e-01,4.985839e-03
5.949087e-03,1.317708e-01,-6.655180e-01,-4.520056e-02,6.040311e-03,-1.423370e-01,7.504340e-03,1.779104e-01,1.645794e+00,4.638343e-04
-1.486433e-03,1.425079e-01,-2.389018e-01,2.280134e-02,-6.951002e-03,-2.942217e-01,1.247458e-02,-7.073163e-01,1.171376e+00,-2.897414e-03
1.522120e+00,1.343769e+00,-8.295646e-01,-1.711126e-01,-2.518789e-01,7.032964e-01,-1.379485e+00,-3.468382e-01,2.280901e-01,-1.944207e+00
-7.782445e-01,3.023220e-01,1.032197e+00,-4.643079e-01,-3.131026e-01,3.831613e-01,3.543415e-01,-1.892588e+00,6.250014e-01,-1.605877e-01
-4.968801e-03,-2.198303e+00,4.322400e-01,-1.375042e+00,-3.747632e-03,-4.909647e-01,7.003194e-03,3.057817e-01,-3.537535e-01,1.593629e-03
-1.504587e-01,-3.836087e-01,1.923717e-01,-6.789232e-01,-6.208248e-01,-9.680321e-01,1.641940e-01,7.905424e-01,2.843326e-01,2.773771e-02
-8.172745e-01,-2.942820e-01,5.583900e-01,-2.532212e-01,1.152722e+00,-1.746740e+00,-1.481595e+00,3.564026e-01,-1.335306e+00,1.039133e+00
