1.371852e+00,-1.902698e+00,-1.379128e-01,-6.799057e-01,-2.770230e-01,8.089699e-01,9.950865e-02,-1.001590e-01,1.035675e+00,1.774644e+00
1.527655e+00,3.514067e-01,8.384077e-01,-2.194282e-01,1.025635e-01,-8.037493e-02,-1.742543e+00,6.812667e-01,1.796556e-01,4.891108e-01
1.599346e+00,6.606563e-01,1.057777e-01,-7.891814e-01,3.297278e-01,-4.832621e-01,-1.258786e+00,-9.022868e-01,-5.504773e-01,5.890131e-01
9.657622e-04,-1.386239e+00,9.883075e-01,5.423588e-01,-3.059353e-03,-2.224609e-02,-3.722411e-04,6.511756e-01,1.196265e-01,1.958260e-03
5.064087e-03,-2.623219e-01,5.211846e-01,-4.186592e-01,-6.461301e-03,-2.209457e-01,1.255604e-02,-9.725335e-01,-1.914671e+00,-1.641963e-03
1.677835e-03,-7.013171e-01,-6.786258e-01,-1.485555e+00,-1.469343e-03,-5.607119e-02,-9.638222e-03,1.150080e+00,-2.303230e-02,4.713536e-04
7.882513e-04,-3.560780e-01,-4.306403e-01,3.684806e-01,-6.502098e-03,1.335640e+00,7.861046e-04,-2.342664e+00,6.145594e-01,-1.499389e-03
-9.716993e-01,-2.136242e-01,-6.834526e-01,-4.640263e-01,3.805375e-01,1.313661e-01,-1.178354e-01,-4.183526e-01,-4.069750e-01,1.902902e+00
-2.910032e-03,-6.912512e-02,4.412695e-01,7.468555e-01,-2.503375e-03,-9.482310e-01,2.328436e-03,-6.667936e-01,-1.830843e+00,1.820567e-05
-5.012245e-03,-1.951277e+00,2.317991e+00,-1.697540e+00,5.056674e-03,2.327910e-01,-5.720251e-03,5.696306e-01,-1.524172e+00,-4.103430e-03
-1.579425e-03,8.493938e-02,-9.451168e-01,-1.951318e-01,1.620187e-04,-7.611598e-01,-6.347672e-03,-4.220304e-01,-4.506510e-01,-1.672080e-03
-8.258116e-04,7.046965e-01,1.009487e+00,1.274536e+00,1.623388e-03,-1.837610e-01,1.418916e-02,9.703901e-02,-1.346436e+00,-4.837485e-03
3.267802e-03,-8.299298e-01,-1.714789e-01,-1.963474e+00,-4.344464e-03,7.392579e-01,3.302899e-03,1.093685e-01,2.117250e+00,1.282673e-03
4.111818e-03,-6.771322e-01,1.074979e-01,1.616803e+00,3.792541e-03,-5.045190e-01,4.903581e-03,-7.775305e-01,-1.683953e+00,2.770361e-03
-2.627700e-05,-1.459546e+00,-2.070995e+00,2.484776e+00,2.865636e-03,8.772011e-01,-5.575818e-03,1.032494e+00,-1.648757e-01,-1.811220e-03
1.526851e+00,6.462581e-01,8.831797e-01,-1.493657e+00,-2.459888e-01,5.953199e-02,-1.384468e+00,8.444287e-01,-9.566152e-01,-1.943703e+00
-7.803804e-01,1.649576e+00,-3.613908e-01,-7.615212e-01,-3.175495e-01,1.693600e-01,3.381213e-01,-8.520940e-01,-8.142551e-01,-1.616172e-01
-9.214369e-03,-2.906043e-01,-6.792891e-01,6.569103e-01,6.474761e-04,1.059666e+00,4.338011e-03,-6.187836e-01,-6.206249e-01,-3.709422e-04
-1.537278e-01,-5.156841e-01,5.912635e-01,-5.287295e-01,-6.282805e-01,-1.384029e-01,1.655301e-01,-3.912198e-01,7.602834e-01,2.859599e-02
-8.203574e-01,-1.794578e-01,1.058582e+00,-2.228469e-01,1.159809e+00,-1.061114e+00,-1.465070e+00,-7.674460e-01,3.675969e-01,1.038811e+00
