1.362971e+00,-3.918540e-01,1.541299e+00,-7.176556e-01,-2.839525e-01,1.688827e-01,9.033414e-02,1.342180e+00,3.324511e-01,1.780664e+00
1.522725e+00,9.772249e-01,-5.024158e-01,-1.076079e+00,1.103894e-01,-2.244518e-01,-1.750640e+00,4.093538e-01,-1.359379e+00,4.830387e-01
1.601970e+00,-1.544858e-01,2.672302e-01,6.652729e-01,3.290597e-01,-6.192287e-01,-1.262297e+00,1.081769e+00,-1.013031e+00,5.888395e-01
-2.580696e-03,6.851293e-01,8.082161e-01,-6.527907e-01,3.175661e-03,-4.088939e-01,1.365215e-02,7.995084e-02,2.623599e+00,1.997962e-03
-2.511770e-03,-2.580553e-01,6.897914e-01,-8.138665e-02,-7.518999e-04,-5.817876e-01,-6.760313e-03,1.233543e+00,6.289666e-01,1.521409e-04
-5.037645e-03,-1.968922e-01,-1.038578e+00,-5.464370e-01,1.738555e-03,1.923793e+00,8.747159e-03,-4.142539e-01,-4.430074e-01,7.488637e-04
2.462671e-03,-1.144812e+00,1.382199e-01,2.594273e-01,-8.571258e-03,-1.134534e+00,2.558208e-03,-8.702783e-01,-8.786457e-01,-3.933418e-03
-9.748850e-01,-5.562198e-02,-1.574756e+00,-9.887906e-01,3.812204e-01,-2.507243e-01,-1.077071e-01,-5.439084e-01,-8.352060e-01,1.904761e+00
-4.712728e-03,-4.361564e-01,5.815462e-01,2.881830e-01,2.492095e-03,-3.456647e-02,-1.904292e-03,1.415226e+00,-6.705078e-01,1.620495e-03
-5.408016e-03,6.916779e-01,-1.528386e+00,8.142259e-01,-4.241384e-03,-4.054514e-01,-3.479129e-03,1.271822e+00,-4.703144e-01,2.002284e-03
1.459126e-03,-4.651869e-02,7.373132e-01,4.734171e-01,2.910376e-03,6.006691e-01,-5.765193e-03,-1.050212e+00,8.915128e-01,-4.799960e-04
-2.126660e-03,-7.215106e-01,-2.767913e-01,-1.287215e-01,-7.968871e-03,4.034746e-01,1.153603e-03,5.692694e-03,-3.506348e-03,-3.335728e-03
1.866779e-04,-1.615689e-01,-8.774878e-01,-2.026180e-01,4.060856e-03,-6.994374e-01,5.707377e-03,7.792457e-01,6.027052e-01,4.402076e-03
2.817219e-03,-4.470081e-01,1.539819e-01,4.003653e-01,2.376232e-03,-8.301749e-01,2.305508e-03,3.010910e-01,1.947647e-02,9.169667e-04
-2.133794e-03,4.004220e-01,2.022679e+00,1.705149e+00,-1.244300e-03,6.511736e-01,-2.229418e-02,-1.055696e+00,-3.346023e-01,-6.516330e-04
1.524929e+00,-3.207039e-01,-7.932644e-01,-1.244183e+00,-2.404748e-01,-3.988201e-01,-1.377612e+00,1.248114e+00,-1.256806e+00,-1.945913e+00
-7.775897e-01,1.906379e+00,7.497796e-01,-1.358051e-01,-3.228124e-01,-2.607370e-01,3.516694e-01,-3.169387e-01,1.186029e-01,-1.619359e-01
-9.858356e-04,-4.947059e-01,2.179568e-01,-1.084032e+00,-2.767292e-03,3.252938e-01,-1.187038e-04,-3.442042e-01,1.544931e-01,-3.883071e-03
-1.598781e-01,1.202603e+00,-3.366781e-02,4.396046e-01,-6.204770e-01,5.042158e-01,1.768726e-01,8.741932e-01,1.937844e-01,2.077448e-02
-8.208548e-01,-1.303085e-01,-2.209678e-01,-8.537916e-01,1.150485e+00,-3.914568e-01,-1.456836e+00,1.488791e+00,-1.697114e+00,1.037165e+00
