1.366587e+00,2.644255e-02,3.084114e-01,9.871492e-02,-2.862517e-01,3.839187e-01,8.841193e-02,-8.590164e-01,-6.900499e-01,1.783373e+00
1.522233e+00,1.501436e+00,9.643937e-01,-4.123560e-01,1.086414e-01,3.008900e-01,-1.731050e+00,2.589987e-01,1.716356e+00,4.883018e-01
1.601947e+00,1.339558e+00,1.269265e-01,-1.988246e-01,3.316138e-01,3.259578e-01,-1.263009e+00,-5.753516e-01,7.234929e-01,5.904883e-01
4.290158e-03,1.096710e+00,4.214164e-01,-8.457144e-01,4.905666e-03,1.249354e-01,-6.283440e-03,-1.321092e+00,8.977552e-01,-1.498298e-03
6.284616e-05,-1.369062e+00,-8.577649e-02,-5.611942e-01,-4.581289e-03,9.871175e-01,2.781424e-03,6.134748e-01,3.534272e-01,8.521178e-04
-7.447349e-03,1.678689e+00,-3.643746e-01,-5.039730e-01,-4.105114e-04,7.239398e-01,1.275374e-02,2.038684e-01,5.727490e-01,1.469499e-03
3.646183e-03,-8.796589e-01,-2.216137e+00,-1.500053e-01,-4.050124e-04,1.186437e-01,-3.346324e-03,1.628818e-01,1.239088e+00,-2.119792e-03
-9.697911e-01,6.436718e-01,2.224345e+00,-1.009684e+00,3.804143e-01,2.823830e-01,-1.124473e-01,1.043042e+00,1.433862e+00,1.903485e+00
-1.602690e-03,8.453515e-01,-5.657166e-01,-1.046412e+00,5.473739e-03,1.626719e+00,-3.585810e-03,8.169377e-01,1.615957e-01,1.709356e-03
-1.962751e-03,-4.814779e-01,-1.024649e+00,1.242303e+00,-5.973625e-03,1.173559e-01,-5.237671e-03,-4.661540e-01,7.393386e-01,-2.195029e-03
-7.313359e-04,-8.594074e-01,5.627800e-01,-3.661826e-02,6.464352e-04,1.508685e+00,-3.350511e-03,-6.490612e-01,9.952829e-02,-5.549463e-04
-1.299839e-03,-1.508098e+00,1.251615e+00,-4.870485e-01,-4.721887e-03,1.211741e+00,7.769112e-03,-7.864888e-01,-3.258473e-01,-1.945327e-03
4.405172e-03,2.847396e-01,-4.051913e-01,-5.150558e-01,9.269936e-03,-4.551827e-01,5.301760e-04,5.414006e-01,8.657307e-01,2.743677e-04
1.168497e-03,-1.024264e+00,-1.408529e+00,-6.023408e-01,-6.809826e-03,6.935381e-01,9.953522e-04,-2.039340e-01,2.037326e-01,-1.097904e-04
3.979531e-03,3.695709e-01,1.391722e-02,-1.034092e+00,-3.744607e-04,-7.699902e-02,-9.451236e-03,6.538748e-01,-1.379894e-01,3.369830e-03
1.519888e+00,7.679491e-01,-2.461340e-01,-3.179549e-01,-2.449752e-01,-1.401941e+00,-1.384648e+00,7.586201e-02,8.729427e-02,-1.946763e+00
-7.748555e-01,1.740233e-01,1.356171e+00,-6.116707e-01,-3.159427e-01,-3.000972e-01,3.583680e-01,4.077173e-01,-2.299999e-01,-1.588066e-01
-1.118076e-03,1.539464e+00,-6.594320e-02,1.948866e+00,-1.420118e-03,-2.224141e-01,-4.680832e-03,-6.757850e-01,8.134400e-01,-1.147544e-03
-1.585793e-01,1.272496e+00,-7.275790e-01,-1.010657e+00,-6.221772e-01,1.312427e-01,1.720712e-01,4.192428e-01,1.389658e+00,2.256221e-02
-8.218521e-01,-3.354047e-01,8.963531e-01,1.269118e+00,1.155163e+00,1.302005e+00,-1.453032e+00,-8.812354e-01,7.143197e-01,1.041502e+00
