1.360215e+00,-1.731354e+00,-4.346606e-01,-7.512478e-01,-2.849540e-01,9.071765e-01,9.762880e-02,-2.449399e-01,1.269891e+00,1.771380e+00
1.524964e+00,8.418597e-01,-2.227218e-01,-3.395311e-01,1.023547e-01,7.359104e-01,-1.742183e+00,-3.584684e-02,-2.857941e-01,4.896190e-01
1.601560e+00,-1.017107e+00,8.836022e-01,-2.362683e-01,3.315428e-01,7.787142e-01,-1.273395e+00,5.785791e-01,1.525144e+00,5.905557e-01
-2.978806e-03,-5.160008e-01,8.018723e-01,-3.922760e-01,-6.338693e-03,1.391039e+00,1.297397e-02,-5.868505e-02,1.388120e+00,1.075466e-03
1.095174e-03,-1.208685e-01,-8.198754e-01,-2.647842e-01,-2.758221e-03,2.601549e-02,7.810715e-03,-5.862574e-01,-2.312129e+00,-4.353174e-03
3.487787e-03,-7.136129e-01,-7.387260e-01,-4.236093e-01,-1.934235e-03,1.138722e-01,7.692467e-04,6.462266e-01,1.770036e-01,1.086786e-03
4.563729e-03,-3.078128e-01,3.642504e-01,-5.143773e-01,-9.660247e-03,7.500562e-01,-3.323511e-04,-1.746646e-01,-5.381079e-01,-2.069268e-03
-9.800883e-01,1.136554e+00,4.570944e-01,7.187251e-01,3.904815e-01,1.043161e-01,-1.047783e-01,1.063675e+00,6.110769e-01,1.907874e+00
-3.810738e-03,2.281587e-01,1.144569e+00,-2.869074e-01,-1.685784e-03,-4.714181e-01,1.726923e-02,1.495572e-01,9.599134e-01,4.911083e-03
-4.613467e-03,9.895229e-01,-1.814209e-01,1.029476e-01,-5.955134e-04,-1.416104e-01,-4.188262e-03,-1.187562e-01,-4.991439e-01,-3.182151e-03
9.254967e-03,7.830080e-01,5.384150e-01,2.447770e-01,7.788924e-06,-1.168513e+00,-8.118268e-03,1.590588e-01,1.045793e+00,1.323452e-03
-3.147671e-03,-5.573956e-01,-1.940168e+00,1.070169e+00,-4.209964e-03,-1.413855e+00,-4.385899e-03,-1.287964e+00,-6.826389e-01,-1.877952e-03
6.758742e-03,-1.237493e+00,3.321384e-01,4.080644e-01,-2.770128e-03,1.043792e+00,8.979737e-04,-1.722927e+00,7.235332e-01,3.957633e-03
3.826163e-03,-7.757613e-01,1.253079e+00,-8.218317e-01,-5.903727e-04,5.694081e-01,-2.171085e-03,-1.622392e-01,1.056366e+00,1.571732e-03
-4.586025e-03,-1.442329e+00,-5.473901e-01,1.257263e+00,-5.895454e-03,-1.507657e+00,3.303445e-03,1.783626e+00,8.321548e-01,-2.351791e-03
1.522967e+00,1.568131e+00,1.579066e-01,7.879876e-01,-2.455285e-01,-5.338935e-01,-1.386716e+00,-2.453474e-01,5.242456e-01,-1.946565e+00
-7.897446e-01,9.964575e-01,-6.120087e-01,-5.434750e-02,-3.154801e-01,-7.823479e-01,3.588624e-01,5.572504e-01,-1.956235e-01,-1.625724e-01
1.560934e-04,8.134479e-02,5.765851e-01,4.598639e-01,-9.766321e-04,-1.754272e+00,7.841603e-03,-8.118843e-01,9.631370e-01,-3.714941e-03
-1.564419e-01,1.992122e-02,1.273229e+00,-1.098255e+00,-6.289963e-01,-8.100933e-01,1.774351e-01,6.379138e-02,-8.235427e-01,2.359458e-02
-8.160724e-01,-8.685653e-01,7.175245e-01,-1.061183e-01,1.160597e+00,6.141060e-01,-1.473575e+00,7.600633e-01,1.035175e-01,1.038661e+00
