1.361620e+00,1.111251e+00,-9.554265e-01,-3.246945e-01,-2.773851e-01,-9.349087e-01,7.757860e-02,-1.485211e+00,-1.185900e-01,1.780292e+00
1.519908e+00,-8.174271e-02,1.407278e+00,1.718890e+00,1.071298e-01,-2.310749e-01,-1.734280e+00,4.861511e-02,5.834874e-01,4.847266e-01
1.597136e+00,6.830816e-01,-1.432596e+00,3.824591e-01,3.299275e-01,2.082630e-01,-1.260033e+00,-5.319999e-01,5.704005e-01,5.887366e-01
8.143847e-04,6.392450e-01,-1.718125e+00,-4.421817e-02,-3.161424e-04,-4.754301e-01,-1.174614e-03,1.594223e-01,-3.244999e-01,2.587435e-03
1.401260e-03,1.136997e+00,1.731039e+00,4.674709e-01,4.541720e-04,4.562568e-01,-4.730677e-03,5.416712e-02,3.377378e-01,-3.778235e-05
7.702693e-04,-4.142397e-01,-1.324581e+00,8.499656e-01,-7.828498e-03,3.503238e-01,8.886673e-03,8.326595e-01,-7.720909e-01,4.419786e-04
2.682797e-03,-1.185883e-01,2.000264e+00,3.429027e-01,-4.671751e-03,-7.961044e-01,-1.258576e-03,-3.390826e-01,-9.245416e-01,-5.833578e-03
-9.768991e-01,-2.214151e-01,-1.589040e+00,-1.954415e-01,3.897065e-01,6.950812e-01,-1.177187e-01,1.109746e+00,-8.479311e-01,1.901554e+00
1.477425e-04,-2.675925e-01,-1.234411e-01,1.791418e-01,-1.205532e-02,8.457688e-01,-7.687394e-03,3.326056e-01,-2.962144e-01,1.194637e-03
-5.601551e-03,1.218751e+00,-4.848719e-01,-2.884954e-01,-2.675937e-03,-2.780928e+00,-7.753570e-04,-2.576070e+00,4.570199e-01,-1.455861e-03
-3.589844e-04,-9.702409e-01,3.129018e-01,2.036309e-02,-1.878594e-03,1.025307e+00,-1.409598e-02,-3.785965e-02,1.554404e+00,-6.093506e-04
2.064442e-03,-9.815356e-01,9.209226e-02,-1.205052e+00,-4.390153e-03,1.160994e+00,4.314264e-04,-7.641469e-01,-8.784304e-01,-2.222205e-04
1.222826e-03,6.128273e-01,-5.243507e-01,4.876257e-01,9.947304e-03,1.786084e+00,-7.901233e-04,-6.751738e-03,8.127260e-01,4.769083e-03
-1.459528e-04,-9.997671e-01,2.054390e-01,1.980670e+00,3.135948e-03,-3.692986e-01,-1.078447e-04,-9.793461e-02,1.067107e+00,2.300677e-03
3.484985e-03,-1.361039e-01,-2.528674e-01,2.592793e-01,5.761469e-03,1.098602e+00,-1.241830e-02,8.855601e-02,1.214275e+00,-1.678867e-04
1.523608e+00,1.047335e-01,-5.252873e-03,-7.459477e-01,-2.453096e-01,-5.255680e-01,-1.388354e+00,7.665097e-01,-4.034692e-01,-1.944342e+00
-7.816724e-01,-6.935890e-01,-1.355143e-01,1.044680e+00,-3.137667e-01,-2.335816e-02,3.500010e-01,-1.168134e-01,-8.911484e-01,-1.601987e-01
-2.731772e-03,-4.028730e-01,9.291791e-01,-3.478472e-01,2.120084e-03,-4.135615e-03,4.385868e-04,1.806522e-01,9.504176e-01,-3.525089e-03
-1.573145e-01,3.257816e-01,6.263092e-01,-6.132355e-01,-6.289494e-01,-6.661631e-01,1.704126e-01,-1.379291e+00,-7.166942e-02,2.335115e-02
-8.179808e-01,2.645906e-01,-1.265523e+00,-2.315329e+00,1.148550e+00,3.784199e-01,-1.465226e+00,-2.422799e-01,8.550767e-01,1.038580e+00
