1.364068e+00,7.936577e-01,-7.691915e-01,-1.147109e+00,-2.905527e-01,2.866528e-01,9.278336e-02,1.112048e-01,1.571546e+00,1.778514e+00
1.524498e+00,2.887343e-01,3.773628e-01,6.133155e-02,1.108262e-01,4.576348e-01,-1.741911e+00,1.492921e+00,-9.907962e-01,4.846938e-01
1.602789e+00,-9.228048e-01,-1.368772e-01,1.732376e-01,3.206570e-01,-4.239774e-01,-1.270044e+00,1.185923e+00,-2.431692e+00,5.931335e-01
-1.072805e-03,-4.823435e-01,8.694626e-02,-5.995519e-01,-3.990547e-03,3.292713e-01,6.416308e-04,-2.571810e-02,-1.081665e-01,4.004627e-03
2.127954e-04,1.680956e-01,9.318053e-01,-6.923827e-01,-1.279873e-03,-4.837701e-01,4.269628e-03,2.642980e-01,-4.020157e-04,-5.706379e-04
1.335970e-03,4.683132e-01,-1.014963e+00,-1.647345e+00,3.322144e-03,-3.826010e-01,-4.773728e-03,-1.356774e+00,1.235965e-01,-1.537879e-03
-2.098487e-03,1.413988e+00,1.952739e+00,9.467843e-01,-3.151135e-03,-8.485186e-02,9.241955e-03,8.759122e-01,-5.849536e-01,5.749875e-04
-9.760930e-01,-4.294333e-01,6.186076e-02,-3.286338e-01,3.892127e-01,-9.679633e-02,-1.076184e-01,-1.055249e-01,-6.873369e-02,1.903085e+00
-4.608114e-03,1.057893e-01,-5.552898e-01,-9.375197e-01,-8.308679e-03,-4.873787e-01,-1.844658e-03,-1.347976e+00,7.955329e-01,3.493239e-03
4.027929e-04,-8.047194e-01,-1.205802e+00,1.018120e+00,3.248990e-04,-7.175218e-01,-8.978355e-03,-6.524055e-01,-1.891402e-01,-1.289618e-03
-3.050898e-03,4.452757e-01,-2.021919e-01,-1.000172e+00,-2.807617e-03,-6.568533e-01,1.855103e-04,-7.264881e-01,1.107970e-01,-3.616871e-04
-4.316680e-03,4.769324e-01,5.164124e-01,1.881426e-02,-7.767030e-03,6.249368e-01,1.671324e-02,-2.230582e-01,2.282657e-01,-3.821904e-03
5.441741e-03,-1.123438e+00,-3.299361e-02,5.588261e-01,5.622649e-03,1.439468e+00,-2.876145e-03,-1.055547e-01,4.352232e-01,2.947390e-03
3.750212e-03,-3.316543e-01,-2.023122e-02,9.609737e-01,3.318862e-03,7.196863e-01,2.602396e-03,1.492763e+00,-6.621404e-01,2.120276e-03
-2.085258e-03,5.240621e-01,1.634351e+00,2.431480e-01,-7.040502e-03,9.086203e-01,4.226840e-03,1.134023e+00,-1.008559e-01,-9.765295e-04
1.524126e+00,3.938164e-02,3.000910e-01,2.971642e-01,-2.466074e-01,6.518777e-01,-1.389243e+00,5.260725e-01,-1.019068e+00,-1.946348e+00
-7.729513e-01,-2.311416e-01,-1.674463e-01,-3.187993e-03,-3.091863e-01,-5.902589e-01,3.624436e-01,-1.793598e-01,7.696601e-01,-1.610029e-01
-4.208288e-03,-1.402244e+00,2.278317e-01,3.328203e-01,2.439050e-03,1.367899e+00,-9.708453e-03,4.228554e-01,-1.530779e+00,5.994978e-04
-1.559721e-01,7.582864e-02,4.223782e-01,4.118700e-01,-6.293106e-01,3.559156e-01,1.585663e-01,2.459065e-01,-3.631363e-01,2.401720e-02
-8.192654e-01,-1.050445e+00,-4.115723e-01,-3.234500e-01,1.147348e+00,2.791485e-01,-1.467265e+00,6.549491e-01,8.407938e-01,1.040639e+00
