1.361995e+00,-2.899381e-01,-1.506210e+00,3.332335e-01,-2.797959e-01,2.697320e-01,9.670816e-02,4.881855e-01,-3.800122e-01,1.775550e+00
1.526668e+00,-7.238464e-01,-1.029124e+00,-1.052181e+00,1.013347e-01,9.198974e-01,-1.752081e+00,7.431925e-01,-1.415595e-01,4.852041e-01
1.601633e+00,-1.312170e+00,3.095883e-01,-8.995012e-01,3.367611e-01,8.734854e-01,-1.264918e+00,-1.473640e+00,-1.702948e-01,5.894889e-01
5.985606e-03,2.536853e-01,2.063158e-01,4.333388e-01,8.877073e-04,8.909187e-01,1.215679e-03,5.397979e-01,1.096533e+00,1.103747e-03
-8.793128e-04,1.150782e+00,-2.497961e-03,1.635863e+00,5.336863e-03,-1.826575e-01,-9.439770e-03,3.940599e-01,-1.217973e-02,2.522646e-03
-2.803112e-03,6.607948e-01,6.831916e-02,1.127776e-01,-2.677582e-03,3.637948e-01,-1.369123e-02,1.063066e+00,3.200272e-01,-4.042968e-04
-3.099409e-03,8.844415e-01,-5.097180e-01,-1.265845e+00,-7.566248e-03,-7.767255e-01,-4.881213e-04,4.103138e-01,-1.184208e+00,-8.708046e-04
-9.708384e-01,1.859820e+00,-1.063231e-01,5.784388e-01,3.790580e-01,-2.811460e-01,-1.195057e-01,1.259351e+00,-1.884958e+00,1.903617e+00
3.864956e-03,1.090807e-01,-1.374058e+00,1.025526e+00,-3.643628e-03,9.460757e-02,8.493164e-03,1.278768e+00,-8.604315e-01,-3.279298e-04
-7.093537e-03,-1.193047e+00,-6.125679e-01,3.876250e-01,-9.501271e-04,6.466557e-01,-9.247947e-03,-1.675062e+00,1.090554e+00,-2.456313e-04
-1.826011e-03,1.106120e+00,2.720448e-01,3.019813e-02,-3.588490e-03,8.621561e-01,-1.513917e-02,1.759658e+00,-4.156013e-02,-1.141446e-03
-3.445779e-03,2.791127e-01,-1.253907e+00,3.115828e-01,-1.583737e-04,5.719971e-02,-3.100780e-03,-1.141990e+00,3.217003e-01,-3.848385e-03
7.224510e-04,-1.086087e+00,-9.697121e-01,-8.599216e-01,2.679902e-03,-4.807008e-01,5.983556e-03,3.628559e-01,-1.030125e-01,-4.280064e-04
4.134188e-03,2.089655e-01,1.466565e+00,6.883716e-01,4.236768e-04,8.566944e-01,1.682952e-03,-6.588663e-01,5.054555e-01,-2.217023e-03
2.573709e-03,1.163749e+00,-7.017920e-02,-8.484309e-01,-4.204519e-03,-4.509797e-02,-1.256685e-03,2.855564e-01,1.264402e-01,-1.511604e-03
1.520063e+00,1.226608e+00,-1.878383e-01,3.123641e-01,-2.406996e-01,1.273943e-01,-1.385395e+00,-2.578741e-01,9.280084e-02,-1.947093e+00
-7.748085e-01,2.743679e+00,-4.316738e-01,-2.644646e-01,-3.190404e-01,1.875202e-02,3.443430e-01,3.402660e-01,7.925891e-01,-1.632745e-01
-2.585982e-03,4.120900e-01,-4.351995e-01,-1.621005e+00,2.639757e-03,7.659356e-01,-2.498694e-03,5.398499e-01,4.873896e-01,-1.634161e-03
-1.456822e-01,-7.452989e-01,-4.510352e-01,4.793254e-01,-6.212710e-01,1.752580e+00,1.787951e-01,-2.153970e-01,1.738242e+00,2.538418e-02
-8.162895e-01,1.414424e+00,-1.386364e+00,9.249849e-01,1.154635e+00,3.667668e-01,-1.463895e+00,-6.676330e-01,-1.005114e+00,1.038887e+00
