1.368365e+00,7.542663e-01,-8.997253e-01,-6.423917e-02,-2.830411e-01,8.212169e-01,8.697745e-02,-5.604787e-01,-1.295102e+00,1.781361e+00
1.521705e+00,1.317064e+00,4.916791e-01,-8.038662e-01,1.138456e-01,2.230550e-01,-1.761617e+00,9.915761e-01,-5.795515e-01,4.862473e-01
1.600019e+00,3.796040e-01,1.020393e+00,1.058364e+00,3.260626e-01,-1.089107e+00,-1.275134e+00,-1.287112e+00,-9.576368e-02,5.930626e-01
1.443729e-03,-7.649948e-01,9.516917e-01,3.719983e-01,-3.273653e-03,-1.107494e-01,5.931891e-03,-1.234707e+00,-6.800532e-01,3.547243e-03
5.544397e-03,-3.511201e-01,-5.977981e-02,2.766343e-01,-6.403314e-03,-8.120178e-01,-7.406693e-03,-1.130680e-01,1.439915e+00,2.268946e-03
-2.423872e-03,-1.822472e-01,-5.775323e-01,7.916272e-01,1.528649e-03,7.662053e-02,-7.141548e-03,-1.535662e+00,-1.871320e-01,-1.393935e-03
-6.571587e-04,-2.587889e-01,1.575581e+00,9.262619e-02,-6.292806e-03,3.733183e-01,-5.784136e-04,1.001859e+00,1.269889e+00,-3.579502e-04
-9.753603e-01,1.492888e-01,5.957777e-01,-9.234937e-02,3.885948e-01,1.286071e-01,-1.103010e-01,8.245228e-01,1.284194e-01,1.904023e+00
-1.130408e-03,9.177952e-02,7.096909e-01,7.337192e-01,-3.398041e-03,8.013437e-02,-2.773722e-03,7.898475e-01,1.347781e-01,3.335082e-03
-1.886677e-03,-7.483282e-01,1.040610e+00,3.022595e-01,3.943940e-03,-9.227359e-02,-4.287684e-03,8.356840e-02,9.961070e-01,5.935410e-04
8.596542e-06,-2.598441e-01,-4.924957e-01,7.740050e-01,4.875881e-03,-2.354027e-01,-2.875460e-03,1.231796e+00,7.150529e-02,2.003469e-03
-9.455666e-03,2.755074e-01,-1.639680e+00,-1.285458e+00,3.265776e-03,-8.299944e-01,1.112629e-02,8.434957e-01,-8.370460e-01,-2.895120e-03
-3.913250e-03,1.905858e+00,3.690384e-01,1.895634e+00,4.532607e-03,1.090552e+00,6.472556e-03,1.405256e+00,-1.581594e+00,6.471775e-03
-9.004512e-04,-5.713879e-01,3.297837e-01,-4.183735e-01,6.152697e-04,-7.542811e-01,4.178595e-03,-4.927977e-01,1.868089e-01,1.106354e-03
-9.771234e-04,2.268878e+00,-6.433416e-01,9.575935e-01,1.362930e-03,1.017247e+00,-4.153941e-03,1.420568e+00,-8.328489e-01,-3.302606e-03
1.526587e+00,-4.013636e-01,1.218600e+00,-4.202918e-01,-2.437746e-01,9.953019e-01,-1.393707e+00,-2.584382e-01,9.242590e-01,-1.945114e+00
-7.841289e-01,-9.461478e-01,-5.210841e-01,-1.096002e+00,-3.088157e-01,-3.057439e-01,3.574453e-01,2.027938e+00,2.704415e-01,-1.642256e-01
2.962428e-03,-1.127304e+00,-1.023803e+00,7.287125e-01,-1.115099e-04,2.535266e-01,-3.682445e-03,-1.201365e+00,9.930632e-01,6.235807e-04
-1.539426e-01,1.035980e+00,-9.521133e-02,9.382035e-01,-6.267571e-01,-8.679751e-01,1.632630e-01,5.686502e-01,-7.909301e-01,2.406139e-02
-8.134432e-01,9.665104e-01,1.237785e-01,1.214876e+00,1.160168e+00,1.355638e+00,-1.438401e+00,1.583555e+00,1.911479e-01,1.041299e+00
