1.364159e+00,-2.349162e-01,-1.083121e+00,2.407513e-01,-2.789870e-01,-4.484576e-01,7.653799e-02,-1.446010e-02,-1.006208e+00,1.775109e+00
1.520635e+00,7.578498e-01,-1.959378e+00,6.147674e-01,1.080345e-01,1.720794e-01,-1.741323e+00,-5.445868e-01,-8.470158e-01,4.858548e-01
1.600798e+00,2.969992e-01,-3.441316e-01,-1.145100e+00,3.234835e-01,6.266364e-01,-1.271055e+00,-1.199361e-01,1.067101e+00,5.886005e-01
1.350991e-03,3.284787e-01,-5.154885e-01,3.240241e-01,-2.921514e-03,-5.214519e-02,3.992303e-03,5.168876e-01,5.976168e-01,-7.150760e-04
-2.184383e-03,6.558920e-01,3.079754e-01,-1.191915e-01,2.207866e-03,2.214076e-01,2.882011e-03,-4.019185e-02,-7.184009e-01,1.267710e-03
-4.893341e-03,-2.884846e-02,2.403855e-02,1.414064e+00,-3.835177e-03,2.694461e-01,2.967001e-03,3.807090e-01,-1.327088e-01,1.263113e-03
-1.253126e-03,-3.864623e-01,-9.464303e-01,8.650836e-01,-9.057992e-03,-4.107595e-01,-1.312242e-03,-4.504515e-01,-7.294817e-01,-1.838615e-03
-9.688336e-01,3.680439e-02,8.898241e-01,-4.424805e-01,3.894619e-01,-1.278395e-01,-9.710768e-02,-1.908982e-01,-1.195421e+00,1.903122e+00
-5.251981e-03,-1.595112e+00,-4.846885e-02,-3.662167e-01,2.578486e-03,2.440693e-01,3.561725e-03,2.633478e-01,-3.111492e-01,4.753770e-03
-1.154004e-02,-3.065975e-01,6.149980e-01,-1.408105e+00,5.441105e-03,5.929584e-01,-4.746219e-03,7.089657e-01,-8.031052e-01,-1.243340e-03
3.291593e-04,-1.040273e+00,1.810275e-01,5.947269e-01,-3.455970e-04,6.951764e-02,-5.270241e-04,-6.655014e-02,-1.277173e-01,2.689722e-03
1.042610e-03,-1.059529e+00,5.023137e-01,1.541724e-01,-8.499066e-03,3.711669e-01,-2.618571e-03,1.739732e-01,-5.285716e-01,-6.144909e-03
3.413411e-03,-5.420209e-01,9.477115e-01,-1.214794e+00,4.456808e-03,-1.366531e+00,7.465630e-03,3.555626e-01,8.542240e-01,2.747203e-03
1.957021e-03,-2.349392e-01,5.948388e-01,-6.763671e-01,-8.253576e-04,5.060491e-01,2.442549e-03,-1.365217e+00,-1.278849e+00,2.872379e-03
-4.473428e-03,-4.266642e-01,-4.688944e-01,-5.460376e-01,-4.118079e-04,-1.466233e-03,-3.020262e-03,-4.866517e-01,2.148142e+00,1.177690e-03
1.522509e+00,3.005038e-01,-9.980308e-01,1.411498e+00,-2.457632e-01,-8.631859e-01,-1.388227e+00,-1.145530e+00,-7.094293e-01,-1.944794e+00
-7.874978e-01,-3.789064e-01,-4.993492e-01,4.236830e-01,-3.192682e-01,6.249105e-02,3.555771e-01,8.823933e-01,-1.323504e+00,-1.622502e-01
-6.783639e-04,-1.254020e-01,-1.883304e-01,1.180716e+00,3.425959e-03,-6.446801e-01,8.468159e-04,6.235944e-01,7.025764e-01,-1.322241e-03
-1.523007e-01,2.588439e-01,-9.240540e-01,-3.531973e-01,-6.238241e-01,2.373738e+00,1.758026e-01,-2.214589e+00,-7.674857e-01,2.523236e-02
-8.124291e-01,-3.059997e-01,-1.723263e-01,6.242859e-01,1.158098e+00,1.569240e+00,-1.457358e+00,-1.469706e-01,-3.371120e-02,1.039525e+00
