1.361917e+00,7.028801e-01,1.250975e+00,7.882439e-01,-2.819438e-01,5.011951e-01,9.668678e-02,7.172801e-01,4.817243e-02,1.781009e+00
1.524586e+00,3.445093e-01,6.016187e-01,-9.581286e-02,1.187340e-01,8.621696e-01,-1.753877e+00,-5.335424e-02,1.952571e+00,4.912419e-01
1.601158e+00,2.602828e-01,1.986130e-02,4.150777e-01,3.343911e-01,-7.836567e-01,-1.256180e+00,-5.167383e-01,-3.941785e-01,5.908199e-01
-1.002599e-03,4.603920e-01,-1.129604e-01,-4.216701e-01,-7.624332e-03,1.305252e+00,1.319633e-04,-1.365101e+00,-1.098904e+00,-1.904093e-03
4.758142e-03,4.306496e-01,-7.245030e-01,4.477405e-01,-9.977913e-03,3.215216e-01,1.277656e-02,9.505378e-02,-1.077698e+00,-1.026995e-03
-5.918958e-03,-1.508410e-01,-2.169521e-01,-1.220339e+00,1.878601e-03,4.694061e-01,-1.545703e-03,8.764751e-01,5.042130e-01,-3.944187e-04
3.394186e-04,5.246945e-01,1.212784e+00,-6.475134e-01,1.343073e-03,3.204710e-01,-6.103359e-03,3.939450e-01,1.790422e+00,-1.642063e-03
-9.725702e-01,8.287713e-01,9.676818e-01,8.216441e-01,3.850900e-01,3.037302e-01,-1.229363e-01,4.957072e-01,1.604560e-01,1.903747e+00
2.228096e-04,1.099908e+00,1.643525e-01,7.053618e-01,3.494109e-03,7.594680e-01,5.446657e-03,1.251543e-02,-4.519758e-01,3.790513e-03
7.520166e-03,4.481186e-01,7.091776e-01,-5.798942e-01,-4.767684e-03,1.059107e+00,-4.917662e-03,7.319034e-01,-4.647779e-01,-4.088998e-04
-1.213101e-04,5.501936e-01,-7.239935e-01,-4.190404e-01,-3.141941e-03,-9.399030e-01,-2.358439e-03,6.070319e-01,3.966476e-01,-1.156607e-03
-2.323096e-03,-2.212981e-01,3.664240e-01,1.004322e+00,-1.396447e-03,-5.480330e-01,6.743271e-03,3.434198e-01,7.262592e-01,6.241322e-04
7.338207e-03,-9.768094e-01,1.098252e+00,1.282052e+00,-2.382828e-03,1.375645e+00,-8.117481e-03,1.713175e-02,9.674801e-01,5.322338e-03
5.445124e-03,7.483116e-02,-3.800748e-01,-2.179943e+00,3.872410e-03,-9.908861e-01,6.854853e-03,3.215022e-01,-1.467350e+00,2.133552e-03
3.114430e-03,-2.568620e-02,-8.835233e-01,2.847721e-01,-2.583679e-04,-1.127035e+00,-2.057153e-03,-8.994517e-01,1.116279e+00,2.403048e-03
1.524166e+00,1.219327e+00,4.546063e-01,4.204797e-01,-2.444185e-01,1.477393e-01,-1.383116e+00,-9.578136e-02,1.147784e+00,-1.947077e+00
-7.862326e-01,5.632958e-01,-1.034524e+00,1.019368e+00,-3.060191e-01,1.818700e-01,3.580198e-01,-1.210526e-01,-5.589933e-01,-1.605404e-01
1.797611e-03,4.315612e-01,4.667349e-01,-1.552635e+00,-3.870798e-03,5.782301e-01,5.476889e-03,8.017897e-01,7.054878e-01,-4.843292e-04
-1.603350e-01,6.909590e-01,5.562354e-01,-1.058186e+00,-6.269088e-01,4.957435e-02,1.756587e-01,1.840077e+00,-3.188698e-02,2.196632e-02
-8.170249e-01,-5.917999e-01,-6.630244e-01,1.091246e+00,1.143927e+00,8.829362e-01,-1.465527e+00,5.191156e-01,6.429976e-01,1.041732e+00
