1.354995e+00,5.400055e-01,5.913010e-01,-6.477456e-01,-2.855302e-01,6.410904e-01,9.345969e-02,-7.969073e-01,5.637143e-01,1.778631e+00
1.527086e+00,2.022757e-01,-6.536523e-01,1.852075e+00,1.151541e-01,-3.286916e-01,-1.745127e+00,6.744513e-01,-1.200788e+00,4.889489e-01
1.600995e+00,-1.623777e+00,-1.729473e+00,3.707833e-01,3.365591e-01,1.055800e-01,-1.263084e+00,6.717427e-01,-1.975567e-02,5.921261e-01
-1.724154e-03,6.780695e-01,6.500920e-01,1.192359e+00,-1.622553e-03,2.300595e-01,3.067161e-03,-8.065052e-02,-3.088564e-01,5.356333e-03
4.479821e-04,-1.143911e+00,-2.001097e-01,-1.418589e-01,-3.537178e-03,9.645238e-01,2.700904e-03,5.137286e-01,-3.869280e-01,-2.815720e-03
-3.141504e-04,-8.575451e-01,-9.254287e-01,-4.325111e-01,-7.301036e-03,1.450860e-01,2.789303e-04,1.496185e+00,7.844676e-01,-2.038567e-03
6.552432e-03,-8.396804e-03,-7.241112e-01,-2.353158e-01,-1.367450e-04,2.227087e-01,-8.194351e-03,-3.852488e-01,-1.094412e+00,-1.666203e-03
-9.774614e-01,-1.286779e-01,7.781201e-01,1.127645e+00,3.845622e-01,-4.780491e-01,-1.187718e-01,4.717432e-01,-7.261957e-01,1.905615e+00
1.010775e-03,-5.518358e-01,3.676375e-01,-5.029092e-03,-4.930258e-03,6.075593e-01,-8.295855e-03,-1.351030e-01,7.128338e-01,2.171294e-03
-9.009321e-04,1.512847e+00,-7.281195e-01,5.801376e-01,1.727846e-03,2.843849e-01,-1.247605e-03,1.005654e+00,3.980661e-01,-1.709555e-03
3.413567e-03,5.134468e-02,1.508856e+00,-8.659557e-01,-7.289719e-03,-2.604089e-01,8.123159e-03,1.782347e-01,1.196221e+00,2.279893e-03
5.871600e-04,-4.819509e-01,-9.685117e-01,-8.600956e-01,-4.998648e-03,2.976085e-01,2.558293e-03,1.322704e+00,-2.394304e+00,-1.810387e-03
6.668200e-04,1.586989e+00,-4.688092e-01,8.738947e-01,2.531000e-03,-9.473748e-03,-3.670465e-03,1.084309e+00,-8.598442e-01,-7.515363e-04
6.499813e-03,4.825111e-01,-1.354312e-01,-8.700700e-01,1.150694e-03,3.746261e-01,-9.320669e-03,4.426566e-01,-5.168524e-01,-1.918445e-03
-7.892372e-03,5.432734e-01,-1.913574e+00,9.417489e-01,9.364473e-04,-1.629966e+00,-1.049298e-02,6.286092e-01,1.444699e+00,-3.108471e-03
1.519766e+00,5.701531e-01,-3.225370e-01,6.910598e-01,-2.425689e-01,-3.259744e-01,-1.386902e+00,-3.729928e-01,7.241528e-01,-1.945773e+00
-7.800616e-01,7.875914e-01,5.007825e-01,4.463383e-01,-2.969807e-01,5.323869e-02,3.506937e-01,-9.630464e-01,4.677948e-01,-1.612207e-01
-3.165246e-03,1.699798e-01,4.919191e-01,-1.253900e+00,-3.296383e-03,-2.713462e-01,-1.755109e-03,-1.274239e-01,3.457556e-01,-1.975869e-03
-1.594230e-01,-8.379201e-01,-1.283943e+00,-8.100304e-01,-6.139386e-01,-1.183375e+00,1.719036e-01,6.038942e-01,-1.001154e+00,2.515589e-02
-8.137140e-01,1.461716e-01,-2.959134e-01,3.116296e-01,1.160463e+00,-4.287481e-02,-1.451043e+00,5.878340e-02,-1.096156e+00,1.037073e+00
