1.353611e+00,1.735349e-01,3.028508e-01,-1.419405e+00,-2.874135e-01,1.819539e-01,8.511556e-02,1.668163e-01,1.881559e-01,1.782243e+00
1.523733e+00,-6.958886e-01,1.506203e+00,1.541296e+00,1.075019e-01,1.240824e+00,-1.738846e+00,3.664587e-01,-3.295289e-01,4.874014e-01
1.603741e+00,5.523042e-01,-2.918276e-01,1.092421e+00,3.309457e-01,-6.785548e-01,-1.260621e+00,2.326373e-01,9.923294e-01,5.915105e-01
-3.449296e-04,-1.099300e+00,2.695265e-01,8.958042e-01,-1.151065e-03,1.316397e+00,1.632166e-03,-4.859098e-01,-3.290788e-01,-1.730084e-03
4.329851e-03,1.768720e+00,1.257242e+00,-1.186510e+00,-4.848777e-03,1.477767e+00,-7.737583e-03,-1.141068e+00,-3.075340e-01,-4.623995e-05
-9.236787e-04,-2.685725e-02,-7.433537e-01,-5.637932e-01,1.659706e-04,-5.953282e-01,3.676781e-03,-5.503349e-01,7.134412e-02,-3.556420e-04
-2.474756e-04,1.146844e+00,-1.097725e+00,-1.067121e+00,2.327144e-03,1.588289e+00,5.073974e-04,8.929246e-01,-1.679126e+00,-2.152367e-03
-9.790585e-01,-7.245394e-01,-8.053669e-02,-1.616726e+00,3.886620e-01,1.521187e+00,-1.139303e-01,-5.656367e-01,-1.599432e+00,1.904365e+00
-2.613686e-03,-1.044277e+00,-9.125434e-01,-1.086594e+00,-5.034114e-04,-1.072693e+00,2.607208e-03,4.483127e-01,-6.054634e-01,7.435766e-04
5.511430e-04,3.744044e-01,-2.363361e-01,5.657741e-01,-9.281414e-03,1.823302e-01,7.208937e-03,-1.306775e-01,-1.898900e-02,-2.268528e-03
-1.152931e-03,-1.150570e+00,5.108392e-01,-9.627652e-01,2.302749e-03,-8.579759e-01,-8.440768e-03,-4.752620e-01,1.169829e+00,-1.866993e-03
2.149065e-03,-1.689613e-02,5.733137e-01,-3.614120e-02,2.926410e-03,-1.458497e-01,-4.219727e-03,4.790455e-01,-9.475362e-01,-2.923244e-03
-3.062304e-03,2.749159e-01,1.323993e+00,4.694969e-01,6.327806e-03,1.406315e+00,-1.010716e-02,5.866715e-01,5.823100e-01,3.480059e-03
8.021134e-03,-8.414174e-01,1.429333e+00,-1.183212e+00,3.730729e-04,-3.834819e-01,3.063610e-03,3.866340e-02,3.238645e-01,1.876861e-03
3.911298e-03,-3.412434e-01,5.058808e-03,5.655894e-01,-1.003679e-02,-1.428482e+00,-3.836332e-03,2.398953e-01,2.450882e-01,-2.243054e-03
1.515017e+00,-2.290546e-01,-1.067002e+00,1.051965e+00,-2.433555e-01,4.273628e-01,-1.381797e+00,-4.026579e-01,3.953883e-01,-1.946521e+00
-7.802204e-01,-9.023665e-01,-1.354140e+00,1.560745e-02,-3.189270e-01,-1.616543e-01,3.539681e-01,-3.486805e-01,-2.088890e+00,-1.614985e-01
-1.670586e-04,3.314424e-01,5.089485e-01,-3.151742e-01,3.817970e-03,1.074769e-01,-1.055920e-02,1.716144e-01,-1.333332e+00,-4.614759e-04
-1.619457e-01,2.915560e-01,5.172969e-01,6.025679e-01,-6.205864e-01,-5.387782e-02,1.659915e-01,-7.761166e-01,-6.399089e-01,2.785889e-02
-8.162394e-01,-7.618025e-01,-1.475372e-01,-9.076388e-01,1.157021e+00,-1.845069e-01,-1.466436e+00,1.225912e+00,2.261217e-01,1.043296e+00
