1.357641e+00,1.420692e-01,-5.979905e-01,-2.453925e-01,-2.784175e-01,-5.192743e-02,9.336628e-02,4.796447e-01,-2.353061e-01,1.778934e+00
1.518323e+00,2.534841e+00,1.457011e+00,6.184633e-01,1.033745e-01,1.081849e-01,-1.759720e+00,-4.269990e-01,-2.176363e-01,4.874297e-01
1.593429e+00,-9.076822e-01,-1.495218e+00,1.549072e+00,3.287184e-01,2.416379e-01,-1.266725e+00,-1.028467e+00,1.048783e-01,5.919995e-01
-4.537988e-03,4.136498e-01,4.636260e-01,9.204487e-01,2.691861e-04,3.987363e-01,-3.806649e-03,1.379629e+00,-7.472130e-01,-1.067678e-04
9.263515e-03,6.037906e-01,1.790583e-01,7.950060e-02,-9.851927e-03,-2.730093e-01,4.001277e-03,2.930958e-01,-9.373309e-01,-2.254322e-03
-9.754002e-04,-1.345749e+00,-1.368034e-01,-3.091087e-01,-9.365401e-03,1.099456e+00,2.203385e-03,1.418124e+00,-9.668001e-02,2.216574e-05
-1.251836e-03,-4.243141e-01,-1.602696e-01,4.394555e-01,2.699465e-03,-5.344406e-01,1.809932e-02,4.354071e-01,-7.927083e-01,-6.986517e-03
-9.740893e-01,6.861007e-02,-5.555934e-01,2.827193e-01,3.906182e-01,4.106118e-01,-1.193241e-01,-9.897285e-01,1.748710e+00,1.902838e+00
4.375357e-04,7.871987e-01,-1.156024e+00,-7.098121e-01,4.471169e-03,-1.224369e-01,5.478934e-04,-1.301648e+00,-1.439032e-01,3.188592e-03
-3.348049e-03,1.886532e-02,7.641416e-01,2.681800e-01,6.195879e-03,-2.096884e-01,1.192899e-02,3.398086e-01,1.427700e+00,-4.209117e-03
2.496273e-03,-5.691451e-01,-1.059151e+00,-6.144797e-01,1.215715e-03,-4.933769e-01,-8.017136e-03,6.561438e-01,4.294765e-01,-2.096924e-04
-3.448273e-05,-2.361348e-01,-8.415310e-01,-1.690044e+00,-1.107110e-04,-1.322947e+00,-7.407983e-03,-4.074677e-01,8.889745e-01,-3.334688e-04
2.349778e-03,-2.715793e-01,9.871085e-01,8.369499e-01,6.919064e-03,-6.725800e-01,-8.906948e-03,-1.115454e+00,8.492947e-01,1.306597e-03
3.976275e-03,1.048379e+00,1.226850e+00,-2.443012e-01,-8.774886e-03,-1.185722e+00,6.914400e-03,-3.050495e-02,5.508724e-02,3.575254e-03
-5.510576e-03,9.247133e-01,6.560467e-02,-6.071951e-01,-1.970551e-03,2.282574e-01,-4.373051e-03,-2.974161e-01,1.330424e+00,3.268529e-04
1.521598e+00,9.478313e-01,-3.299209e-01,-1.307187e+00,-2.472687e-01,-6.241450e-01,-1.383882e+00,1.192553e+00,-2.487180e-02,-1.951203e+00
-7.763590e-01,7.904410e-02,3.145951e-01,-3.081594e-01,-3.237265e-01,-5.221622e-01,3.471597e-01,-6.974418e-01,-9.055249e-01,-1.600596e-01
5.458821e-04,-8.106919e-01,-6.878238e-01,-1.637183e-01,8.757735e-04,6.428321e-01,2.618853e-03,8.603191e-01,1.243560e+00,-4.438775e-03
-1.582303e-01,2.774629e-01,-1.895467e+00,3.662045e-02,-6.254792e-01,6.771484e-01,1.740754e-01,1.134778e-01,3.120712e-02,2.621942e-02
-8.170492e-01,-3.803759e-01,-1.723000e+00,-1.237334e-01,1.150784e+00,-2.190907e+00,-1.447653e+00,-4.489389e-01,2.125335e-02,1.041690e+00
