1.360057e+00,-1.117908e+00,-7.313387e-03,-2.050830e+00,-2.872622e-01,6.588753e-01,8.211125e-02,-4.142342e-01,3.213833e-01,1.779917e+00
1.533563e+00,7.877946e-01,1.021664e-01,8.377009e-01,1.057403e-01,6.137147e-01,-1.744373e+00,3.277943e-01,3.294274e-01,4.892557e-01
1.604970e+00,-5.097403e-01,-2.763916e-01,-3.111998e-01,3.342406e-01,2.344510e-01,-1.260889e+00,6.245629e-01,7.818747e-01,5.885486e-01
1.446091e-04,-1.297806e+00,-4.828150e-01,-3.149182e-01,-1.372904e-03,-1.651980e-01,-6.770220e-04,-1.404955e+00,-1.867993e+00,-1.010364e-03
4.961854e-03,1.648162e-01,-3.637970e-01,8.828330e-01,-6.826570e-03,-4.690956e-01,2.616669e-04,-4.867875e-01,-1.603404e+00,1.561271e-03
7.848965e-04,4.206799e-01,4.040052e-01,-1.827377e-01,-7.465883e-03,-3.551848e-01,8.186256e-03,-9.632899e-01,2.175532e-01,3.195204e-03
2.259152e-05,-1.535473e+00,5.023277e-01,-9.241992e-01,-6.167360e-04,-6.324603e-02,-4.132862e-03,4.515460e-01,-1.309187e+00,-2.887115e-03
-9.751490e-01,-4.936092e-01,3.242896e-01,-8.104569e-01,3.854487e-01,9.800954e-01,-1.179437e-01,9.641488e-01,7.723108e-01,1.902681e+00
-4.663564e-03,-7.690383e-01,-4.132211e-01,4.812234e-01,8.328471e-04,-6.772237e-02,-2.402305e-03,4.264068e-01,3.133310e-01,2.268301e-03
6.703745e-04,-3.357818e-01,7.493778e-01,-3.879151e-02,-4.068785e-03,-8.392103e-01,3.230920e-03,6.509302e-01,-5.047951e-01,-1.017657e-03
1.166021e-02,2.464535e-01,2.216806e-01,5.529367e-01,8.413186e-05,-3.530624e-01,1.710186e-03,1.052905e+00,7.601599e-01,7.519056e-04
-1.384655e-03,-1.344162e+00,-1.034991e+00,-1.513219e-01,-6.476894e-03,5.226318e-01,-2.720530e-03,5.176789e-01,-7.575839e-01,-3.659495e-03
-1.220808e-03,-6.449085e-01,1.683326e+00,7.031129e-01,7.931025e-03,-2.387388e-01,-2.094117e-03,5.038344e-01,5.061432e-01,2.188521e-03
4.704900e-03,1.332216e-01,-8.306886e-01,-9.427227e-01,6.676579e-03,1.109948e+00,-2.935767e-03,-7.295209e-01,-1.186981e+00,1.872249e-03
-1.241844e-03,6.324844e-01,3.432446e-02,-5.939869e-01,-1.515721e-03,2.818982e-01,7.664819e-03,1.928432e+00,-5.522717e-01,-5.981684e-05
1.525884e+00,-7.786908e-01,4.293316e-01,2.665747e-01,-2.401047e-01,-9.714184e-01,-1.395030e+00,-4.829406e-01,-5.773049e-02,-1.940841e+00
-7.829921e-01,-1.193652e+00,-5.697589e-01,9.497837e-01,-3.113925e-01,8.292819e-01,3.638908e-01,-2.037430e-01,9.565891e-01,-1.622864e-01
-8.550929e-04,-2.634776e-01,-1.216641e-01,-1.523157e-01,3.872809e-03,1.416692e-01,-2.608309e-03,1.214255e+00,-3.123987e-01,-2.629226e-05
-1.604655e-01,-7.010150e-02,-1.899135e-01,1.209523e-02,-6.313374e-01,2.235893e-01,1.652751e-01,-4.832567e-01,1.032679e+00,2.249566e-02
-8.177021e-01,3.496958e-01,-8.887806e-01,-6.176502e-01,1.152978e+00,-1.172675e+00,-1.455875e+00,-1.057523e+00,5.993938e-01,1.038345e+00
