1.363722e+00,6.418810e-01,5.128733e-01,-4.294480e-01,-2.823451e-01,-4.779955e-01,8.733680e-02,-8.297377e-01,-2.678367e-02,1.780028e+00
1.516063e+00,-2.223149e+00,-3.345644e-01,1.929555e-01,1.045915e-01,1.507856e+00,-1.737445e+00,-1.114768e+00,5.730994e-01,4.833106e-01
1.598402e+00,9.979609e-01,3.619471e-01,3.464706e-01,3.324298e-01,-8.368928e-01,-1.275285e+00,-2.562823e-01,-7.769387e-01,5.923688e-01
2.286638e-03,-1.944392e-02,-2.023841e-01,7.498261e-01,3.297681e-03,-6.008394e-01,-1.745979e-02,-8.601053e-01,-6.959057e-01,1.455181e-03
4.192416e-03,-6.160880e-01,-4.491650e-01,9.342481e-01,-8.437808e-04,-4.856633e-01,-2.607226e-05,-2.965565e-02,1.865748e-01,8.385706e-04
6.744732e-04,-8.294842e-01,-4.559820e-01,8.005698e-01,4.865157e-03,-2.903366e-01,-1.568948e-03,1.026932e+00,-1.024020e-01,-6.738472e-04
2.815683e-03,1.206499e+00,8.359832e-01,-1.145400e-01,-8.279141e-03,1.015018e-01,1.272713e-05,9.208023e-01,-8.426953e-01,-2.742568e-03
-9.740249e-01,-2.438823e-01,-9.857154e-01,1.044266e+00,3.816319e-01,-1.016248e+00,-1.085300e-01,-1.047895e+00,-6.156073e-01,1.902820e+00
4.898572e-03,-2.111142e-01,-1.698229e-02,3.487729e-01,1.815869e-04,7.867857e-01,-5.016258e-05,-2.051038e-01,-2.513351e-01,2.399604e-03
-3.396405e-03,-7.733554e-01,3.992615e-01,9.450806e-01,1.564200e-03,-2.786564e-02,-5.824342e-03,3.116605e-01,9.187862e-01,-3.413203e-03
2.312371e-03,-9.292596e-02,-1.562725e+00,-4.982859e-01,-3.774083e-04,4.759121e-01,2.722919e-03,4.754139e-01,7.143745e-01,1.659042e-03
-3.677265e-03,5.350574e-01,9.554170e-01,1.224603e-01,-5.484831e-03,5.735009e-01,4.236156e-03,1.070346e+00,1.297016e+00,-9.186312e-04
1.552135e-03,-1.543099e+00,-9.982257e-01,1.584608e+00,-6.134363e-03,-6.034886e-01,-7.083658e-03,8.173122e-01,-9.803365e-01,4.175248e-03
1.222528e-03,1.171618e+00,-1.034085e+00,-8.607232e-02,-1.096289e-03,-9.829905e-01,9.988716e-03,-6.687313e-02,7.002541e-02,4.021084e-03
1.549603e-03,-1.297534e+00,-6.667381e-01,-1.638605e+00,-9.097292e-03,1.804829e+00,-4.563980e-04,5.319556e-01,6.895631e-01,-2.011743e-03
1.525348e+00,4.181690e-01,1.246565e-01,-7.935495e-01,-2.459618e-01,-9.201888e-01,-1.386492e+00,-3.501854e-01,5.183957e-02,-1.944034e+00
-7.807762e-01,5.794603e-01,2.452544e-02,-4.283376e-01,-3.156411e-01,3.172594e-01,3.490883e-01,-5.921117e-01,2.512755e-01,-1.637267e-01
-3.463986e-04,-8.511172e-01,1.935612e-01,-2.793171e-01,-2.459094e-04,-8.525655e-01,5.795332e-03,-2.912872e-01,6.908468e-02,8.354233e-05
-1.570667e-01,6.747075e-01,1.489074e-01,-1.256092e+00,-6.198982e-01,-9.206765e-01,1.786800e-01,-1.702605e-01,-3.946357e-01,1.881821e-02
-8.160578e-01,4.805059e-01,-1.861807e-01,-7.545104e-01,1.153701e+00,1.773301e-01,-1.457074e+00,5.573288e-01,8.522114e-01,1.041343e+00
