1.373393e+00,1.133564e+00,3.732299e-01,3.763895e-01,-2.816070e-01,4.838393e-01,9.021316e-02,1.683608e+00,-9.013121e-01,1.776619e+00
1.532200e+00,-1.206285e+00,-1.795998e+00,9.908513e-01,1.164380e-01,-2.817633e-01,-1.754858e+00,4.447810e-01,-2.478543e-01,4.855274e-01
1.596325e+00,-2.907829e-01,-9.662440e-01,9.641235e-01,3.279264e-01,-7.579325e-01,-1.259651e+00,-3.963602e-01,3.545248e-02,5.916770e-01
1.598723e-03,-7.911809e-01,-3.395164e-01,3.572127e-01,1.682527e-03,9.904826e-01,1.917743e-02,-1.765043e-02,1.447570e-01,-3.029208e-03
-2.552238e-03,2.077362e+00,7.092495e-01,-1.837143e+00,-1.512167e-03,6.409872e-01,1.154437e-03,-8.432583e-01,-1.347081e+00,4.437767e-03
3.710997e-03,-2.149016e-01,1.669215e-01,4.717268e-01,3.500808e-03,-9.321545e-01,9.169023e-03,-7.453398e-01,5.856427e-01,-6.551170e-05
1.394896e-03,1.457498e-01,-2.864446e+00,-6.369720e-01,-6.118954e-03,5.504874e-01,-2.297227e-03,-3.602995e-01,-2.386395e-01,-8.960191e-04
-9.758417e-01,-5.120564e-01,6.756701e-01,-1.501876e-01,3.884079e-01,-3.694436e-01,-1.215642e-01,7.273938e-01,-1.698266e-01,1.904498e+00
4.506604e-03,-4.683067e-01,1.710645e+00,2.603667e-01,3.880016e-03,8.333276e-01,-3.833152e-03,-5.597849e-01,-1.194902e+00,2.224302e-03
3.080348e-04,-1.215144e+00,2.788296e-01,9.788545e-01,-4.556521e-03,-1.164401e-01,4.716069e-03,4.737362e-01,-1.490528e+00,-2.565448e-03
-1.224772e-03,6.374758e-01,-1.308637e+00,-8.215258e-01,-3.699564e-03,1.098689e+00,-1.188377e-03,9.413800e-01,2.277023e+00,-1.239383e-03
3.327236e-03,-9.047314e-01,1.899929e+00,7.165232e-01,4.858920e-03,-5.365081e-01,5.457624e-03,-1.884067e+00,-5.132799e-01,-3.943865e-03
9.593674e-04,3.689309e-01,-9.124599e-01,2.498747e-01,-2.004433e-03,1.061365e+00,3.187410e-03,1.234297e-01,1.717054e+00,1.543118e-03
8.098574e-04,-2.288888e-01,-1.511144e+00,7.627411e-01,5.270841e-03,-1.211426e+00,-6.734649e-03,4.544024e-01,-1.912515e+00,1.669970e-03
-1.910538e-03,4.258346e-01,-5.884348e-01,1.735967e+00,-3.653072e-03,-8.150812e-01,3.751230e-03,-9.117849e-01,-9.210558e-01,1.102041e-03
1.529036e+00,-2.590886e-01,9.790668e-01,-8.170697e-01,-2.442245e-01,-6.297786e-01,-1.383754e+00,-8.846960e-02,-2.297741e-01,-1.951052e+00
-7.850041e-01,3.660155e-01,-1.786665e+00,6.007495e-01,-3.053985e-01,3.046048e-01,3.499763e-01,-1.472677e-01,-6.771592e-01,-1.578900e-01
-2.434892e-03,-9.827995e-01,-7.554256e-02,-1.120588e-01,-2.809219e-04,-4.207555e-01,-6.370903e-03,-1.680696e+00,-5.631424e-01,-2.055819e-04
-1.562950e-01,-8.987543e-01,-4.820257e-02,-1.764311e+00,-6.298016e-01,5.091368e-01,1.789428e-01,-1.755176e+00,3.262169e-01,2.780519e-02
-8.226938e-01,7.658378e-01,-1.998166e-01,-7.977871e-01,1.155887e+00,4.861244e-01,-1.467546e+00,7.103522e-01,-1.041454e-01,1.040800e+00
