1.361037e+00,9.353854e-01,3.633539e-01,2.646470e-01,-2.852911e-01,-2.700497e-01,9.493373e-02,-1.171660e+00,1.756134e-01,1.778972e+00
1.520124e+00,5.054607e-01,1.562657e+00,-2.465792e+00,1.085811e-01,-1.469202e+00,-1.734495e+00,-4.398930e-01,-5.264303e-01,4.886965e-01
1.601295e+00,6.299630e-01,8.016648e-01,-5.555432e-01,3.231907e-01,-3.283187e-01,-1.257358e+00,-2.789510e-01,-3.097753e-01,5.862984e-01
5.203608e-03,-1.178426e+00,-7.196029e-01,-1.027330e+00,2.097510e-03,-5.522869e-01,-7.246662e-03,5.231789e-01,4.551048e-01,6.176927e-04
1.580104e-03,3.299035e-01,1.426933e+00,-1.966422e-01,-6.277604e-03,-5.544562e-01,3.562721e-03,7.652946e-01,1.375848e+00,-3.055821e-03
-6.151451e-03,1.707256e+00,-8.280619e-01,-8.860422e-01,-2.206513e-03,1.163825e+00,9.827024e-03,-1.308560e+00,1.002092e+00,-3.550722e-03
5.097495e-03,9.324487e-01,-7.141425e-01,-7.110765e-01,-2.126634e-03,5.169725e-01,-4.645689e-03,2.653499e-01,-5.085350e-01,-2.796016e-03
-9.717638e-01,4.454905e-01,-5.244725e-01,-1.109176e+00,3.792068e-01,1.379765e+00,-1.345718e-01,-6.805561e-01,3.077176e-01,1.904644e+00
1.448990e-03,-1.056984e-01,8.698084e-01,8.805883e-01,1.083149e-02,5.053790e-01,-1.028563e-02,1.644237e-01,-1.043053e+00,1.738810e-03
-2.003294e-03,6.265762e-01,-8.602676e-02,1.044803e+00,-2.800016e-03,-5.479342e-01,-4.645884e-03,1.183110e-01,-5.898896e-02,-4.876100e-03
1.819942e-04,3.285296e-01,6.672183e-01,-1.791569e-01,6.384415e-03,-1.306952e+00,6.901716e-04,-5.267076e-01,7.403890e-01,2.430572e-03
9.243961e-04,-4.421551e-02,2.852048e-01,-3.428027e-01,-3.936670e-03,-4.044274e-01,1.549274e-03,1.795159e+00,-1.606216e-01,-2.112535e-03
-1.478464e-03,4.803780e-01,5.377661e-01,-7.402767e-01,4.312183e-03,-1.571062e-03,-5.529504e-03,-2.293570e-01,-5.170529e-01,3.845613e-03
9.380512e-04,-3.426609e-01,-3.326498e-02,-5.098470e-01,5.011446e-03,1.453816e+00,-8.011207e-03,-9.585036e-01,2.392076e-01,3.093617e-03
-2.870272e-03,7.275181e-02,-1.661795e-01,-5.049169e-01,-4.638065e-03,-1.332957e+00,-2.901737e-03,5.311737e-01,-2.119355e-01,-2.564238e-03
1.524730e+00,-8.046510e-01,5.243292e-01,1.462686e+00,-2.455758e-01,5.089588e-01,-1.376584e+00,1.096755e-01,6.680161e-02,-1.947840e+00
-7.785268e-01,5.279653e-01,4.696590e-01,-1.158683e+00,-3.022179e-01,-8.829284e-01,3.549442e-01,2.070692e-01,-8.694724e-01,-1.635917e-01
1.389785e-03,1.045711e+00,-5.972977e-01,-5.920104e-01,-7.669239e-03,1.405078e+00,-4.877245e-03,-4.646054e-01,-2.069014e-02,-3.161507e-04
-1.577887e-01,-1.357011e+00,-1.531687e-01,-9.566589e-01,-6.279635e-01,2.430089e-02,1.733711e-01,2.861663e-01,1.585461e+00,2.654022e-02
-8.127981e-01,1.092260e+00,7.869496e-01,-3.189499e-01,1.149066e+00,1.201626e+00,-1.453072e+00,-1.466580e+00,-1.065295e+00,1.040403e+00
