1.355477e+00,-5.155030e-01,-2.816787e-03,3.507711e-01,-2.828117e-01,-8.968449e-01,9.843484e-02,1.609064e+00,-5.071497e-01,1.774094e+00
1.525675e+00,-8.987509e-01,-8.132484e-01,2.093108e-01,1.123895e-01,1.031101e+00,-1.740645e+00,1.453498e-01,1.143441e+00,4.862886e-01
1.599299e+00,3.339637e-02,-1.313526e+00,1.003871e+00,3.226313e-01,9.044835e-02,-1.256628e+00,1.454273e+00,1.813840e-01,5.894306e-01
2.781341e-03,5.737444e-01,1.715249e-01,-3.745928e-01,-5.131874e-03,5.842729e-01,-7.916851e-03,2.150044e-01,-1.269412e+00,2.412122e-05
-2.726102e-04,2.514388e-01,4.761849e-01,-6.675563e-01,-2.799709e-03,1.409438e+00,-8.423575e-05,-8.062772e-02,-1.504397e+00,-8.038874e-04
-3.827897e-03,2.964007e-01,9.852154e-02,-5.692139e-01,-2.574490e-03,-2.384797e-01,-8.059375e-03,-1.235870e-01,-1.232741e+00,6.968616e-04
-3.313127e-03,-2.347394e+00,4.866939e-01,1.426341e+00,-1.341887e-03,3.293565e-01,-8.078399e-03,-6.291484e-01,-2.320550e-01,-2.398777e-03
-9.651673e-01,9.066101e-01,-1.000089e-01,1.303913e-01,3.870596e-01,8.847366e-01,-1.218615e-01,-4.384492e-01,8.790769e-01,1.905769e+00
-7.577256e-04,-2.822852e-01,5.653333e-01,1.591962e-01,-9.262256e-04,7.057438e-01,-2.201402e-03,-3.891515e-01,4.392854e-01,8.642484e-04
-6.508826e-04,2.057620e-01,-3.549270e-01,8.641432e-01,7.986058e-03,1.658354e+00,-4.973059e-03,-9.336175e-01,-6.733643e-02,-1.983152e-03
2.187892e-03,-5.949403e-01,-2.511724e-01,1.228234e+00,-2.468420e-03,-2.289168e+00,-3.951520e-03,-3.223513e-01,-7.594956e-01,1.640186e-03
-1.951362e-03,2.688557e-01,-1.083568e-02,6.477917e-01,-3.045845e-03,1.076985e-01,-1.110556e-03,7.583769e-01,-1.213338e+00,-3.250541e-03
2.944475e-03,-4.780103e-01,-2.028770e-01,2.646807e-01,8.429420e-03,1.877042e+00,-8.597991e-03,-2.540942e-01,-1.425972e-01,3.344446e-03
5.761530e-03,1.286423e+00,-4.124025e-01,-1.258074e+00,-5.472632e-03,-1.558649e-01,-4.466539e-03,-8.806908e-01,3.177656e-01,7.550944e-04
-2.642790e-03,-8.642705e-01,1.139725e+00,8.493567e-01,1.384252e-03,-5.531390e-01,-7.937895e-05,-4.621255e-01,3.211917e-01,2.260661e-03
1.518527e+00,-7.597492e-01,1.793237e-01,8.469297e-02,-2.401126e-01,1.691792e+00,-1.393035e+00,-1.733545e+00,-2.625057e-01,-1.948124e+00
-7.809243e-01,8.067062e-01,-3.180828e-01,-6.980217e-01,-3.090669e-01,-7.577987e-01,3.519132e-01,-4.192639e-01,-5.619090e-01,-1.606765e-01
-6.508362e-04,5.840378e-01,1.474250e-01,1.627903e-01,7.235566e-03,-1.565892e+00,1.036099e-03,-3.448764e-01,-8.117160e-03,-1.300336e-03
-1.593119e-01,1.209500e-01,2.581551e-01,1.125328e-01,-6.240878e-01,-1.430819e+00,1.781739e-01,-9.613330e-01,9.289524e-01,2.311539e-02
-8.120811e-01,-9.039386e-01,3.297148e-01,-2.616540e-01,1.149986e+00,5.701341e-02,-1.463737e+00,4.901910e-01,1.067978e+00,1.038270e+00
