1.366166e+00,-4.939975e-01,-2.080454e+00,1.725916e-01,-2.891015e-01,7.295305e-01,9.330367e-02,-2.264550e-01,-4.139703e-01,1.775351e+00
1.528030e+00,1.593747e+00,-1.735857e-01,1.463434e-01,1.102994e-01,2.659823e-01,-1.748799e+00,5.970480e-02,-5.513324e-01,4.946287e-01
1.602326e+00,-9.556646e-01,-1.031271e+00,9.902804e-01,3.291211e-01,-9.670154e-01,-1.262848e+00,-3.018549e-01,4.438191e-01,5.959087e-01
-3.444112e-03,-1.554617e+00,1.848446e+00,-3.963639e-02,-5.174611e-03,3.740985e-01,1.499322e-02,5.332460e-01,7.385198e-01,-1.146106e-03
-1.509122e-03,6.304515e-01,1.523328e-01,-8.054349e-01,-7.034706e-03,9.373130e-01,4.028899e-04,-2.006139e+00,-9.688532e-02,2.959396e-03
1.810734e-04,-2.456719e-01,-6.655554e-01,-2.098567e-01,-1.033841e-03,-4.930465e-01,1.127166e-03,4.164558e-02,-1.025400e+00,3.426058e-04
-3.744643e-03,-7.966756e-01,-7.367406e-01,-1.116561e+00,-3.576043e-03,-2.173476e-01,-9.553300e-03,-4.011962e-01,1.114924e+00,-2.102358e-04
-9.689528e-01,-6.452310e-03,1.274721e-01,4.915367e-01,3.897236e-01,1.180410e+00,-1.183098e-01,-8.139430e-02,-1.479618e+00,1.904676e+00
2.657224e-03,1.625440e-01,-6.111092e-01,-4.439811e-04,-2.588114e-03,1.028491e-01,5.576526e-03,-6.477824e-02,-5.693220e-01,-8.175964e-05
1.693407e-05,-1.752971e-01,-9.710333e-01,2.417201e-01,-9.643291e-03,-1.459387e+00,-1.210182e-02,2.940524e-01,1.052671e+00,-4.632641e-03
-3.355193e-05,9.980692e-01,2.315672e-01,-3.726934e-01,-2.390848e-03,3.533799e-02,2.801650e-04,8.688740e-01,6.103278e-01,2.845464e-04
-4.298624e-03,-7.701511e-01,-1.888702e+00,9.918614e-01,-9.042081e-03,9.078462e-01,1.239142e-03,2.550642e+00,2.096987e+00,-5.485206e-03
2.219055e-05,8.336965e-01,-1.262807e-01,-3.849456e-02,2.130296e-03,-8.496184e-01,2.729685e-03,3.459121e-01,-5.624998e-01,-2.576714e-03
-2.844572e-03,6.488919e-01,7.147174e-01,-6.614279e-01,7.206450e-03,4.175713e-02,4.616551e-03,2.253346e+00,-2.095512e-01,3.561721e-03
3.513127e-04,-2.079546e-01,2.015895e-01,3.028235e-01,-2.708365e-03,-7.809373e-01,9.222903e-03,-4.803343e-01,-1.708665e-01,-2.327532e-04
1.518652e+00,7.230922e-01,-5.884108e-01,-3.260823e-02,-2.448325e-01,1.550414e+00,-1.379403e+00,8.334774e-01,1.983792e+00,-1.945274e+00
-7.739271e-01,2.886498e-01,-1.424293e+00,1.818464e+00,-3.063763e-01,-1.139452e+00,3.598437e-01,1.723306e-02,-7.882517e-01,-1.625661e-01
-2.491157e-03,-2.800236e+00,-1.278883e+00,-7.239361e-01,-1.116398e-03,5.937039e-01,2.495121e-03,-4.827633e-01,6.643027e-01,-7.101749e-05
-1.586947e-01,-3.375156e-01,2.315436e-01,-7.943121e-01,-6.223580e-01,-5.757460e-01,1.614331e-01,7.557044e-01,4.351826e-01,2.524792e-02
-8.108770e-01,8.625749e-01,4.144061e-02,1.127463e+00,1.158552e+00,7.538422e-01,-1.473044e+00,1.032085e+00,1.114391e-01,1.040279e+00
