1.369203e+00,9.096645e-01,-1.620493e+00,1.021702e+00,-2.844090e-01,5.870855e-01,9.071650e-02,-1.102258e+00,-9.649310e-01,1.774723e+00
1.517471e+00,-2.152825e-01,8.629476e-01,1.746771e-01,9.969924e-02,-3.917252e-01,-1.746620e+00,-2.109306e-02,6.251984e-01,4.885555e-01
1.602023e+00,-7.680993e-01,3.919163e-01,7.751534e-01,3.169045e-01,7.025941e-01,-1.269489e+00,1.021793e-01,1.279041e+00,5.902361e-01
1.099781e-03,-1.109040e-01,6.347707e-01,-1.191108e+00,2.776130e-03,1.010518e+00,-6.044467e-03,3.661373e-01,9.489616e-01,-4.220132e-03
4.623691e-03,-1.715684e+00,1.167784e+00,-1.295441e+00,4.031214e-03,3.467330e-03,8.669362e-03,7.193131e-01,4.281755e-01,3.373876e-03
3.045285e-03,3.335495e-01,-4.147554e-02,-9.156776e-01,5.484596e-04,-9.555377e-01,2.403155e-03,1.730136e+00,1.125570e+00,1.520517e-03
-1.105701e-03,8.323688e-01,-4.792707e-01,-1.110989e+00,-1.626761e-03,-3.435497e-01,7.626589e-03,6.338570e-01,1.584540e+00,-1.307536e-04
-9.751989e-01,4.519642e-01,4.625669e-01,2.144075e-01,3.863239e-01,1.728778e+00,-1.209933e-01,-7.537505e-01,9.605814e-02,1.904108e+00
-1.653817e-03,1.808724e-01,6.893918e-01,-4.073596e-01,-5.734629e-03,-1.163555e+00,7.796566e-03,-8.219130e-01,1.016251e+00,1.681234e-03
6.015404e-04,1.122530e+00,-2.761615e-01,1.801884e-01,-2.142830e-03,1.087649e+00,-7.042545e-04,9.733394e-01,1.305925e+00,-1.875863e-03
4.885378e-03,1.915048e-01,3.184025e-01,1.950414e-01,-2.062919e-03,3.770110e-01,1.128441e-02,-5.195765e-02,-5.675708e-01,-3.004995e-04
-2.298284e-03,5.945256e-01,8.158913e-01,-2.440799e+00,-1.259029e-02,-6.128838e-03,4.681294e-03,-9.416024e-01,-5.643199e-01,-2.454738e-03
3.403685e-03,-6.707394e-01,-2.477036e+00,-2.152533e-01,7.770784e-03,-9.640924e-01,-5.714168e-03,1.545475e+00,-2.680591e-01,5.044895e-03
1.492722e-03,-1.403317e+00,1.335330e+00,2.492223e-01,-3.775887e-03,1.632485e+00,3.745908e-03,-9.251652e-01,1.027025e+00,7.646166e-04
-8.701213e-03,-1.622415e+00,1.664452e-01,1.149128e+00,-3.231372e-03,-3.978363e-01,-1.178630e-02,-1.802889e+00,-3.990319e-01,-2.688395e-03
1.523099e+00,-4.117720e-01,-8.696869e-02,6.346495e-01,-2.471596e-01,-4.500407e-01,-1.370450e+00,-5.305429e-01,1.871910e-01,-1.948893e+00
-7.789722e-01,1.024219e-01,-2.766848e-01,3.573874e-01,-3.239979e-01,-3.652958e-01,3.434453e-01,-1.331563e+00,-6.704020e-01,-1.644684e-01
1.408793e-03,1.777371e+00,-1.409000e+00,1.139082e+00,4.783047e-05,3.937317e-01,-1.019428e-02,-1.994951e+00,-7.568211e-01,2.114332e-03
-1.573369e-01,-7.830814e-01,-2.328282e+00,-8.326227e-01,-6.173891e-01,1.516649e-01,1.675140e-01,-5.859719e-01,-3.325113e-01,2.114086e-02
-8.136587e-01,-2.434279e-01,-2.034087e+00,9.082022e-01,1.157289e+00,-8.527236e-01,-1.464492e+00,1.187627e+00,-2.223632e-01,1.042016e+00
