1.357842e+00,-1.292053e+00,-1.029952e-01,1.634521e-01,-2.787676e-01,9.925317e-02,9.713092e-02,6.075371e-01,6.136648e-01,1.778271e+00
1.529687e+00,1.273904e+00,-6.868353e-01,5.512732e-01,1.074531e-01,7.394144e-01,-1.752497e+00,2.330803e+00,-9.150858e-02,4.828604e-01
1.605879e+00,-1.506544e+00,-4.631896e-01,3.037443e-01,3.389422e-01,-1.922201e-01,-1.258966e+00,-1.631813e+00,-7.047325e-01,5.867455e-01
7.329134e-04,-4.472691e-01,7.411525e-01,-9.285099e-02,3.884103e-04,1.107155e+00,5.782071e-03,5.724353e-01,-9.368454e-01,-6.913167e-04
2.582503e-03,2.813182e-01,-2.568586e-01,-1.007659e-01,-3.422134e-03,-1.072757e+00,1.325598e-04,-2.005465e-01,8.108097e-01,6.769211e-04
-5.261126e-03,1.996983e-01,-1.276926e+00,1.024740e-01,-5.944082e-03,-4.441165e-01,1.677642e-02,3.493833e-01,1.699409e-01,-9.410930e-04
-3.174558e-03,-1.182855e+00,1.001927e+00,-1.162755e+00,-6.476469e-03,1.630722e+00,-7.573127e-03,-9.347045e-01,1.345465e+00,-4.782772e-04
-9.679432e-01,7.374109e-02,-1.203281e-01,-1.377270e+00,3.830400e-01,-4.541708e-01,-1.284437e-01,2.871091e-01,-2.414391e-01,1.905673e+00
-7.898103e-03,4.685583e-01,1.062276e+00,-4.610431e-01,5.658835e-03,2.283085e-01,6.576858e-03,3.131794e-01,1.535565e+00,2.897005e-03
1.837745e-03,1.098099e+00,5.478915e-01,2.072443e-01,1.095494e-03,2.624567e-01,-6.313789e-03,2.057653e-02,3.751622e-01,1.444631e-03
3.135668e-04,6.071241e-01,1.412273e-01,4.884972e-01,8.453533e-03,-1.445615e+00,3.150621e-03,2.475185e+00,-1.095546e-02,2.907640e-03
-1.698137e-03,1.192395e-01,-8.745707e-01,-7.704565e-01,-2.757152e-03,-1.847656e+00,4.935499e-03,-1.968751e-01,-1.038471e+00,-3.273668e-03
9.226305e-04,-9.567925e-01,3.151434e-01,3.101288e-01,-3.634168e-03,-1.466135e+00,5.212387e-03,1.046095e+00,6.935676e-01,9.073610e-04
3.253110e-03,8.636533e-01,9.464699e-01,-9.803069e-01,-3.041140e-03,1.435711e+00,-1.440433e-02,1.271137e+00,1.673714e-01,-3.796535e-04
-1.038967e-03,4.937463e-01,-2.570678e-01,3.478580e-01,-8.718089e-03,-6.127257e-01,6.815695e-03,-1.284916e-01,-3.869716e-01,9.539269e-04
1.519491e+00,4.736906e-01,4.755782e-01,1.206927e+00,-2.363021e-01,-8.349318e-01,-1.386783e+00,-1.413356e-01,3.739685e-01,-1.945816e+00
-7.835575e-01,2.304330e-01,1.316340e+00,7.147815e-01,-3.093860e-01,-2.540159e+00,3.469858e-01,-3.583760e-01,-4.438544e-02,-1.629723e-01
-1.555292e-03,6.960534e-02,-1.633656e-01,-7.836911e-01,1.165887e-02,-8.305510e-01,4.412875e-03,-1.471638e-01,-7.298620e-01,1.787984e-03
-1.623582e-01,1.487151e+00,-2.108093e-01,3.339993e-01,-6.271499e-01,-3.197974e-01,1.705457e-01,-8.240966e-02,-8.609369e-01,2.099898e-02
-8.154083e-01,-1.545797e+00,-1.210552e-01,-5.184161e-01,1.158919e+00,-7.799368e-01,-1.451660e+00,3.902256e-02,-1.350910e+00,1.037122e+00
