1.357730e+00,-3.422979e-01,2.615901e+00,-6.590104e-01,-2.889416e-01,-7.146216e-01,8.750395e-02,1.262943e+00,5.226667e-01,1.776595e+00
1.526030e+00,6.696315e-01,-5.649177e-01,-3.907363e-01,1.089515e-01,4.057416e-01,-1.743441e+00,-8.217785e-01,-6.570441e-02,4.863968e-01
1.598577e+00,-7.253143e-01,9.910939e-02,2.728232e-01,3.331167e-01,-3.149285e-01,-1.262542e+00,1.760013e-01,8.417449e-01,5.910927e-01
-4.767657e-03,2.907084e-01,5.430917e-01,2.642781e-01,8.858466e-03,7.675258e-01,1.540178e-03,1.518964e-01,-7.275877e-02,8.062302e-04
2.675064e-03,2.243463e-01,-2.978812e-01,7.137093e-01,-7.035321e-05,1.176790e-01,-1.229542e-03,5.485737e-01,5.571549e-01,3.555912e-03
-1.565690e-03,8.612932e-01,3.689372e-01,-6.526054e-02,-1.981628e-03,-4.909069e-02,-4.251516e-03,-5.861779e-01,-1.648745e+00,2.246544e-03
1.737092e-03,-9.478968e-01,-3.197686e-01,2.646869e+00,-4.913797e-03,-8.300904e-01,3.069189e-03,-6.306105e-02,8.063081e-02,-3.027772e-03
-9.763036e-01,1.066187e+00,-1.758016e-02,1.413107e+00,3.902195e-01,-7.272603e-02,-1.176718e-01,-8.228190e-01,-4.782903e-01,1.905882e+00
2.121114e-03,-1.694602e+00,2.862124e-01,1.408978e-01,-4.465705e-03,1.074138e-01,-2.051113e-03,-1.145452e-01,9.788766e-01,5.726588e-04
-2.677402e-03,-4.520090e-01,-6.774556e-01,-6.373878e-01,-1.702525e-03,1.498780e+00,-2.154757e-03,-8.297697e-01,-1.137707e+00,-8.718612e-04
7.715723e-04,-4.896741e-01,7.920353e-01,1.088875e+00,-2.100430e-03,3.021600e-02,5.691392e-03,2.537979e-01,-1.436583e-01,2.578464e-03
1.236407e-03,-4.126742e-01,-1.019265e+00,6.926549e-02,-5.580182e-03,-3.189468e-01,-4.772602e-03,-1.119781e-01,3.598024e-01,-1.432461e-03
1.851583e-03,1.032319e-01,-4.228375e-01,7.235175e-01,5.250071e-03,1.229931e+00,2.779770e-03,-1.733194e+00,-4.174133e-01,4.206915e-03
4.516858e-03,-2.175880e-01,1.011083e+00,1.287630e+00,-5.768187e-03,7.609542e-01,2.101604e-03,6.634213e-01,-8.621796e-03,1.671153e-03
1.823396e-03,1.301731e-01,4.844692e-01,6.146928e-01,2.958177e-03,-3.823762e-01,-1.549620e-02,7.142355e-01,5.415105e-01,-1.537672e-03
1.524597e+00,-1.574487e+00,-1.267930e+00,4.250000e-01,-2.480927e-01,-2.020128e+00,-1.392300e+00,1.724512e+00,5.435851e-01,-1.948845e+00
-7.800762e-01,-6.166642e-01,2.753111e-01,8.378522e-01,-3.080274e-01,6.244596e-01,3.554468e-01,-1.478973e-01,-4.548470e-01,-1.635055e-01
-5.001906e-04,7.111917e-01,1.020960e+00,8.824390e-01,3.234657e-03,1.134512e+00,-6.785270e-03,6.752804e-01,6.547568e-01,-2.935955e-03
-1.560965e-01,4.635293e-01,1.586077e-01,1.427899e-01,-6.243896e-01,8.824827e-01,1.691758e-01,-4.357901e-01,-6.678557e-01,2.419214e-02
-8.128320e-01,1.998975e+00,2.125961e-02,5.648701e-01,1.146111e+00,-4.824594e-01,-1.436029e+00,9.117670e-01,1.002145e+00,1.039100e+00
