1.360686e+00,7.128674e-01,9.252657e-02,-2.134923e-01,-2.871324e-01,-1.280600e+00,9.865953e-02,8.027142e-01,1.139363e+00,1.781222e+00
1.523520e+00,2.491177e-02,3.280450e-01,4.690098e-01,1.049703e-01,-6.753756e-01,-1.750426e+00,2.166951e-01,-7.995047e-01,4.868733e-01
1.601226e+00,-5.879802e-01,-1.446914e+00,-2.271649e-02,3.328028e-01,2.643193e-01,-1.279794e+00,1.856752e-01,1.831572e-01,5.925067e-01
1.557721e-03,-1.057529e+00,-1.234768e+00,-8.703250e-01,-1.819517e-03,2.943053e-01,-2.338826e-03,-8.632209e-01,-1.512434e+00,2.539056e-03
1.858302e-03,2.579503e-03,4.246952e-01,-8.787909e-01,-8.095535e-04,3.745463e-02,9.213870e-03,-7.232195e-01,-1.046319e-01,1.089145e-03
1.141433e-03,-2.078863e-01,-7.971735e-02,-3.321223e-01,4.260464e-03,-3.428257e-01,4.170348e-03,-1.610165e-01,5.131072e-01,-1.037767e-05
-2.383505e-03,-3.958788e-01,-1.714015e-01,4.853009e-01,2.394540e-03,-7.402242e-01,-1.802433e-03,-1.008179e+00,-1.495086e-01,-3.743682e-03
-9.689079e-01,-4.171085e-01,7.309853e-01,2.130415e-01,3.916097e-01,4.044623e-01,-1.118722e-01,-2.426165e-01,-5.206783e-02,1.901901e+00
6.233284e-03,-3.666127e-01,9.339121e-01,3.760433e-01,9.988568e-04,-4.262845e-01,1.036256e-02,3.607504e-01,-2.679698e-01,1.746841e-03
2.195133e-03,3.916593e-02,6.240151e-01,-2.767108e-01,7.231053e-03,5.323244e-01,3.135484e-03,-2.375211e-01,1.174990e+00,5.335254e-04
8.188131e-03,-3.786183e-01,-1.294687e+00,-6.196169e-01,4.769386e-03,6.405256e-01,1.583508e-03,-4.473697e-01,-8.924129e-02,3.334561e-03
-3.314393e-03,-2.301615e-02,9.138191e-01,5.464405e-01,-4.421767e-03,1.039636e-01,-3.859058e-03,1.808898e-01,-3.496777e-01,-1.209242e-03
1.446830e-03,-3.775569e-01,8.758806e-01,-7.267964e-01,8.096868e-03,4.337018e-01,5.367525e-03,-1.654307e+00,-9.866049e-01,2.721486e-03
1.356020e-03,-1.509932e-01,1.981533e-01,-9.073012e-02,6.851506e-03,6.476438e-01,1.115431e-03,-5.407561e-01,-4.493225e-01,9.930804e-04
-2.917994e-03,1.025283e+00,-3.883392e-01,-1.435349e+00,-6.135309e-03,7.351203e-01,5.733479e-04,-2.825537e-01,1.002231e+00,4.520637e-04
1.522391e+00,-9.569308e-01,1.153952e-01,4.692451e-01,-2.445783e-01,-5.885324e-01,-1.375057e+00,-7.983274e-01,3.637238e-02,-1.947232e+00
-7.796910e-01,4.658980e-01,-8.864312e-01,4.958679e-01,-3.067478e-01,-1.448116e-01,3.422536e-01,-1.786118e+00,-9.686039e-01,-1.582315e-01
-1.066638e-03,-4.285213e-01,6.531443e-02,-1.345389e+00,-2.002933e-03,7.198820e-01,1.535254e-02,-1.149107e+00,4.844599e-01,1.704730e-03
-1.586586e-01,1.999628e-01,-6.292211e-01,-3.298237e-02,-6.136434e-01,-6.835566e-01,1.636844e-01,1.078754e+00,8.459574e-01,3.119803e-02
-8.133343e-01,6.238345e-01,-7.035020e-01,-1.659049e-03,1.155198e+00,-1.656983e+00,-1.454390e+00,-1.383778e+00,2.681694e-01,1.037319e+00
