1.360657e+00,-9.138059e-01,-1.300194e+00,6.882973e-02,-2.902497e-01,5.122052e-01,8.923988e-02,-6.835567e-02,1.056749e+00,1.777654e+00
1.523463e+00,5.722045e-01,-8.889952e-01,6.029470e-01,1.095569e-01,8.505753e-01,-1.749541e+00,3.261172e-01,-1.062358e+00,4.884821e-01
1.601877e+00,7.913812e-01,4.138825e-01,1.635568e+00,3.283904e-01,8.040850e-02,-1.269903e+00,1.953576e+00,-2.207179e-01,5.918174e-01
1.045535e-03,-2.220287e-01,-1.294381e+00,4.825797e-02,4.589403e-04,-8.829451e-01,1.722614e-03,5.924428e-01,4.303265e-02,-1.359105e-03
7.650696e-03,8.401879e-01,-1.188561e-01,2.652798e-01,-2.306214e-03,-9.017653e-01,-8.360495e-04,-1.359184e-01,-9.314170e-01,3.612664e-03
-4.625982e-04,-1.788619e+00,5.337835e-01,5.004587e-01,6.408694e-04,1.215298e+00,-1.997787e-03,3.152002e-01,-2.912140e-01,-2.939609e-03
-1.827201e-03,3.669028e-01,1.658356e+00,-2.571790e-01,-3.225470e-04,3.858982e-01,6.888759e-03,5.689884e-01,-5.427767e-02,-1.004302e-03
-9.749475e-01,-2.701506e-01,1.161950e+00,3.448237e-01,3.810306e-01,-4.906552e-01,-1.158831e-01,-1.741856e+00,3.832956e-01,1.905722e+00
2.986802e-04,-1.672779e-01,4.925862e-01,-7.381808e-01,-2.544092e-03,-2.055686e-01,-5.423384e-03,-8.962234e-01,-6.122935e-02,1.394039e-03
-1.055503e-03,-1.668647e+00,8.438117e-01,-8.339471e-02,-9.945113e-05,-5.660978e-01,-1.098957e-03,2.944979e-02,-1.178079e-01,-3.232741e-03
-1.082746e-03,-8.051511e-01,4.627552e-01,-2.877351e-01,7.759933e-03,2.192136e-01,-5.645207e-04,-5.441056e-01,7.592911e-01,2.799175e-03
3.739031e-03,-1.136555e+00,1.547937e+00,9.516407e-02,-4.044234e-03,-8.969319e-01,1.499728e-03,-7.990833e-01,-1.622156e-03,9.343288e-05
3.182340e-03,6.717830e-01,8.623533e-01,-8.192188e-01,-2.582294e-03,6.343350e-01,-1.859874e-03,-4.602957e-01,9.866129e-01,4.249018e-03
7.624815e-04,2.953153e-01,7.711604e-01,7.777118e-01,2.303479e-03,7.933934e-01,-6.055925e-03,7.087425e-01,-5.105498e-01,-1.611873e-03
-6.687936e-04,-7.934837e-02,-9.164951e-01,-2.134825e-02,-1.912107e-03,-4.913527e-01,-5.479731e-03,2.670798e-01,2.888780e-01,-2.744561e-03
1.523527e+00,5.645064e-01,-2.988535e-01,-4.510924e-02,-2.473383e-01,-1.621636e+00,-1.374040e+00,1.529178e-01,6.299025e-01,-1.940398e+00
-7.887663e-01,-2.514583e-01,1.845948e+00,2.444235e-01,-3.181668e-01,7.692008e-01,3.446601e-01,-1.403006e+00,3.495710e-01,-1.646076e-01
-1.255670e-03,-3.812722e-02,-9.283609e-01,1.207648e+00,1.427499e-03,9.585053e-01,-9.640700e-03,1.027248e+00,1.382451e+00,1.181565e-03
-1.524262e-01,1.017008e+00,2.999755e-01,-1.286497e+00,-6.248249e-01,-2.952069e+00,1.692705e-01,7.127781e-01,-4.987907e-01,2.326667e-02
-8.201884e-01,4.488248e-02,-1.341145e-01,5.773444e-01,1.150196e+00,2.248898e-01,-1.453624e+00,1.890150e+00,6.730012e-01,1.037503e+00
