1.356818e+00,5.554344e-01,1.485207e+00,5.285505e-01,-2.794892e-01,1.194644e+00,8.980552e-02,6.581520e-01,-4.247527e-01,1.777432e+00
1.518882e+00,-1.223900e-01,8.552358e-01,7.096232e-01,1.083753e-01,-9.244245e-01,-1.745677e+00,1.218450e+00,-2.269890e-01,4.853763e-01
1.602046e+00,1.856281e-01,6.796507e-01,-5.741510e-01,3.260086e-01,-1.098682e-01,-1.266505e+00,-8.682324e-01,-6.548249e-01,5.883051e-01
3.506827e-03,9.878370e-01,-8.377321e-01,-5.712362e-01,-2.480287e-03,-1.779668e-01,-3.367219e-03,-1.568746e+00,3.253888e-01,3.985613e-03
6.074063e-03,-4.009976e-01,-2.082897e-01,-1.645771e+00,-3.628123e-03,-3.370123e-01,1.550209e-02,6.298819e-01,1.405964e-01,-2.122909e-03
-1.326490e-03,-6.225538e-01,-7.218726e-01,9.362337e-01,6.774581e-04,-6.154869e-02,2.481212e-03,1.254611e-01,-5.003353e-01,2.882660e-04
2.623514e-03,-1.712181e-01,-3.002088e-01,5.619334e-01,1.735933e-03,-1.613606e+00,-3.552123e-03,-5.826303e-01,6.824378e-02,-3.519336e-03
-9.776938e-01,-9.086016e-01,-6.484836e-01,-1.084943e+00,3.886352e-01,-2.813397e-02,-1.215825e-01,-7.685245e-01,2.571335e-01,1.899536e+00
3.458435e-03,1.181026e+00,3.766306e-01,-4.484718e-01,2.607502e-03,-7.307332e-01,1.813176e-03,-2.440293e-01,3.551152e-01,2.775308e-03
-5.176526e-03,3.147656e-01,-3.437469e-01,-7.781293e-01,-1.288524e-03,-6.366290e-01,-7.196161e-03,-2.121501e-01,-9.328315e-01,-5.582125e-04
-3.918110e-04,-8.165921e-01,-9.293519e-01,6.759644e-01,2.873091e-03,9.344037e-01,4.137581e-03,8.007106e-01,-6.839793e-01,-2.230541e-03
-4.488265e-03,3.285119e-01,4.881383e-01,1.610519e-01,-4.160580e-03,-1.270470e+00,9.886609e-03,1.094759e+00,-6.349001e-01,5.253275e-04
-1.070722e-03,-7.740696e-01,1.938092e-01,-4.505448e-01,4.351517e-03,1.623775e-01,5.124040e-03,-1.111412e-01,4.441297e-01,2.064463e-03
9.567459e-03,1.301809e+00,3.708518e-01,9.092864e-01,-4.470601e-03,-1.034074e-01,2.147511e-03,-1.053399e-01,-2.714784e-01,4.981012e-03
-5.822848e-04,-9.371809e-01,1.037986e-01,5.785722e-01,-8.977945e-04,-2.465238e-01,-9.298629e-03,1.069495e+00,-8.582477e-01,-2.581383e-03
1.519242e+00,-1.160504e+00,-6.671843e-01,-6.021694e-03,-2.406434e-01,-1.092666e+00,-1.391840e+00,6.060931e-01,3.004333e-01,-1.945072e+00
-7.790337e-01,-6.679140e-01,9.095507e-01,6.494176e-01,-3.111336e-01,1.974185e-01,3.565811e-01,9.033541e-01,-1.463797e-01,-1.634309e-01
2.788423e-03,3.214493e-01,-4.072572e-01,-3.061363e-01,1.127451e-03,6.881851e-02,7.555630e-03,-6.020714e-01,-1.415287e+00,-6.037089e-04
-1.554148e-01,-2.723150e-01,-2.310287e-01,-5.938146e-02,-6.259328e-01,-3.308087e-01,1.505385e-01,-1.107559e+00,7.835687e-01,2.839468e-02
-8.203070e-01,5.037857e-02,4.552134e-01,4.326421e-01,1.151068e+00,1.152983e+00,-1.462750e+00,-1.664779e-01,-4.257984e-01,1.040070e+00
