1.357542e+00,-1.306635e+00,1.663699e-01,6.396114e-01,-2.893243e-01,1.911837e-01,1.020807e-01,3.647382e-01,-1.668971e-01,1.777983e+00
1.521215e+00,-2.449783e+00,1.660165e-01,-5.574200e-01,1.093639e-01,-2.547817e-01,-1.730538e+00,-6.271855e-01,-5.398697e-01,4.942185e-01
1.603617e+00,2.539188e+00,-4.102112e-01,5.787141e-01,3.258696e-01,9.426917e-01,-1.276313e+00,-6.845058e-01,6.190621e-02,5.903246e-01
8.914090e-03,7.663313e-01,-1.728476e-01,-1.717148e+00,4.166257e-03,-1.392886e+00,-8.105882e-03,4.335252e-01,-2.936096e-01,-1.574762e-03
1.871889e-03,-2.198915e-01,1.110614e+00,-7.193499e-01,-8.659307e-04,1.524599e+00,2.062084e-03,9.595122e-01,5.604754e-01,-1.013155e-03
-2.712798e-03,3.905135e-01,-3.118155e-01,-1.190212e-01,-9.233701e-04,1.039613e+00,1.227457e-02,-6.019767e-01,9.031946e-01,-1.180297e-03
2.594122e-03,7.142907e-01,1.630952e-01,3.113279e-02,-3.267676e-03,5.945936e-01,1.077945e-03,-2.002302e+00,-1.279621e+00,-1.022048e-03
-9.788192e-01,1.815881e+00,-3.081584e-01,-1.201779e-01,3.783414e-01,-2.057339e+00,-1.240708e-01,3.252603e-01,-8.295318e-01,1.904663e+00
6.209300e-04,-8.481366e-01,4.288965e-01,-1.174490e+00,5.881624e-03,6.698913e-01,-6.177789e-03,-6.224644e-01,-1.151624e+00,3.470981e-03
-3.906961e-03,1.181659e+00,6.960472e-01,1.611672e+00,-2.350807e-03,1.075719e+00,-9.981370e-04,2.028469e+00,2.950479e-01,1.869416e-03
7.311315e-04,-4.963343e-01,-3.299255e-01,2.332669e-01,2.660644e-04,-5.086750e-01,-2.090281e-03,-4.973180e-01,5.105336e-01,3.076096e-03
2.808017e-03,8.694215e-01,6.897377e-01,-1.423175e+00,5.881260e-03,-3.690921e-01,6.649232e-04,1.350182e+00,2.370403e+00,-3.572258e-03
4.972031e-04,1.287531e+00,6.727608e-01,-7.188366e-01,1.413523e-03,-1.786293e-02,-1.045699e-03,1.325199e+00,-1.660182e+00,4.361782e-03
-1.901126e-04,-1.072974e+00,2.779192e-01,2.073809e-01,8.130171e-04,-1.167386e-01,-2.212630e-03,-2.218866e-01,-2.042782e-01,-5.423671e-04
-6.808112e-03,1.124257e+00,-5.800674e-01,-6.423192e-01,-2.011738e-03,-2.541262e-01,-2.315105e-03,1.336457e-01,1.238508e+00,-2.244406e-03
1.527341e+00,1.482933e-03,1.895417e+00,-1.415675e+00,-2.424281e-01,3.157723e-01,-1.390560e+00,-3.374229e-01,1.461519e+00,-1.945220e+00
-7.767979e-01,-7.672656e-01,4.267363e-01,7.274418e-01,-3.221070e-01,-2.023549e-01,3.361070e-01,2.798556e-01,3.247242e-01,-1.638705e-01
-1.348672e-03,1.479252e-01,2.535923e-02,1.191524e-01,-6.969319e-04,6.904048e-01,1.106632e-02,-7.200804e-01,-2.781912e-01,1.142061e-03
-1.602070e-01,-9.127919e-01,-2.390402e+00,-4.387094e-02,-6.247388e-01,3.732113e-01,1.663017e-01,1.725522e-01,1.185220e+00,2.680155e-02
-8.168318e-01,-3.162400e-01,1.180558e+00,7.286380e-01,1.166192e+00,-7.700387e-02,-1.480038e+00,2.014571e-01,-1.281371e-01,1.039484e+00
