1.372231e+00,-2.758097e-01,1.802101e-01,-4.510553e-01,-2.827936e-01,2.737946e-01,9.054551e-02,-2.011419e+00,2.748998e-02,1.779281e+00
1.521778e+00,1.731268e+00,6.235699e-01,1.373646e+00,1.076655e-01,-3.089538e-01,-1.733265e+00,2.957626e-01,-3.241771e-01,4.807954e-01
1.604467e+00,-7.038019e-01,-3.665946e-01,6.844334e-01,3.361821e-01,3.882243e-01,-1.261170e+00,-1.284345e-01,4.187488e-01,5.882124e-01
5.438590e-03,1.620838e-01,-7.718573e-02,9.078716e-01,-3.849266e-03,-1.448641e+00,1.045354e-02,-5.994847e-01,3.096282e-02,1.546349e-03
7.460022e-04,3.579276e-01,8.937302e-01,-3.947697e-01,2.284272e-03,-5.085495e-01,7.605328e-03,-1.016663e+00,-1.521179e-01,-6.383840e-05
-2.358661e-03,-6.103863e-01,2.117150e+00,6.710006e-01,-3.172056e-03,-3.179539e-01,-8.995079e-03,-9.622873e-02,4.468784e-01,1.923539e-04
-5.354881e-04,3.744318e-01,9.673115e-01,-4.920959e-01,6.056865e-03,-1.745308e+00,4.597573e-03,2.512335e-01,-5.954801e-02,-9.588564e-04
-9.715912e-01,-1.186356e+00,1.360253e+00,7.705203e-01,3.833366e-01,-1.610024e+00,-1.058769e-01,-1.171042e+00,-1.384844e+00,1.903524e+00
-7.220145e-03,8.585671e-01,-7.946082e-01,3.724503e-01,2.654421e-03,-8.573705e-01,8.948860e-03,-9.624331e-01,-7.634596e-01,6.475735e-03
-1.323989e-03,-8.900344e-01,5.400863e-01,-1.228376e+00,-1.552698e-03,-5.005814e-01,7.658597e-03,5.994200e-01,1.438039e-01,-1.624771e-03
3.759635e-04,-8.310340e-02,1.660552e+00,7.947056e-01,-8.414936e-05,5.449361e-01,-1.246021e-02,-1.345298e-01,-8.270666e-02,4.487357e-03
-4.117136e-03,-3.560723e-01,1.053226e+00,1.253602e+00,-9.530316e-04,-3.425210e-01,5.326998e-03,2.467071e-02,7.862307e-01,-2.552017e-03
5.553293e-03,1.006535e+00,-1.049178e+00,4.514007e-01,4.693403e-03,-1.585736e-01,-7.354194e-03,-2.147898e-01,1.669481e+00,3.815433e-03
1.811153e-03,-1.927978e-01,2.431106e-01,3.977998e-02,-2.425711e-03,-8.725928e-01,1.320853e-03,5.114373e-01,-6.141077e-01,1.436744e-03
-3.923583e-03,6.992052e-01,2.829607e-01,-1.115642e+00,1.570912e-03,-8.979921e-01,-7.978777e-03,4.618093e-01,-1.548822e+00,-9.053487e-04
1.528684e+00,-9.450592e-01,-1.021046e+00,-2.030265e-01,-2.431831e-01,1.060636e+00,-1.392143e+00,3.773229e-01,1.728551e+00,-1.946074e+00
-7.796564e-01,3.085227e-01,1.452664e-01,1.180201e+00,-2.999112e-01,-4.357834e-01,3.541721e-01,3.379529e-01,9.681585e-01,-1.633911e-01
-2.332456e-03,-2.531643e-02,-9.303320e-01,7.372975e-02,5.642323e-03,5.499127e-02,1.497399e-03,6.332870e-03,2.626395e-03,4.652971e-04
-1.650646e-01,5.941783e-01,-1.011788e+00,6.176421e-01,-6.242963e-01,1.646447e-02,1.690048e-01,1.592003e+00,-4.686737e-01,2.616118e-02
-8.228333e-01,-2.003650e-02,8.246869e-01,-3.997364e-01,1.149715e+00,1.924910e-01,-1.447948e+00,-5.804662e-01,6.665673e-01,1.039058e+00
