1.366129e+00,3.665338e-01,1.506364e-01,9.115726e-02,-2.911149e-01,1.167196e+00,9.754196e-02,3.592848e-01,-7.367328e-01,1.777636e+00
1.525916e+00,2.633422e-01,-9.335997e-01,1.750331e+00,1.064842e-01,-1.256473e+00,-1.746999e+00,2.139050e+00,-1.955857e-01,4.812584e-01
1.602352e+00,-1.348248e+00,2.008071e-01,-7.691518e-01,3.187106e-01,7.511997e-01,-1.272656e+00,3.243035e-01,-8.187235e-01,5.889845e-01
-2.396845e-03,-4.055775e-01,-5.998198e-01,-1.290555e-01,-1.730599e-03,4.689584e-02,-1.280266e-03,6.939610e-01,2.000432e-01,-2.735287e-06
-1.177173e-03,4.402158e-01,1.161480e-01,1.118562e+00,3.759353e-03,5.535906e-01,-1.963651e-03,-6.679366e-01,-7.685083e-01,-9.372846e-04
4.046653e-03,-6.693136e-01,4.949265e-01,1.288585e+00,-7.310964e-03,3.409935e-01,-1.751905e-03,2.441972e-01,-1.495128e-02,9.147062e-04
1.658365e-03,-1.588222e-01,1.105808e-01,8.917176e-01,-6.929512e-03,4.146463e-02,-4.505105e-03,-9.459511e-01,4.932398e-01,1.765926e-04
-9.685078e-01,-1.726949e-01,6.842688e-01,6.371072e-02,3.826009e-01,2.644142e-01,-1.204525e-01,9.960475e-01,1.061771e+00,1.905519e+00
-3.256148e-03,1.237467e+00,-4.044203e-01,7.963119e-01,2.297529e-03,-4.565916e-01,-2.865499e-04,5.549169e-01,3.379441e-01,3.100031e-03
-4.905086e-03,-1.515958e-01,2.634652e-01,-5.714362e-01,-5.771484e-03,6.546892e-01,1.751185e-03,-9.657560e-02,1.942150e+00,-2.310739e-03
-4.760082e-03,1.282280e+00,-7.354341e-01,-1.162328e+00,1.117022e-02,-1.206911e+00,2.806391e-03,-6.841908e-01,-5.332013e-01,2.776808e-03
-4.962525e-04,-3.378491e-01,1.771386e+00,-2.073323e-01,1.446017e-03,-7.876858e-02,5.693998e-03,9.035364e-01,-2.790935e-01,-2.539732e-03
4.790547e-03,2.334643e-01,2.502045e-02,-4.056135e-01,-1.323357e-03,6.193942e-02,9.587355e-03,1.134454e-02,-6.003497e-01,-1.261404e-03
-8.587263e-03,-9.352704e-01,-1.070696e-01,-2.024773e+00,2.245343e-03,-1.146767e+00,-7.254951e-03,1.503215e+00,1.264677e+00,4.589187e-03
-4.724297e-03,-2.762492e-01,-3.546956e-02,1.504579e+00,-2.608997e-03,-9.393306e-01,4.257686e-03,-3.140065e-01,-3.124130e-01,-1.738080e-03
1.526178e+00,9.800331e-02,-3.105303e-01,7.473126e-02,-2.414253e-01,1.556199e+00,-1.382218e+00,6.477149e-01,-9.208234e-01,-1.940230e+00
-7.728507e-01,-5.244203e-02,-9.292240e-02,1.664320e-01,-3.101472e-01,-2.319445e-01,3.463259e-01,6.987736e-01,-5.942417e-01,-1.644024e-01
-5.015396e-03,-3.627563e-01,1.148909e+00,-3.922248e-02,9.785791e-04,1.685629e-01,-1.310244e-03,6.196745e-01,2.360131e-01,-1.886508e-03
-1.593273e-01,7.774067e-01,3.431722e-01,-8.512947e-01,-6.192816e-01,-1.477008e-01,1.749761e-01,-4.448695e-01,-2.105462e+00,2.549044e-02
-8.139906e-01,-3.963435e-01,2.551814e+00,8.591398e-01,1.150339e+00,-9.090988e-01,-1.459141e+00,-2.285248e-01,-1.250417e+00,1.039268e+00
