1.367617e+00,1.033060e-01,7.028813e-02,7.702519e-01,-2.853985e-01,-4.695394e-01,9.786747e-02,-3.769832e-02,1.460645e+00,1.776231e+00
1.522854e+00,3.636570e-01,-6.547956e-03,-1.305066e+00,1.067201e-01,1.259772e+00,-1.758030e+00,-2.186600e-01,-1.121424e+00,4.931460e-01
1.599995e+00,-6.358544e-01,1.619353e+00,-9.426377e-02,3.224916e-01,8.225194e-01,-1.268531e+00,-1.264238e+00,9.177605e-01,5.913534e-01
-6.874247e-04,-6.991724e-01,7.524819e-02,-1.107577e+00,-2.480536e-04,-9.786916e-01,-4.221758e-03,1.482362e+00,-5.836628e-01,-2.336676e-03
-2.576799e-04,-3.956430e-01,-9.387146e-01,4.872985e-01,1.671945e-03,5.688943e-01,-5.630342e-03,1.137445e+00,-4.231323e-01,-1.509195e-03
1.321907e-03,-4.216457e-01,-9.412846e-01,1.564430e-01,6.262938e-03,2.472821e-02,4.303362e-03,-5.732792e-01,2.135304e-01,-1.773893e-03
-1.410387e-03,1.359705e+00,-2.837610e-01,6.803868e-01,-1.203842e-03,7.753171e-01,-4.698572e-03,-9.456357e-02,-3.034663e-01,-5.674356e-04
-9.720029e-01,8.611254e-02,4.005710e-01,4.430338e-01,3.829771e-01,3.591853e-01,-1.156013e-01,-1.315084e+00,8.233216e-01,1.906916e+00
-5.165050e-03,-1.094804e+00,6.063845e-01,1.297449e-01,-1.294143e-03,-1.187084e+00,2.635285e-03,-6.062530e-01,1.210709e+00,2.325219e-03
-3.953680e-03,3.437238e-01,5.746588e-02,-8.130222e-03,1.925482e-03,-4.937467e-01,1.023326e-02,-2.285375e-01,-1.279725e-01,-4.040528e-04
-1.019142e-04,1.489636e+00,1.744614e-01,-5.963902e-01,3.398087e-03,-2.886657e-01,2.314066e-03,1.322448e+00,6.718750e-01,-1.558783e-03
-1.484272e-03,-6.492549e-01,-1.672533e-01,1.481024e+00,-8.931032e-03,-9.297061e-01,-2.466822e-03,1.206649e+00,1.535144e-01,-5.033373e-03
-3.593975e-04,2.192837e-01,7.943623e-01,-3.675128e-01,1.714361e-03,2.271733e-01,-9.172111e-04,-4.659968e-02,-8.023541e-01,6.095331e-03
-6.448392e-04,-1.445324e+00,-8.178565e-01,1.211952e+00,7.292084e-03,1.137926e+00,4.925044e-03,4.033402e-01,7.559536e-01,5.746163e-03
-4.368023e-03,-8.056302e-01,4.475748e-01,1.044853e+00,1.838159e-04,-9.852063e-01,-3.131463e-03,-8.606235e-01,1.346769e+00,-2.059856e-03
1.523680e+00,-7.832913e-01,8.206435e-01,-3.703636e-01,-2.379764e-01,-3.715479e-01,-1.382726e+00,4.690603e-01,-9.248080e-02,-1.946828e+00
-7.793172e-01,-5.091174e-01,2.614537e-01,-4.868726e-01,-3.134097e-01,-1.485973e+00,3.459880e-01,2.265474e-01,-9.923915e-01,-1.626864e-01
-4.882487e-03,5.219576e-01,-1.461670e+00,-3.405997e-01,-8.652656e-03,5.563354e-01,-4.357663e-03,1.574464e+00,-2.827981e-01,-1.416140e-03
-1.631539e-01,-5.949503e-01,-8.430371e-01,-4.505264e-01,-6.231404e-01,3.078932e-01,1.669555e-01,-7.175203e-01,-1.324020e+00,2.794545e-02
-8.133905e-01,3.150397e-01,1.420915e+00,1.112837e+00,1.155570e+00,1.071197e+00,-1.470006e+00,1.326210e+00,1.330955e+00,1.036516e+00
