1.367491e+00,1.070355e+00,1.515822e+00,-7.403323e-01,-2.785832e-01,8.331166e-01,9.595443e-02,-6.755388e-01,1.113702e+00,1.777305e+00
1.523967e+00,-7.813701e-01,-1.862451e-01,8.619624e-02,1.043135e-01,-1.503707e+00,-1.755160e+00,-7.941547e-01,1.276552e-02,4.886570e-01
1.602912e+00,-1.960837e-01,-3.561649e-01,4.810097e-01,3.228091e-01,-1.710121e+00,-1.278480e+00,7.558139e-01,1.612513e+00,5.918647e-01
3.234236e-03,-5.075815e-01,-2.203506e-01,1.014143e+00,-5.729262e-03,-7.940179e-01,9.692729e-04,4.524572e-02,-9.560479e-01,2.083250e-03
2.839117e-03,-7.362328e-01,-1.257649e+00,-3.173167e-01,1.408797e-03,5.935280e-01,1.377562e-02,1.791802e+00,-2.919913e-01,4.137230e-03
5.827217e-03,1.264031e+00,9.439150e-01,7.269242e-01,-4.645453e-03,-1.234685e-01,-1.139936e-02,5.085882e-01,-2.057851e-01,1.568374e-03
-4.882346e-03,-1.333740e+00,-6.138507e-01,1.512706e+00,-4.742499e-03,-9.734052e-01,1.331935e-03,3.144966e-01,1.000043e+00,-7.690012e-04
-9.736554e-01,9.259334e-01,4.265476e-01,-6.837622e-01,3.822749e-01,8.911185e-01,-1.205475e-01,-1.250677e+00,-9.693658e-01,1.909116e+00
-9.046174e-04,4.014299e-01,1.080021e+00,-9.179859e-01,4.541587e-03,2.650576e-01,-5.180940e-03,1.000212e+00,4.258369e-01,3.597644e-03
8.095751e-04,8.444437e-01,-4.730897e-01,4.009204e-01,-1.862113e-03,1.947539e-01,-8.629007e-03,5.637959e-01,-8.297833e-01,-1.668993e-03
3.706650e-03,4.855798e-01,-3.207842e-01,9.835346e-01,1.554676e-03,-1.981933e-01,-1.613856e-02,-2.040574e-01,-3.458205e-01,1.083548e-03
2.976101e-03,-1.427480e+00,4.802791e-01,9.190537e-01,1.636994e-05,-4.298458e-01,-3.452735e-03,-2.837201e-01,1.143425e+00,4.819640e-05
-4.097009e-03,-2.060118e-01,-1.662363e+00,-4.669512e-02,9.373675e-04,8.402654e-01,1.194259e-02,1.837345e-01,1.510931e+00,-4.794880e-04
2.494128e-03,5.851106e-01,-9.546509e-02,-8.559690e-01,1.726833e-03,1.156190e+00,1.355423e-02,-7.487778e-01,-1.142513e+00,-3.210780e-04
9.783513e-04,-4.547072e-01,-4.350724e-01,-9.179959e-01,-5.612613e-03,3.469553e-01,6.333647e-04,-4.375168e-03,-5.961833e-01,-1.877136e-03
1.516951e+00,-1.775795e+00,1.320648e+00,-1.713840e+00,-2.475892e-01,-3.094138e-01,-1.395983e+00,-4.398143e-01,-8.383714e-01,-1.945190e+00
-7.821994e-01,-1.244619e+00,2.387076e+00,-1.169453e+00,-3.179165e-01,2.931653e-01,3.496730e-01,9.824511e-01,2.266940e-01,-1.647677e-01
-3.141068e-03,-9.931021e-01,-1.183508e+00,9.119945e-01,9.729431e-03,5.872266e-01,-1.451011e-02,8.304918e-01,-8.086271e-01,-3.581735e-03
-1.624367e-01,-7.667578e-01,-6.921820e-03,4.712663e-01,-6.169186e-01,1.578335e-01,1.627841e-01,-1.128014e+00,7.116330e-01,2.430908e-02
-8.200017e-01,1.696558e+00,-4.403337e-01,-1.581610e-01,1.156472e+00,6.383750e-01,-1.450285e+00,-3.065623e-01,-7.001862e-01,1.039149e+00
