1.357349e+00,6.386427e-02,-9.939261e-01,1.343234e+00,-2.865815e-01,-4.381766e-01,9.335014e-02,-4.509104e-02,3.840294e-01,1.780582e+00
1.526516e+00,-3.662666e-02,-6.294251e-01,1.184797e+00,1.036453e-01,7.008168e-01,-1.754179e+00,-3.911908e-01,-2.025979e-01,4.873115e-01
1.596662e+00,-8.997617e-02,8.367543e-01,-1.118139e+00,3.342028e-01,8.093305e-01,-1.270784e+00,1.135592e+00,2.337299e-01,5.914896e-01
1.181781e-03,6.649729e-01,-5.240432e-01,-9.724187e-01,-4.998559e-03,8.762800e-01,-1.649504e-03,-2.020488e-01,5.003309e-01,-3.513222e-04
-3.768297e-03,-8.634155e-01,-1.449890e+00,1.545712e+00,-6.097988e-03,4.531321e-01,3.730307e-03,9.409592e-01,-9.588458e-01,2.550101e-03
-2.452173e-04,-1.545453e+00,-1.422259e+00,-8.131938e-02,-2.328112e-03,1.731126e+00,-3.727025e-03,1.510399e-01,-2.501993e-01,-2.810405e-04
-1.587703e-03,2.282774e-01,-3.211805e-01,4.045217e-01,-3.523553e-03,-2.780446e-01,2.107917e-03,-6.953451e-01,-7.696402e-01,-1.819445e-03
-9.782480e-01,-3.973342e-01,-1.364902e+00,4.010382e-01,3.914451e-01,1.059609e+00,-1.148590e-01,-1.204478e-01,-6.086081e-02,1.901421e+00
-2.211258e-03,-1.753327e+00,4.658463e-01,1.741556e+00,4.257086e-03,3.201347e-01,1.106555e-03,6.387107e-01,-2.152418e-01,4.508400e-03
2.738273e-03,-9.985826e-01,8.546590e-01,1.124601e+00,4.850485e-03,-8.641719e-01,9.569576e-04,-1.452983e-01,-7.578720e-01,3.192408e-03
1.807280e-03,3.220315e-01,-5.628033e-01,-9.682079e-02,9.886980e-04,1.402027e+00,1.914839e-03,7.286448e-02,-1.550819e+00,6.297906e-04
-6.320060e-04,1.012253e+00,1.955268e-01,1.128394e-01,-1.283390e-02,-1.023009e+00,-6.665080e-03,-1.219890e-01,-1.050897e+00,-3.210481e-03
5.029786e-03,1.472136e+00,-1.088487e+00,1.089265e+00,2.024018e-03,-5.397082e-01,2.136245e-04,4.181459e-01,-1.009218e+00,5.172771e-03
3.371913e-03,-9.715011e-02,1.805025e+00,1.576369e+00,-1.429557e-03,1.034531e+00,-4.978233e-03,-5.032013e-01,-1.190902e-01,-1.446204e-03
1.041913e-03,-3.061489e-01,2.695202e-01,7.645865e-01,-6.208107e-03,2.482707e-02,-6.698769e-03,1.448790e+00,1.775034e+00,6.210878e-04
1.520587e+00,1.504422e-01,3.394549e-01,-5.558729e-01,-2.332239e-01,-1.818570e+00,-1.382065e+00,5.601083e-01,-3.103187e-01,-1.946127e+00
-7.818745e-01,7.826004e-01,1.253574e+00,1.327545e+00,-3.092775e-01,-1.352430e+00,3.617057e-01,1.268032e+00,3.668694e-01,-1.635608e-01
-6.799849e-03,-2.182879e-01,3.942428e-01,2.419644e-02,2.255003e-03,-4.471839e-01,3.236238e-03,-9.017567e-01,2.792482e-01,1.169709e-04
-1.586383e-01,1.835406e+00,-6.536930e-01,-2.827786e-01,-6.208937e-01,8.998346e-01,1.681807e-01,-3.415436e-01,3.714442e-01,2.605644e-02
-8.140410e-01,4.514693e-01,1.736231e+00,1.320132e+00,1.156004e+00,4.051972e-01,-1.451577e+00,-2.846589e+00,2.733928e-01,1.042731e+00
