1.367772e+00,4.487072e-01,-3.549256e-01,-1.742435e+00,-2.866648e-01,-1.020227e-01,8.636349e-02,-1.609821e+00,1.298660e+00,1.775874e+00
1.526261e+00,-5.459395e-01,5.130217e-01,-1.262492e+00,1.079951e-01,-1.083546e+00,-1.739687e+00,3.498489e-01,-6.915837e-01,4.880778e-01
1.598724e+00,-2.551812e-01,-8.667816e-01,4.607542e-01,3.241059e-01,9.221214e-01,-1.254688e+00,7.021703e-01,-3.668054e-01,5.932895e-01
2.220083e-03,2.024084e-01,-6.193621e-01,-1.075961e-01,-1.472486e-03,-1.978201e+00,9.140771e-03,1.280097e+00,-5.232515e-01,4.016312e-04
-8.578098e-04,-1.612433e+00,-1.512980e-01,-3.563971e-01,-9.127908e-04,-1.458946e-01,-6.626731e-04,-4.683025e-01,-2.753692e-01,-2.884686e-04
1.516690e-03,1.018176e-01,-1.126408e+00,-9.450833e-01,5.125175e-04,-1.979234e-01,-1.978324e-03,3.762811e-01,8.421743e-01,-4.017795e-05
2.636697e-04,7.409637e-02,-1.275928e-01,2.501668e-01,-3.998544e-03,1.155529e+00,-3.216292e-03,-5.884089e-01,7.963169e-01,-4.538125e-04
-9.737858e-01,-9.323790e-02,5.514771e-01,-5.039862e-01,3.803218e-01,1.836984e+00,-1.227405e-01,-1.947171e+00,-9.896595e-01,1.905691e+00
-2.349395e-03,-3.338235e-01,-8.173976e-01,-7.635613e-01,2.771888e-04,8.063637e-01,-2.303399e-03,1.014575e+00,8.481058e-01,-3.236154e-03
2.386762e-03,1.577436e+00,9.025466e-01,1.195457e+00,1.441382e-03,-1.603522e+00,-1.168625e-02,-1.747323e+00,-4.795306e-02,-3.257704e-03
-1.606700e-03,-9.669333e-01,-8.127524e-01,-4.006024e-01,-7.677286e-03,1.166800e+00,3.196831e-03,-2.416785e-01,-5.951941e-01,3.673924e-03
-7.757638e-03,4.147299e-01,-2.638810e+00,-1.012180e+00,-5.108857e-03,-1.770129e+00,1.381591e-02,-1.770931e-01,-1.304731e+00,-3.760029e-03
1.005340e-02,-6.342372e-01,1.376312e+00,-3.316937e-01,6.406422e-03,4.248820e-02,1.348667e-02,-6.662403e-01,1.093785e-01,3.277680e-03
6.793228e-03,-5.981999e-01,-3.633722e-01,3.506313e-01,-1.382708e-03,2.882795e-01,4.649866e-04,-1.186285e+00,2.780346e-01,1.151329e-04
3.607129e-03,-6.428525e-02,-1.558677e-01,-1.264421e+00,9.692482e-04,-2.985450e-01,-1.604938e-03,4.491387e-01,3.167923e-02,-1.843530e-03
1.522772e+00,-1.293949e+00,2.681236e-01,5.193280e-01,-2.509676e-01,-2.419561e-01,-1.390578e+00,1.589072e+00,8.479017e-01,-1.946997e+00
-7.784368e-01,1.077431e+00,2.043666e-01,2.220090e-01,-3.095010e-01,1.139012e-01,3.485266e-01,5.968186e-01,-8.789888e-01,-1.621502e-01
5.109159e-05,1.136222e+00,-9.501189e-01,1.652560e+00,-8.281622e-04,9.164992e-01,-1.555059e-02,7.720305e-01,-9.325629e-02,2.384698e-03
-1.594805e-01,8.366015e-01,-2.908346e-01,5.685958e-01,-6.213309e-01,-1.915860e+00,1.859267e-01,-1.743945e-01,-1.503558e-01,2.281299e-02
-8.194008e-01,5.032983e-01,-6.304425e-01,-4.261235e-01,1.155274e+00,-2.613102e-01,-1.470391e+00,9.499711e-01,-1.052521e+00,1.037539e+00
