1.370402e+00,-9.921440e-01,-1.012229e+00,1.820978e-01,-2.868539e-01,2.081363e-01,9.803371e-02,1.776185e-01,1.546733e-01,1.777107e+00
1.522141e+00,-7.551044e-01,3.881973e-01,5.168628e-01,1.027203e-01,2.007922e-02,-1.745383e+00,1.670507e+00,5.992122e-02,4.871448e-01
1.595470e+00,1.507722e+00,6.063821e-01,6.712054e-01,3.243424e-01,-4.030836e-01,-1.259803e+00,-6.991532e-01,7.524081e-01,5.899157e-01
-5.240785e-03,-2.942061e-01,2.738582e-01,3.113524e-01,-3.399787e-03,5.181939e-01,6.023552e-03,-1.104299e+00,1.411492e-01,1.525926e-03
3.334233e-04,-6.582364e-01,3.723868e-01,-6.395879e-01,4.895025e-03,8.755674e-01,8.726982e-03,2.562010e-01,2.699547e-01,-1.823150e-03
-6.929769e-04,-6.387590e-01,-1.682951e-02,-6.620069e-01,2.262568e-03,-4.844840e-01,5.615225e-03,-3.974455e-01,-1.956663e+00,-3.120583e-03
-7.871359e-03,1.273025e+00,6.986495e-01,-7.259209e-01,-4.793126e-03,-1.579818e+00,-3.484176e-03,-2.162937e-01,-1.095085e-01,-1.473903e-03
-9.751352e-01,2.303806e-01,-1.263184e-01,1.520718e+00,3.915579e-01,5.622404e-01,-1.223619e-01,4.518133e-01,3.551064e-01,1.905098e+00
3.523587e-03,-7.838404e-01,5.197517e-01,-3.150606e-01,4.960986e-03,-7.908187e-01,-3.278550e-03,-1.233452e-01,1.291048e+00,-2.332333e-03
1.349921e-03,-1.259827e+00,-1.342109e+00,-1.674414e-01,3.788676e-04,9.012253e-01,-2.438852e-03,-1.221848e+00,1.130438e-02,-3.458445e-03
8.164371e-04,5.412915e-01,1.806832e+00,8.270112e-01,-2.189942e-03,1.744719e-01,1.071767e-02,1.526268e-01,1.386210e-01,2.562033e-03
-4.037546e-03,-7.416809e-01,-5.522639e-01,-2.957742e-01,-1.230036e-02,-2.521653e-01,5.804972e-05,3.453270e-01,4.636244e-01,-4.701667e-03
5.738823e-03,2.228410e-01,-6.189796e-01,-1.251373e+00,-6.214959e-03,-7.334190e-01,8.798250e-03,-3.885830e-01,1.647446e+00,3.492386e-03
3.498632e-03,1.733732e+00,-2.085360e-01,4.180472e-01,1.683013e-03,1.624922e-01,-4.067136e-03,-1.093626e+00,-1.679690e-01,3.277489e-03
-1.544198e-03,2.782973e-01,3.962200e-01,-6.920400e-02,-3.380921e-03,7.089653e-01,-1.316172e-03,-2.032306e-01,1.730478e-01,-3.090012e-03
1.522444e+00,-2.674937e-01,2.316219e-01,5.595638e-01,-2.488144e-01,5.359070e-02,-1.384356e+00,-1.409353e+00,-1.962614e-01,-1.944975e+00
-7.780225e-01,-1.782314e-01,-2.866807e-01,-1.256412e+00,-3.102062e-01,2.680271e-01,3.576386e-01,-6.768838e-01,-7.422086e-01,-1.585308e-01
-3.440149e-03,8.503520e-01,-2.967978e-01,-1.130097e+00,2.547175e-03,-1.089533e+00,-1.338580e-02,7.401999e-01,6.060851e-01,1.062811e-03
-1.537457e-01,-4.023116e-01,-3.930489e-01,-7.376724e-01,-6.253713e-01,-1.054693e+00,1.654090e-01,1.131285e+00,6.703852e-01,2.712888e-02
-8.161136e-01,1.932407e-01,-4.474578e-01,-1.422117e+00,1.150600e+00,-2.698358e-01,-1.467964e+00,1.550029e+00,1.679689e+00,1.039734e+00
