1.361709e+00,2.984751e-02,1.087383e+00,-1.236932e-01,-2.817668e-01,-3.994557e-01,9.128868e-02,5.347792e-01,2.234865e+00,1.777756e+00
1.524647e+00,1.238684e-02,2.114297e-01,-4.519571e-01,1.037872e-01,-4.824172e-01,-1.741459e+00,4.616262e-01,6.086860e-01,4.881972e-01
1.598558e+00,-3.951796e-02,7.718496e-01,3.969490e-01,3.261765e-01,7.476853e-02,-1.275894e+00,-6.135385e-01,2.208420e+00,5.938166e-01
-2.325361e-04,3.185894e-01,-1.432458e+00,-9.501807e-01,-4.583625e-03,5.733451e-01,4.188236e-03,-6.442848e-01,2.779159e-01,-3.886491e-04
-7.946214e-04,-9.498734e-01,3.855734e-01,3.782895e-01,1.079634e-03,3.749689e-01,-4.594144e-03,8.764359e-01,-6.716562e-01,2.867467e-03
-2.370632e-03,-6.748328e-01,1.406904e+00,1.494644e+00,-8.655238e-03,3.288372e-01,3.911280e-03,2.701584e+00,8.372163e-01,-3.654439e-04
2.268053e-03,6.273770e-02,7.322822e-02,1.019469e+00,-9.955878e-03,7.088615e-02,9.891548e-03,-8.018609e-01,-4.227890e-01,4.782917e-04
-9.722911e-01,5.071209e-01,-8.105851e-01,9.597285e-01,3.897699e-01,6.011202e-01,-1.190574e-01,-1.652100e-01,1.163830e-01,1.905002e+00
2.808562e-03,-4.322759e-01,-1.927156e-01,-1.141739e+00,-4.604770e-03,-1.622485e+00,-1.737443e-03,-1.203649e+00,1.315851e+00,-3.395089e-04
-4.994821e-04,-1.164357e-01,1.083959e+00,1.091246e-01,-2.560937e-03,3.686242e-01,1.954750e-03,-9.713819e-01,-5.888483e-01,-1.399339e-03
2.839920e-03,-1.101239e+00,6.827543e-01,-1.307901e+00,-4.861695e-03,1.585268e-01,-5.015074e-03,-4.414055e-01,6.368681e-01,-3.238614e-03
-3.228268e-03,3.801725e-01,-1.793484e+00,9.316616e-01,7.405611e-04,-1.063378e+00,1.487051e-02,-7.066370e-01,-7.227841e-01,-2.082954e-03
-5.283263e-04,-9.417591e-01,-4.306041e-01,-5.784333e-01,-1.977928e-03,1.217690e+00,1.817358e-03,4.441819e-02,3.489622e-01,4.140177e-03
5.335850e-03,2.178781e-01,5.705020e-01,-6.913882e-02,-4.610078e-03,9.330328e-01,-2.822934e-03,1.928664e-01,8.453565e-01,1.757252e-03
7.393088e-04,-9.529954e-01,1.964461e-01,-6.684859e-01,-2.383954e-03,-4.761578e-01,-8.496143e-03,8.827452e-01,2.145842e-01,-1.784589e-03
1.520826e+00,1.098457e+00,-1.856591e+00,1.627205e+00,-2.387475e-01,1.316117e+00,-1.398473e+00,2.367102e+00,2.175129e-02,-1.945736e+00
-7.795496e-01,-3.700342e-01,7.549784e-01,1.194410e+00,-3.101083e-01,1.236275e+00,3.518712e-01,-1.010316e+00,7.767232e-01,-1.619160e-01
-4.489503e-03,6.388303e-01,-5.795532e-02,2.086081e-01,-4.870990e-03,2.051834e-01,1.353960e-04,1.193796e-01,-3.394933e-01,-6.458327e-05
-1.548645e-01,-1.178889e+00,-1.304022e+00,2.786992e-01,-6.266553e-01,-1.153370e+00,1.649241e-01,8.029507e-01,-5.977595e-02,2.105660e-02
-8.175087e-01,4.068262e-02,7.841693e-02,4.477996e-01,1.151629e+00,-1.160386e+00,-1.460654e+00,1.798995e-01,-4.823661e-01,1.038197e+00
