1.368275e+00,2.833795e-01,1.754731e+00,4.582871e-01,-2.846565e-01,-1.076537e+00,1.054946e-01,2.167575e-01,1.384884e+00,1.777268e+00
1.519524e+00,-6.567856e-01,-2.792119e-01,-7.708927e-01,1.010502e-01,-6.172927e-01,-1.754574e+00,1.117157e-01,-1.158903e+00,4.885128e-01
1.596687e+00,-1.120797e+00,6.887401e-01,2.324181e-01,3.265978e-01,-1.000217e+00,-1.262515e+00,-2.174719e-01,-9.471414e-01,5.930255e-01
-4.627750e-03,4.323193e-01,1.081969e-01,-1.070344e+00,-2.519410e-03,1.794286e+00,-9.872620e-05,1.416584e+00,-5.731585e-01,8.803205e-04
2.107765e-03,2.145434e-01,9.673425e-01,5.583354e-01,-6.180793e-04,-1.239464e+00,7.450682e-03,8.359426e-02,2.856316e-01,9.360302e-04
1.956776e-03,-1.355779e-01,8.082546e-01,7.184027e-01,-4.178172e-03,-3.953746e-01,-4.071689e-03,8.928319e-01,-5.287347e-01,-8.774771e-04
-4.476320e-04,-1.839578e+00,-1.311078e-02,-5.415206e-01,4.770674e-03,-3.929349e-01,1.234314e-03,9.579555e-01,-1.530205e+00,-3.684405e-03
-9.697216e-01,-8.703823e-01,1.062269e+00,9.153922e-01,3.887924e-01,-7.133711e-01,-1.200246e-01,1.431085e+00,4.855745e-02,1.904451e+00
3.323004e-03,-1.968485e-01,-2.866367e-01,-4.845565e-01,3.267983e-03,1.469325e+00,1.453478e-03,-7.966719e-01,-1.089276e+00,-3.909102e-04
-2.686184e-03,-1.457946e-01,4.650612e-01,-5.269615e-01,-3.010876e-03,-3.013036e-01,-2.028287e-03,6.298885e-01,-4.918568e-01,-1.280296e-04
1.299609e-03,6.698051e-01,1.436227e+00,-5.850308e-02,2.859717e-03,-4.700483e-01,7.019978e-03,-2.326782e-02,-2.530022e+00,3.766879e-03
7.621585e-03,3.055686e-02,7.786330e-02,2.117424e-01,-2.711743e-03,4.232863e-01,4.473187e-03,1.284018e+00,1.902870e+00,-3.705641e-03
-3.021662e-03,-3.073657e-01,-4.353555e-01,1.152311e+00,-5.594759e-03,-6.301785e-01,-1.901890e-03,-6.728355e-01,5.618182e-01,8.822635e-04
3.855444e-03,-1.173024e+00,-2.885340e-01,-9.969207e-01,-7.445152e-03,-7.815590e-01,-1.459411e-05,1.675559e+00,1.420842e+00,3.396719e-03
-1.266723e-04,-2.087325e+00,5.901026e-01,-1.189766e+00,8.866573e-06,1.278583e+00,-3.189724e-03,-1.109240e+00,-7.559486e-01,9.704412e-04
1.520360e+00,1.946372e-01,3.846092e-01,-8.272076e-01,-2.443125e-01,1.390017e+00,-1.396243e+00,-9.540613e-01,1.474482e+00,-1.943063e+00
-7.765358e-01,-8.355541e-01,5.358146e-01,-5.240164e-01,-3.018545e-01,-2.748547e-01,3.587783e-01,1.217569e-01,6.936363e-01,-1.598225e-01
1.294208e-03,1.781556e-01,-1.086884e+00,-6.563100e-01,-4.494386e-03,1.301960e-01,-9.890240e-03,-1.404518e+00,-1.363361e-01,2.181490e-03
-1.607353e-01,-1.393344e-01,2.021056e+00,-5.402089e-01,-6.266231e-01,3.628077e-01,1.928088e-01,6.137996e-01,8.559331e-01,2.751740e-02
-8.188400e-01,5.783523e-01,1.635679e-01,-1.643711e+00,1.148197e+00,1.464481e+00,-1.475139e+00,1.146437e-01,1.214237e+00,1.037025e+00
