1.363283e+00,1.052954e+00,2.405166e-02,6.089532e-01,-2.869289e-01,-1.153775e+00,8.591978e-02,-3.019872e-01,2.171952e-01,1.775274e+00
1.527042e+00,-1.030216e+00,4.271378e-01,-9.985908e-02,1.088880e-01,-3.608119e-01,-1.733247e+00,-1.234728e+00,4.936315e-01,4.878200e-01
1.596932e+00,-3.124456e-01,-6.698887e-01,-3.607283e-01,3.306240e-01,-2.918644e-01,-1.260247e+00,1.120181e-01,5.199504e-02,5.916799e-01
8.295478e-05,1.329289e+00,7.157904e-01,-5.126817e-01,3.092472e-04,6.635318e-02,-2.199614e-03,8.111030e-01,-2.477329e-01,-9.867435e-04
6.293498e-04,-3.893984e-02,7.534574e-01,3.253894e-01,-5.938202e-03,1.728981e+00,4.342973e-03,-1.033297e+00,-1.386072e+00,-2.486546e-03
-4.273299e-03,-8.991064e-01,6.220645e-01,-8.199566e-01,1.064196e-03,1.307030e-01,2.714875e-03,1.083997e+00,1.828982e+00,1.559054e-03
1.190066e-03,7.839676e-01,7.996830e-02,7.494284e-01,-5.979599e-03,-1.683969e-01,1.155240e-02,-3.469020e-01,1.707151e-01,-4.062528e-05
-9.742172e-01,-7.617516e-01,-2.424730e-01,3.294236e-03,3.868625e-01,-1.568246e+00,-1.201293e-01,5.065701e-01,1.058449e-01,1.903332e+00
2.487613e-03,3.156597e-01,9.006006e-02,-1.112015e-01,-1.901159e-03,-2.114212e-01,3.431976e-03,-5.531268e-02,3.968887e-01,2.936078e-03
4.559860e-03,8.719561e-01,2.199049e-01,-5.606883e-01,2.518491e-03,-6.905654e-01,-5.493045e-03,-5.904619e-01,9.791213e-01,-3.161448e-03
-9.100786e-04,9.063605e-01,-8.414124e-01,2.455620e-02,3.266694e-03,-2.731697e+00,-8.211918e-04,4.384884e-01,-2.675615e-01,3.485591e-03
1.985087e-03,-3.078865e-02,-7.198157e-01,1.284921e+00,-3.170492e-03,1.826730e+00,6.914345e-03,-6.181265e-01,-7.406779e-01,-3.370734e-03
2.393414e-03,-8.374897e-02,1.737616e-01,-4.388702e-01,1.616092e-03,5.970524e-01,5.295945e-03,-1.162291e+00,-1.158142e+00,1.881797e-03
4.321346e-03,-6.210128e-01,3.812104e-02,1.558338e-02,-2.264393e-04,-3.398037e-01,-4.899772e-03,1.254761e-01,-1.204397e+00,1.650245e-03
4.149285e-03,7.378984e-01,-5.935604e-02,1.097053e+00,-4.017393e-03,1.265838e-01,-1.946450e-03,-6.156982e-01,2.124962e-01,-1.068213e-03
1.525612e+00,4.361814e-01,-1.088347e+00,-4.503085e-01,-2.470008e-01,-9.809107e-02,-1.392046e+00,-1.515300e+00,-6.145800e-02,-1.948358e+00
-7.752004e-01,-3.125616e-01,3.944822e-01,8.925894e-01,-3.172195e-01,-9.653200e-01,3.549952e-01,-1.002745e+00,-3.056105e-01,-1.578492e-01
-2.411411e-03,2.042020e-01,9.394392e-01,-7.402883e-01,3.727398e-03,-1.155439e-01,-7.845114e-03,-7.880489e-01,-1.108861e+00,-1.029727e-03
-1.570836e-01,5.243817e-01,-1.096268e+00,-1.127849e-01,-6.238921e-01,5.349301e-01,1.722800e-01,5.620865e-01,-1.095077e+00,2.276617e-02
-8.167881e-01,-5.522489e-01,2.594791e-01,8.535816e-01,1.156284e+00,-1.557175e+00,-1.455050e+00,-2.950612e-01,-6.587796e-02,1.040131e+00
