1.362824e+00,-4.081433e-01,6.333436e-01,-5.533935e-02,-2.843518e-01,-8.194768e-02,9.849499e-02,2.490897e-02,-3.040013e-01,1.775512e+00
1.522584e+00,1.172570e+00,-4.424097e-01,9.402906e-01,1.128133e-01,-3.302119e-01,-1.739526e+00,-1.246344e-02,6.809563e-01,4.841530e-01
1.598874e+00,5.660890e-01,-1.102080e-01,-1.558383e-01,3.325934e-01,-4.994761e-01,-1.276573e+00,-1.333114e+00,2.556929e-02,5.939195e-01
-5.871919e-03,9.290627e-01,2.206585e-01,-3.579051e-01,-2.043633e-03,-1.026123e+00,5.068479e-03,-1.066308e-01,8.771144e-01,-1.301558e-04
1.621753e-03,-2.876175e-01,-6.390333e-01,7.330403e-01,-8.632285e-03,-1.234015e-02,-3.852885e-03,-5.481047e-01,-2.813275e-02,1.008778e-03
-1.874311e-03,6.469225e-01,9.159033e-01,-3.919834e-01,5.467407e-03,2.112341e-01,-8.853307e-03,-3.452406e-01,1.554574e-01,-3.702777e-03
-3.016124e-04,-4.348944e-01,1.258750e+00,2.867069e-01,-4.013354e-03,3.086238e-01,-1.135564e-02,-1.594602e+00,-9.810834e-01,4.611677e-04
-9.738237e-01,4.679553e-01,-6.165211e-01,-3.363058e-01,3.880952e-01,2.932364e-02,-1.214762e-01,5.703634e-01,-3.483139e-01,1.901859e+00
2.866546e-03,7.108464e-01,-7.745898e-01,-2.172985e-01,3.521422e-03,-8.895882e-01,3.681115e-03,-8.524376e-02,1.955117e-01,7.026066e-04
-7.622510e-03,-4.821246e-03,8.436967e-02,4.546604e-01,-2.406269e-03,-5.563657e-01,-1.764816e-03,1.934697e-01,1.058501e-01,1.248441e-03
-4.986361e-04,4.246126e-01,-6.856247e-01,1.205639e+00,3.831714e-03,9.693468e-01,3.973470e-03,2.982319e-01,1.127413e+00,1.350811e-03
-5.847268e-03,1.032290e+00,1.033550e+00,-9.132636e-02,-3.616409e-03,-1.175075e-01,6.331535e-03,1.361781e+00,-4.023870e-01,-2.617112e-03
-9.920624e-05,-3.711027e-01,-1.250485e+00,9.577347e-01,5.011054e-03,-4.755006e-01,3.899179e-03,-2.806379e-01,7.454466e-01,2.833254e-03
2.786515e-03,-2.032514e-01,3.664138e-01,3.272848e-01,-1.188419e-03,-2.868450e-01,5.964815e-03,1.595702e-01,-1.309355e+00,2.429302e-03
-1.593582e-03,8.560644e-01,1.212038e+00,-9.839057e-01,-1.035224e-03,1.318461e+00,-8.302629e-03,-5.055392e-01,4.718356e-01,5.000456e-04
1.527774e+00,-8.537563e-01,-2.936412e-01,4.591520e-01,-2.402500e-01,-5.428882e-01,-1.385310e+00,-8.369395e-01,1.419722e+00,-1.946651e+00
-7.812918e-01,-9.726382e-02,-2.037258e+00,-7.964174e-01,-3.219196e-01,5.887776e-01,3.410219e-01,3.980965e-01,-4.307250e-01,-1.600747e-01
1.858637e-03,-4.706443e-01,1.574512e+00,-6.044146e-01,-1.132055e-02,-2.851123e-02,-5.643343e-03,2.718933e-01,1.015569e-01,-3.438530e-03
-1.531658e-01,-5.817035e-01,2.205952e-01,4.592387e-01,-6.239368e-01,-3.365423e-01,1.792609e-01,3.201185e-01,1.535500e+00,2.403630e-02
-8.168998e-01,1.070335e-01,-2.148408e-01,6.746817e-01,1.147066e+00,-1.033765e+00,-1.473411e+00,-1.024603e+00,3.219819e-01,1.036865e+00
