1.360807e+00,1.299880e+00,-6.626041e-01,-1.197515e+00,-2.887554e-01,-1.017939e+00,8.825527e-02,-1.614240e-01,-3.443668e-01,1.779982e+00
1.521901e+00,-1.109956e+00,-4.660725e-02,-3.178295e-01,1.109690e-01,2.513035e-01,-1.730515e+00,1.154401e+00,-1.454135e-01,4.892725e-01
1.601755e+00,-4.094144e-01,-5.396844e-03,1.972414e-01,3.263976e-01,3.545083e-01,-1.270976e+00,-1.237066e+00,-5.815461e-01,5.871259e-01
-2.716879e-03,7.174902e-02,-2.619827e-01,-9.967676e-01,4.019142e-03,8.125156e-01,6.111992e-03,3.246878e-01,6.165894e-01,2.525104e-03
6.604422e-04,8.770382e-02,-1.570218e+00,-2.867911e-01,-7.401772e-03,1.041829e+00,-5.841038e-04,-1.479180e+00,1.252840e-01,-1.397661e-04
-2.962082e-03,-8.724984e-01,-1.520264e+00,-9.592982e-01,-1.570797e-03,9.774245e-01,4.396254e-03,-3.649511e-01,-1.586407e+00,2.638774e-03
-2.824576e-03,3.117954e-01,6.358475e-01,1.196226e-01,-9.302160e-03,1.423892e+00,9.421122e-03,1.351106e+00,-8.642409e-01,2.117977e-03
-9.711336e-01,2.663342e-01,4.977738e-01,-1.672055e+00,3.912970e-01,7.729786e-01,-1.276309e-01,-1.565817e-01,-1.178692e+00,1.904573e+00
3.193567e-03,5.097581e-01,6.208014e-01,1.826470e-01,1.328736e-03,-5.199919e-01,5.114335e-03,1.065016e+00,7.141667e-02,1.252119e-03
1.415856e-03,1.598226e-01,9.685965e-01,-3.865723e-01,-1.240064e-03,-8.766299e-03,-2.537482e-03,-2.648046e-01,-6.077326e-01,-2.479758e-03
5.337402e-03,-1.820899e-01,3.013620e-01,5.761864e-01,5.681213e-03,-9.048803e-01,-8.558667e-03,7.943351e-02,7.047383e-01,-9.103492e-04
-4.385953e-03,3.175661e-01,-6.014857e-01,1.430454e+00,-5.634385e-03,2.176601e+00,2.068419e-03,-8.272511e-01,-3.527350e-01,-1.677795e-03
2.438842e-03,8.961140e-01,-2.229326e-01,-1.144895e-02,-4.637659e-03,-8.339691e-02,1.186944e-02,-6.380324e-01,2.510415e-01,1.473438e-03
2.553192e-03,1.464388e+00,-1.047026e-01,-6.753270e-02,-1.286986e-03,1.801065e+00,2.742591e-03,2.585045e-01,3.496645e-01,-4.713334e-04
-7.925207e-04,-9.258006e-01,-8.031504e-01,-1.997488e-01,-1.644781e-04,5.042899e-01,4.870069e-03,1.578760e-01,-4.096143e-01,1.511638e-03
1.522569e+00,2.284927e-01,1.130859e+00,-1.102463e+00,-2.453847e-01,-4.174657e-01,-1.389758e+00,-2.069172e-01,-7.457439e-02,-1.942813e+00
-7.828431e-01,5.013359e-01,6.811387e-01,7.685358e-01,-3.213988e-01,-6.408535e-01,3.696008e-01,-5.278786e-01,6.116536e-01,-1.623330e-01
-4.366278e-03,1.149831e+00,-1.634552e+00,-3.695849e-01,3.550107e-03,-1.242974e-01,2.122633e-03,-9.620907e-01,-8.595345e-02,-1.375004e-03
-1.574199e-01,5.486807e-01,-4.115707e-01,1.623234e-01,-6.155121e-01,-1.148589e-01,1.768408e-01,2.189188e-01,-1.685717e-01,2.599248e-02
-8.156679e-01,-5.016043e-01,1.314342e+00,-1.003297e+00,1.158226e+00,4.198972e-01,-1.457192e+00,-1.337008e+00,-5.165247e-01,1.036137e+00
