1.354211e+00,1.151242e+00,-2.470643e+00,-1.019090e+00,-2.838000e-01,-1.976083e+00,1.007515e-01,2.504766e+00,7.110697e-01,1.775074e+00
1.529331e+00,-3.133836e-01,-1.346353e+00,7.328529e-01,1.116322e-01,-4.348242e-01,-1.747061e+00,8.109721e-01,1.424463e+00,4.866966e-01
1.599379e+00,4.675488e-01,-2.076704e-02,-1.370983e+00,3.353530e-01,4.681689e-02,-1.264333e+00,-6.558010e-01,7.612602e-01,5.879041e-01
4.805734e-03,6.275324e-01,-9.088370e-01,1.561393e+00,-8.713378e-04,-1.094542e+00,5.511187e-03,-6.385255e-01,-2.888757e-01,-1.630739e-03
5.080692e-03,-1.216473e+00,1.133147e-01,3.866019e-01,-1.299357e-02,1.377931e+00,3.094653e-03,5.325681e-01,2.312067e-01,-1.928539e-03
3.647698e-03,7.177103e-01,2.338303e-01,8.359855e-01,5.279912e-03,3.339399e-01,8.550651e-03,-6.988966e-01,-1.496529e+00,2.570114e-03
-4.077693e-03,-9.675931e-01,6.945464e-01,5.368654e-01,7.383056e-03,1.889671e-01,-4.635529e-04,-9.617724e-01,1.012966e+00,-6.046625e-04
-9.704062e-01,7.796622e-01,-4.964188e-01,4.133671e-01,3.866260e-01,8.239927e-02,-1.081246e-01,2.028786e-01,7.164253e-01,1.903169e+00
3.685701e-04,-1.646849e+00,3.029735e-01,1.278717e+00,9.428804e-04,-9.775483e-01,-5.529433e-04,-1.032633e+00,2.960939e-01,1.535433e-03
7.785671e-04,6.541818e-01,-7.529004e-01,-1.232977e-02,-1.501054e-03,8.348602e-01,2.356987e-03,-1.297437e+00,-5.537866e-01,-2.985495e-03
3.002992e-03,1.520879e-01,-9.353892e-01,2.615524e-01,2.107895e-03,-6.202658e-01,-1.074411e-02,1.082038e+00,1.002234e+00,2.273086e-03
1.822002e-03,5.080205e-01,-1.542889e+00,-9.769146e-02,-4.325930e-03,7.656707e-01,-2.809574e-03,-3.032758e-01,1.638991e-01,-3.961003e-03
4.597018e-03,2.739380e+00,1.658204e-01,1.640665e+00,3.360189e-03,2.059849e+00,5.832817e-03,1.576537e-01,-1.067132e+00,1.837842e-03
2.667824e-03,1.612143e+00,2.628405e-01,-4.558142e-01,1.017906e-02,-7.723531e-01,3.354822e-03,2.498097e-01,2.741757e-01,-3.179538e-03
-3.402667e-03,-1.605135e+00,-4.874141e-01,-5.257678e-01,-4.489421e-03,7.168629e-02,-1.461939e-02,-3.467623e-01,1.885011e+00,-2.262977e-03
1.520410e+00,-3.989324e-01,2.874484e-01,5.723592e-01,-2.538566e-01,6.824070e-01,-1.389923e+00,-1.215798e+00,3.236350e-01,-1.946795e+00
-7.797567e-01,-7.866084e-01,-4.811198e-01,-6.339502e-01,-3.106460e-01,-1.556836e-01,3.679883e-01,6.098289e-01,-3.483929e-01,-1.614313e-01
-2.925645e-03,2.681699e-01,6.742321e-01,-2.939373e-01,-4.440903e-03,1.586669e+00,-1.372089e-03,9.747884e-01,-5.428008e-01,-1.273791e-03
-1.581546e-01,-3.020058e-01,5.706272e-01,-2.963038e-01,-6.206978e-01,1.146665e+00,1.717047e-01,1.799817e-02,-4.050475e-01,2.723288e-02
-8.137839e-01,-1.665089e+00,-3.096200e-01,-9.845757e-01,1.148389e+00,1.882510e+00,-1.457590e+00,1.531930e-01,9.861052e-03,1.036488e+00
