1.365851e+00,-1.279279e+00,7.730571e-01,-1.242125e+00,-2.890179e-01,6.155140e-01,9.893770e-02,-5.765750e-01,2.093520e-01,1.775170e+00
1.520174e+00,-1.970446e+00,-3.833733e-02,-1.069259e-01,1.119039e-01,-1.672695e-01,-1.735467e+00,6.176646e-01,2.304068e+00,4.854340e-01
1.602555e+00,-1.469576e+00,1.796307e-01,1.272878e-01,3.366163e-01,3.687311e-01,-1.268909e+00,6.428421e-01,-7.581863e-01,5.941856e-01
3.205819e-04,1.057157e+00,-1.770277e+00,-1.144838e+00,-4.974783e-03,-1.153890e+00,7.559873e-03,-1.506225e+00,1.144224e+00,-7.406087e-04
-4.411327e-03,3.403197e-02,9.921654e-01,1.798786e+00,-2.946243e-03,-5.653513e-01,-1.661444e-02,1.149753e+00,2.762931e-01,-2.351946e-03
4.086603e-03,2.279380e-02,-1.214014e+00,-7.596218e-01,-1.548009e-03,2.973116e-01,4.659363e-04,-4.957028e-01,-6.576735e-01,-7.016144e-04
-5.736351e-03,-8.302672e-02,8.021180e-01,-8.417035e-01,-3.087424e-03,1.796287e-01,-2.680401e-03,2.239969e-01,5.807978e-01,1.395156e-03
-9.756490e-01,4.027735e-01,-2.133972e+00,6.006518e-01,3.913204e-01,1.952641e-01,-1.145090e-01,6.659405e-01,-1.965870e+00,1.904518e+00
2.928302e-03,6.215902e-01,-6.383675e-02,7.693439e-01,2.051963e-03,1.099333e+00,3.300193e-03,5.666427e-01,-2.371892e-01,5.087295e-04
1.072121e-03,-1.354813e+00,5.782578e-01,6.948337e-01,7.011790e-04,-1.084455e+00,6.980063e-03,1.743887e+00,-9.904992e-01,6.938748e-04
3.913207e-03,-7.021579e-01,6.713372e-01,1.904102e-01,-8.883705e-03,7.054828e-01,-2.554503e-03,-2.173257e-01,2.376324e-01,4.538667e-04
-2.489422e-05,1.118530e+00,4.100883e-01,-2.140071e+00,-5.400437e-03,1.034173e+00,9.094148e-03,2.302096e-01,1.104982e+00,-2.076470e-03
5.484287e-04,9.680935e-01,-1.175490e+00,7.274679e-01,4.871932e-03,1.963601e+00,-2.653714e-03,4.721257e-01,1.821020e+00,5.744008e-03
2.564950e-03,-7.517827e-01,8.047768e-01,-8.370586e-01,5.944147e-03,-1.070454e+00,8.171360e-04,8.850490e-01,-2.571150e-02,3.889625e-03
1.732235e-03,-6.022607e-01,4.696896e-01,-4.219439e-01,7.253349e-04,1.182807e+00,-2.489643e-03,-8.806252e-01,-4.319162e-01,-1.144183e-03
1.527174e+00,-7.831045e-02,-6.023245e-01,1.061985e+00,-2.395542e-01,8.574016e-01,-1.376020e+00,1.347539e+00,-4.871158e-01,-1.943644e+00
-7.827817e-01,4.841474e-01,1.002925e+00,2.427780e-02,-3.016759e-01,-9.861416e-02,3.582769e-01,-1.079007e+00,1.380971e-01,-1.620464e-01
-1.588745e-03,1.119410e+00,1.034236e+00,-4.953848e-01,-2.312634e-03,2.975071e-01,-7.657465e-03,5.677317e-01,-1.711387e+00,5.487921e-03
-1.503504e-01,1.085203e-01,-1.397373e+00,1.061804e-01,-6.125741e-01,-7.271006e-01,1.865399e-01,1.204196e-01,-1.522829e+00,2.827785e-02
-8.159384e-01,4.160683e-01,-7.269066e-01,-4.471543e-02,1.156581e+00,-1.330505e+00,-1.451843e+00,-7.881490e-01,-2.240390e+00,1.040762e+00
