1.362435e+00,-8.036776e-01,-2.221947e+00,2.934375e-01,-2.745228e-01,-7.133005e-01,9.232416e-02,1.920545e-01,-1.220212e+00,1.777414e+00
1.520311e+00,1.096223e+00,1.992591e+00,6.978886e-02,1.052848e-01,2.350278e-01,-1.742148e+00,4.894607e-01,1.529043e-01,4.867377e-01
1.604176e+00,-1.485141e-01,-4.146996e-01,1.197273e-01,3.283126e-01,1.771542e-01,-1.270506e+00,2.724691e-01,4.763735e-01,5.917442e-01
6.514133e-03,-3.867421e-01,9.018179e-01,-3.859404e-01,-2.357605e-03,-1.607104e-01,2.281643e-03,2.670105e-01,-2.358188e-01,1.435404e-04
7.884442e-04,-8.057563e-01,-5.279898e-01,3.006026e-01,-5.112720e-03,3.169788e-01,-3.754920e-03,1.121865e-01,-4.152746e-01,1.925181e-03
-3.234611e-03,5.241478e-01,4.663153e-01,1.902782e-01,1.567693e-03,2.125364e-01,-6.426381e-03,2.668263e-01,4.957944e-01,1.958965e-03
9.624241e-04,-1.406085e-01,7.154954e-01,-4.760607e-02,1.598338e-03,5.620891e-01,-6.494627e-04,-7.680077e-02,-2.056014e+00,-7.587511e-04
-9.764426e-01,-4.632170e-01,-2.191107e-02,-3.610615e-01,3.857877e-01,1.000875e+00,-1.111313e-01,-2.730878e-01,7.841241e-01,1.906146e+00
-1.812092e-03,-1.182560e-01,1.318769e+00,-1.534731e-01,-6.169783e-03,-1.119439e+00,-9.790592e-03,-2.105999e-01,9.096851e-01,1.527771e-03
-5.860448e-03,-1.849000e+00,-7.394340e-01,1.088924e+00,-1.000323e-02,6.266407e-01,1.891710e-03,-1.327942e+00,4.682865e-01,-1.311212e-03
4.581568e-03,1.870882e-01,1.226185e+00,-2.014855e-02,1.793806e-03,-8.950742e-03,-2.427853e-03,1.261523e+00,-2.955569e-01,-2.791294e-04
-3.624443e-03,2.909820e-01,4.526417e-03,3.180332e-01,1.661502e-03,-3.625408e-01,-3.677091e-03,2.006168e+00,-1.739542e-01,-1.236525e-03
4.174244e-03,4.925507e-02,-6.474544e-01,3.647424e-01,7.815990e-03,6.085173e-01,2.056380e-03,-3.713545e-01,-2.167731e-01,5.666502e-03
3.134038e-03,-5.583044e-01,-3.621999e-01,1.378298e+00,1.303252e-02,-5.575345e-01,7.720447e-03,-1.501014e+00,2.917074e-01,2.913709e-03
1.416616e-03,5.528931e-01,9.530601e-01,5.135079e-01,-1.400187e-03,5.666702e-01,-4.588223e-03,-6.300614e-01,-3.030035e-01,-2.471625e-03
1.523580e+00,2.698139e-01,-5.312447e-01,-3.527465e-01,-2.378084e-01,-2.134256e-01,-1.395659e+00,-8.235042e-01,-1.366460e+00,-1.942010e+00
-7.799462e-01,3.520235e-01,-1.826955e-01,-8.757049e-02,-3.210038e-01,-8.058894e-01,3.524678e-01,1.593746e+00,-2.658324e-01,-1.627339e-01
-1.098963e-03,-4.457610e-01,-1.003440e+00,1.557527e+00,-5.961893e-03,-1.140713e-02,6.005816e-04,-2.723987e-02,8.184071e-01,1.637437e-04
-1.620106e-01,-1.837153e-01,-6.862862e-01,-9.912143e-02,-6.242537e-01,1.447089e-03,1.711995e-01,9.562482e-01,-5.545029e-01,2.071724e-02
-8.211474e-01,-2.540925e-01,-1.174102e+00,4.577794e-01,1.161680e+00,2.376178e-01,-1.452861e+00,1.535207e+00,4.693533e-01,1.039275e+00
