1.361641e+00,-8.698554e-01,1.675728e+00,7.263136e-01,-2.851679e-01,1.286495e+00,9.297059e-02,1.103446e+00,-2.398542e-01,1.776998e+00
1.524670e+00,1.433894e-01,-1.393180e+00,-7.986742e-01,1.102237e-01,1.458576e+00,-1.754047e+00,-1.408929e+00,-8.571531e-01,4.826710e-01
1.602297e+00,8.641224e-01,1.611787e-01,-1.044657e+00,3.298526e-01,5.694884e-01,-1.257240e+00,4.930492e-01,-4.224782e-01,5.854457e-01
-2.011068e-03,-1.108862e+00,4.424746e-01,-6.112378e-01,4.946717e-03,-3.990444e-01,-1.039428e-02,1.843506e-01,-5.336724e-01,-1.545622e-03
1.687832e-03,-1.162776e+00,4.626750e-01,6.739809e-01,1.019866e-04,-1.314501e+00,3.712378e-03,-2.558593e-01,-1.201736e-01,-2.401249e-03
1.263121e-03,-1.135345e+00,1.911224e+00,1.767379e+00,2.971310e-03,-7.505251e-01,4.713159e-03,-7.129923e-01,-1.122671e+00,6.466265e-04
3.236735e-03,5.997999e-01,1.075517e+00,3.289255e-01,-4.444688e-04,7.856984e-01,1.233418e-02,4.240597e-01,-4.054019e-01,-1.712175e-03
-9.705512e-01,1.179838e+00,-4.445584e-01,7.828998e-01,3.955307e-01,4.387570e-01,-1.173908e-01,-1.010751e+00,1.375984e+00,1.903060e+00
-8.265764e-05,-5.200969e-01,1.226602e-01,-1.470385e+00,4.033896e-03,3.968122e-01,5.197198e-03,-8.464436e-01,-4.784532e-02,1.348433e-03
6.103753e-03,9.899586e-02,-1.062837e+00,2.844857e-01,5.566148e-03,1.235017e+00,-2.070241e-03,4.986990e-01,5.874378e-01,-9.164667e-04
-2.057461e-03,-1.215525e-01,-1.516401e-01,-1.019468e-01,4.566918e-04,8.540309e-02,4.382048e-04,8.051165e-01,1.494235e+00,1.098964e-03
-3.743600e-03,1.002235e-01,-6.112121e-01,5.405424e-01,-5.786154e-04,-7.693414e-01,-1.243192e-02,7.260375e-01,-2.650396e-01,-2.579421e-03
5.510638e-03,-2.570033e+00,-2.422947e-02,-8.427173e-01,-3.298242e-04,-1.350205e+00,2.618920e-03,1.770197e-01,2.248582e-01,1.981183e-03
-3.324151e-03,-6.090432e-01,-5.250680e-01,-5.921329e-01,5.716646e-03,-2.722812e-02,5.667122e-03,-3.812959e-01,-4.797985e-01,1.059040e-03
1.074448e-03,-3.204420e-03,7.325711e-01,-1.845309e-01,9.908231e-03,9.397880e-02,-1.086418e-02,2.177390e-01,1.059854e+00,1.742095e-03
1.523205e+00,-8.310118e-01,5.833903e-01,2.208818e-01,-2.407583e-01,-9.118549e-01,-1.395405e+00,-1.691471e+00,-5.615184e-01,-1.947961e+00
-7.801687e-01,-2.049874e+00,1.267961e+00,-1.472455e-01,-3.166704e-01,-1.039728e+00,3.423964e-01,-1.153278e-02,-1.417918e+00,-1.620235e-01
-1.010381e-02,6.548067e-02,6.154540e-01,-4.202607e-01,1.378573e-03,2.404863e-02,-7.935442e-03,1.175857e+00,4.284087e-01,8.512543e-04
-1.597725e-01,-1.616547e+00,7.210961e-02,1.774823e-01,-6.217915e-01,3.806540e-01,1.764706e-01,-2.550396e-01,-1.058212e+00,2.004008e-02
-8.164182e-01,9.467057e-01,8.830039e-01,-1.350349e-01,1.159542e+00,-6.119305e-01,-1.459360e+00,-4.703544e-01,-7.883137e-01,1.042528e+00
