1.355682e+00,-7.403124e-01,-1.815725e+00,-8.456160e-01,-2.801841e-01,6.785365e-01,8.121188e-02,-2.158323e-01,-1.097261e+00,1.779265e+00
1.522521e+00,9.096751e-01,-8.413646e-01,1.936961e+00,1.178951e-01,-8.115784e-01,-1.739918e+00,4.148197e-01,1.663149e-01,4.849008e-01
1.600548e+00,-1.314503e+00,1.048028e+00,8.353794e-01,3.258982e-01,-3.704093e-01,-1.269528e+00,-4.172425e-02,3.461702e-01,5.929851e-01
-1.560992e-03,1.387318e-02,-8.452503e-01,-4.824602e-01,3.937163e-04,-3.177223e-02,1.329909e-02,1.060634e-01,2.801549e-01,-1.086233e-03
5.410872e-03,1.082239e+00,3.971766e-01,7.000434e-01,-6.590806e-03,-1.834277e+00,1.705953e-03,1.498665e-01,-1.311770e+00,-3.058007e-04
8.539575e-05,3.404525e-01,1.315748e+00,-2.746995e-01,-7.240203e-04,1.429622e-02,1.051351e-02,-6.220233e-01,1.145915e+00,6.688077e-04
3.208880e-03,5.541767e-01,1.532578e+00,-1.288122e-01,1.389980e-03,1.023749e+00,3.391504e-03,8.280398e-01,-1.495508e+00,-2.096231e-03
-9.731674e-01,-7.290262e-02,-1.431625e+00,-8.892456e-01,3.801322e-01,9.031389e-01,-1.206583e-01,-7.320745e-01,-7.916162e-01,1.907166e+00
-1.480817e-03,-1.846324e-01,-3.258992e-01,1.629145e+00,-5.658630e-03,-2.491202e-01,-6.572190e-03,6.287515e-01,8.969616e-01,-5.061083e-04
-7.881120e-04,2.188383e-01,-5.295792e-01,1.432120e+00,7.046051e-03,1.071951e-01,-2.322250e-03,5.817242e-01,5.229975e-01,-2.748940e-03
1.112621e-03,3.612150e-01,-7.122494e-01,-1.477406e-01,2.473822e-03,-3.732042e-01,6.291342e-03,-1.471622e+00,-5.097486e-01,-1.466618e-03
-5.878839e-03,3.393894e-01,-2.952018e-03,4.477269e-01,-9.464918e-03,9.709085e-01,7.558109e-03,-3.911431e-01,-1.887867e-01,-1.741354e-03
-1.497440e-03,-7.666257e-01,-6.040916e-01,6.444486e-01,5.929914e-03,-1.415895e+00,-2.845549e-04,6.297259e-01,6.646512e-01,6.300747e-03
-4.534811e-04,3.678121e-03,-2.815125e-01,-6.350263e-01,3.352069e-03,1.027215e-01,5.540004e-03,4.804365e-01,-5.675465e-01,4.413069e-04
-1.291068e-03,4.421591e-01,1.210853e-01,7.013930e-01,-3.123326e-03,1.375256e+00,-4.269666e-03,-1.723836e+00,-6.165774e-01,1.848140e-03
1.525499e+00,7.094316e-02,-2.118979e+00,-1.793122e-01,-2.435371e-01,1.137036e+00,-1.384925e+00,-2.099169e+00,2.917705e-01,-1.943950e+00
-7.784711e-01,-1.287557e-01,-1.021089e-02,3.168069e-01,-3.000317e-01,-2.398482e-01,3.445749e-01,2.964182e-01,-1.771819e-01,-1.592038e-01
-8.162622e-03,-1.090771e+00,-1.834967e+00,-2.334949e+00,-5.121967e-03,-5.406466e-01,-9.967584e-03,7.238947e-01,-1.516517e-01,-2.344563e-03
-1.542104e-01,1.092689e+00,7.872948e-01,9.452573e-01,-6.231740e-01,6.585442e-01,1.731592e-01,1.816735e-01,-6.803733e-01,2.575775e-02
-8.190828e-01,2.814572e-01,6.251343e-02,4.932246e-01,1.152588e+00,7.791061e-02,-1.451174e+00,-7.818488e-02,7.825083e-01,1.039461e+00
