1.360564e+00,-1.191781e+00,-4.622836e-01,1.516198e+00,-2.872085e-01,-1.174512e+00,9.216752e-02,-1.537912e+00,-3.484899e-01,1.773834e+00
1.523061e+00,4.889282e-01,2.537383e-01,-2.674479e-01,1.147678e-01,7.482755e-01,-1.748887e+00,8.030356e-01,-1.102368e+00,4.871680e-01
1.598863e+00,1.909200e-01,-8.333025e-01,-8.837329e-02,3.302521e-01,-8.656653e-01,-1.280367e+00,-1.862542e-03,-7.890596e-01,5.912883e-01
-4.405757e-03,4.483817e-01,2.203206e+00,6.367641e-01,1.960464e-03,1.496889e+00,7.233877e-03,-3.661955e-01,-2.670318e-01,-3.208425e-03
-2.613671e-03,-1.228475e-01,1.089030e+00,-5.692594e-01,-2.123116e-03,-1.628803e+00,8.009372e-04,4.440593e-01,-7.458982e-01,-9.635398e-04
1.237354e-03,-1.065766e-01,1.603152e+00,2.296698e-01,-2.461896e-03,2.098231e+00,-4.450794e-03,-2.469692e-01,3.312500e-01,3.006232e-03
4.215409e-04,-2.078147e+00,-8.764302e-01,-9.887175e-01,-2.546539e-03,1.795190e+00,1.924819e-04,2.072407e+00,-9.278740e-01,-1.627613e-03
-9.702983e-01,2.603402e-01,-3.740132e-01,-1.158775e+00,3.858789e-01,5.915876e-01,-1.286619e-01,1.029940e+00,-5.037069e-01,1.904411e+00
-2.834552e-03,4.160083e-01,-7.893432e-01,4.552916e-01,-4.294917e-03,8.245845e-01,2.131457e-02,-8.706056e-01,-1.962743e+00,3.921759e-04
-3.039099e-03,-7.684816e-01,1.545361e+00,-2.842720e-02,1.886824e-03,9.922095e-01,-6.833989e-04,-6.772338e-01,-6.559829e-01,-7.487135e-04
3.492561e-03,-2.984582e-01,9.517007e-01,-1.120802e+00,4.945602e-03,-2.426373e-01,2.481735e-03,4.313225e-01,3.602305e-02,3.373697e-03
-2.783295e-03,7.402986e-01,-9.326343e-01,1.634014e+00,9.567104e-04,8.563987e-01,-1.385115e-03,1.963009e-02,4.259847e-01,-4.993680e-04
4.645344e-03,-6.157135e-01,5.890100e-01,1.949321e-01,-2.652930e-03,-1.199766e-01,3.927285e-03,8.011186e-01,-4.079749e-01,1.674986e-03
3.610273e-04,2.189168e+00,-3.285552e-01,-2.020474e+00,9.160875e-04,1.844373e-01,1.878560e-03,1.834571e-01,5.908893e-01,2.342311e-03
-3.338935e-03,-9.688398e-01,9.315459e-01,6.019071e-01,-7.933867e-03,-7.668876e-01,-8.643198e-03,1.628199e-01,8.468259e-02,5.151349e-06
1.525823e+00,1.004517e+00,7.927190e-01,9.049788e-01,-2.444920e-01,-4.767419e-01,-1.373173e+00,-4.501433e-01,2.239264e-01,-1.946513e+00
-7.790546e-01,7.612372e-01,1.115312e+00,9.567225e-01,-3.173851e-01,-1.005768e+00,3.467388e-01,-3.095421e-01,1.257255e+00,-1.619587e-01
-3.083246e-03,2.371999e-01,9.831967e-01,-7.080166e-01,-8.235349e-03,1.160847e+00,-5.135256e-03,1.364851e+00,3.833016e-01,-8.525420e-04
-1.545022e-01,4.013959e-02,-7.126225e-01,7.503349e-01,-6.213683e-01,1.881331e-01,1.808555e-01,1.235669e+00,1.001630e+00,2.205811e-02
-8.114398e-01,-9.118367e-01,-8.297653e-01,-4.371404e-01,1.154506e+00,-4.638220e-01,-1.454308e+00,-4.244756e-01,-9.106814e-01,1.038511e+00
