1.356600e+00,2.157328e-01,2.555016e-01,1.608446e+00,-2.830784e-01,-4.865575e-01,8.717075e-02,-7.604955e-01,3.637360e-01,1.782901e+00
1.530770e+00,6.159723e-01,-7.987966e-01,-6.680420e-01,1.071747e-01,-5.024682e-01,-1.739712e+00,3.636219e-01,8.589514e-01,4.831688e-01
1.597801e+00,4.145432e-01,-5.367155e-01,-2.406938e-01,3.373345e-01,1.860152e+00,-1.265914e+00,-1.067274e+00,-7.429544e-01,5.904362e-01
-6.588850e-03,-1.618928e+00,6.990615e-01,9.912786e-01,5.222952e-05,-1.749571e+00,7.097488e-03,-4.411966e-01,7.118161e-01,1.879698e-03
-4.453339e-04,8.748291e-01,-1.622068e-01,7.800851e-01,-2.697951e-03,1.457438e+00,6.070237e-03,1.239304e-01,6.694354e-01,3.085507e-03
1.560005e-03,1.330469e-01,5.978617e-01,2.938945e-01,-1.653338e-03,-1.502877e-01,1.032623e-02,9.643841e-01,3.805265e-01,-4.201536e-04
-3.401619e-03,-1.476003e-01,-5.336455e-01,5.849997e-01,-4.396715e-03,1.225169e+00,6.469876e-05,4.992104e-01,-8.136650e-01,1.237970e-03
-9.720101e-01,6.339170e-01,3.909333e-01,-1.984466e+00,3.901398e-01,1.205800e-01,-1.184928e-01,1.790030e+00,4.151463e-01,1.903643e+00
2.606493e-03,-1.231631e+00,2.137304e-01,1.120581e-01,4.202727e-03,3.583642e-01,-3.679541e-03,-1.756879e+00,-1.322583e+00,-1.087950e-05
-7.903007e-03,-7.050717e-01,1.120170e+00,-3.054480e-01,-1.653917e-03,-1.565876e+00,-1.913493e-02,-1.101568e+00,-1.416424e+00,-3.175743e-04
4.017531e-03,-1.556831e+00,2.260501e-01,8.082030e-01,5.397846e-03,-6.059409e-01,-4.937684e-03,-9.504254e-01,5.815875e-01,2.125151e-03
-4.105146e-04,6.244155e-01,4.618175e-01,5.128441e-01,-5.263032e-03,1.503775e-01,1.775826e-03,4.642069e-01,-1.614760e+00,-1.781764e-03
-1.562679e-04,-9.704807e-01,-3.595611e-01,-1.278342e-01,8.790868e-04,-1.129505e-01,3.651798e-03,2.146962e-01,-6.151432e-01,3.578888e-03
5.074724e-03,-2.221394e+00,1.256995e-01,-3.638418e-01,3.717637e-03,6.100276e-01,-9.607221e-03,3.724026e-01,1.096394e+00,1.849423e-03
-3.355230e-03,-5.760659e-01,-1.052569e+00,1.395916e+00,-6.180384e-03,-4.130005e-01,5.161511e-03,8.464874e-01,-8.228858e-01,-5.146107e-03
1.523380e+00,-1.080386e+00,7.565536e-01,-6.154499e-01,-2.485141e-01,3.716840e-02,-1.393505e+00,3.197927e-01,1.516828e-02,-1.947263e+00
-7.781857e-01,9.530126e-01,-1.082361e-02,-4.767239e-01,-3.230597e-01,9.007097e-01,3.432017e-01,1.952884e-01,1.524871e-01,-1.635647e-01
-1.309247e-02,1.545564e-01,-4.441044e-01,1.153209e+00,3.112353e-03,-8.398411e-02,-7.333087e-03,9.419200e-01,-7.509581e-01,1.464912e-03
-1.589787e-01,6.016572e-01,9.045138e-01,-2.982415e-01,-6.337519e-01,-7.572602e-01,1.753676e-01,6.552438e-01,1.016875e+00,2.589879e-02
-8.182565e-01,-5.189096e-01,3.019203e-01,-3.446987e-01,1.149529e+00,2.855289e-01,-1.455372e+00,4.101266e-01,-9.681649e-02,1.036615e+00
