1.361310e+00,-6.622207e-02,1.373239e-02,-7.724140e-01,-2.929982e-01,-3.408186e-01,8.143394e-02,2.414012e-01,-1.634689e+00,1.783145e+00
1.529240e+00,-5.331600e-01,1.309980e+00,-1.650091e-01,1.053775e-01,-2.892884e-02,-1.743646e+00,1.044037e+00,-5.136629e-01,4.897109e-01
1.600059e+00,1.379236e+00,1.131421e+00,-6.515015e-01,3.322404e-01,-1.012036e+00,-1.271290e+00,1.020391e+00,-7.836372e-02,5.890284e-01
-1.181418e-04,7.437671e-01,5.371802e-02,-1.229288e+00,-9.691653e-05,-1.070391e+00,-9.019780e-03,1.181267e+00,1.348091e+00,-1.622746e-04
4.449914e-03,1.039121e+00,7.934490e-02,-1.110275e+00,-5.882151e-03,-6.280791e-01,5.260771e-03,2.150310e-01,-1.534042e+00,-1.649228e-03
-2.763418e-03,5.533746e-01,7.459348e-02,-1.363673e+00,-1.992957e-03,-3.592694e-01,3.424293e-03,-1.206560e+00,1.403365e+00,2.160076e-03
5.838363e-03,1.883711e+00,3.394826e-01,1.336531e+00,-1.055647e-02,5.843411e-01,3.677998e-03,1.078123e-01,1.176914e+00,-1.692510e-03
-9.683213e-01,3.808246e-01,-1.241118e+00,7.981983e-01,3.920550e-01,-1.758654e-01,-1.179806e-01,-1.074690e+00,8.304053e-01,1.903663e+00
-1.284239e-04,9.969942e-01,-4.718611e-01,6.593575e-01,-1.247801e-03,-5.810470e-01,2.393650e-03,-8.545434e-01,5.811442e-02,4.394881e-03
-5.777819e-03,2.561829e-01,-8.349159e-01,4.622725e-01,2.828588e-03,1.542639e-01,2.436915e-03,2.612686e+00,1.644495e-01,-1.790668e-03
5.820318e-03,1.623205e-03,3.661032e-01,-3.642960e-01,5.850611e-04,-2.266688e-01,1.153119e-02,1.574513e+00,-6.650947e-01,2.509842e-05
9.035956e-04,-7.957071e-01,-1.288507e+00,-1.376144e-01,-2.600578e-03,5.579061e-01,6.063301e-03,1.237112e+00,5.113434e-02,-1.341150e-03
7.666288e-03,-1.206081e+00,-3.851722e-01,2.750262e-01,2.755210e-03,-1.487284e+00,1.053453e-02,5.117717e-01,-2.142799e+00,2.603355e-03
4.928035e-03,8.055809e-01,-9.710668e-01,2.552567e-01,-7.362055e-03,4.654217e-01,-8.414243e-03,4.157804e-01,1.534986e+00,1.417647e-03
-4.007197e-03,1.774834e+00,-1.307810e+00,-6.174352e-01,1.232995e-03,1.392300e+00,-2.161997e-03,6.276148e-02,-1.402522e+00,-5.901013e-03
1.519107e+00,-1.873474e-02,1.946054e-01,4.006338e-01,-2.450730e-01,-1.465083e+00,-1.388491e+00,8.878613e-01,1.610502e+00,-1.946328e+00
-7.745559e-01,1.191765e+00,-2.623241e-01,-3.576556e-01,-3.200586e-01,-1.097139e+00,3.476927e-01,2.918627e-02,-7.723696e-02,-1.589973e-01
-8.841612e-03,9.098789e-01,-5.463026e-01,-1.117045e+00,3.303364e-03,-2.834643e-01,7.988252e-03,3.933927e-01,-3.000878e-01,-1.436316e-03
-1.589135e-01,-2.919971e-01,1.157696e+00,4.475540e-01,-6.243449e-01,8.480503e-01,1.696859e-01,4.271503e-01,1.076435e-02,2.378486e-02
-8.171396e-01,-8.187444e-01,-8.172078e-01,-5.906512e-01,1.156870e+00,-1.816747e+00,-1.469905e+00,1.662199e-01,1.052855e+00,1.040850e+00
