1.361256e+00,2.363486e+00,-1.040731e+00,-1.976112e+00,-2.825516e-01,5.577558e-01,1.042728e-01,-6.075627e-01,8.551467e-01,1.777509e+00
1.528275e+00,1.358898e+00,-9.171988e-01,2.788261e-01,1.091245e-01,-1.116071e+00,-1.747962e+00,7.686962e-01,5.091723e-01,4.842572e-01
1.599160e+00,-1.420954e-02,9.352853e-01,7.538695e-01,3.425841e-01,1.047814e+00,-1.264589e+00,1.643001e+00,2.160099e-02,5.879974e-01
-1.639646e-03,-4.954538e-01,-5.572324e-01,-4.367039e-01,-1.953567e-03,-1.292668e-01,1.000780e-02,-3.929190e-01,-9.225397e-01,-4.497639e-03
1.450828e-03,-3.815919e-01,-2.801405e-02,-4.568591e-01,4.765787e-03,-1.049247e+00,-5.732808e-03,1.002434e+00,1.681144e-01,-1.370170e-03
1.466489e-03,8.465949e-01,-1.386505e+00,3.859794e-01,-1.520472e-04,9.535462e-02,7.954778e-03,-2.622693e-03,3.529824e-01,2.669090e-03
2.037277e-04,1.719925e+00,-5.206497e-02,1.318982e-02,3.657124e-03,-2.267850e-01,2.606323e-04,-1.671035e+00,4.600804e-01,-1.392523e-04
-9.739544e-01,5.367806e-01,-7.743315e-01,-7.923335e-01,3.906908e-01,7.188527e-01,-1.152951e-01,-6.109500e-01,9.711691e-01,1.905903e+00
-2.653207e-03,8.305476e-01,1.760941e-01,3.574181e-01,-3.576273e-03,1.830815e+00,-5.587099e-03,-9.636351e-02,6.155600e-01,1.609807e-03
-1.356439e-03,1.066092e+00,-5.726045e-01,-1.060672e+00,-8.391722e-03,9.773101e-01,-4.568056e-03,-1.278249e-01,-1.324736e+00,-7.894534e-04
1.866045e-03,1.093874e+00,-2.995685e-01,-8.473738e-02,3.662909e-04,5.033083e-01,2.238570e-03,3.921628e-01,6.055280e-01,3.176943e-03
-5.729831e-04,2.937411e-01,8.229352e-01,2.603916e-01,-3.683672e-03,-6.251303e-01,-1.242133e-03,2.062002e-01,5.662686e-01,-2.976331e-03
-2.768589e-03,6.856197e-01,8.219738e-01,-6.432645e-01,5.657996e-05,-5.142718e-01,-4.066400e-04,-1.412180e+00,2.998041e-01,2.676800e-03
4.776847e-04,-2.765813e-01,6.647926e-01,9.880253e-01,4.011667e-03,1.188775e+00,1.204305e-02,-5.810165e-01,-4.085815e-01,1.988813e-03
1.671805e-03,6.024491e-01,2.980349e-01,-2.242567e-01,4.606695e-04,-1.157857e+00,-5.903610e-03,1.587850e-02,1.227608e+00,-3.726371e-03
1.523242e+00,1.771813e-01,2.183698e-01,-1.900220e-01,-2.361286e-01,7.240063e-01,-1.376226e+00,2.144516e-01,1.670461e+00,-1.942234e+00
-7.783385e-01,2.657176e-01,9.336611e-01,-5.022513e-01,-3.187311e-01,-4.220176e-01,3.531182e-01,-3.667616e-01,-6.397524e-02,-1.630563e-01
1.122265e-03,-4.690818e-01,-1.501555e+00,9.013269e-01,4.618067e-03,5.135733e-02,-4.930241e-03,8.953930e-01,1.301233e+00,-2.836518e-03
-1.562565e-01,2.391384e-01,2.713757e+00,2.974844e-02,-6.224360e-01,-1.530314e+00,1.778412e-01,-5.147870e-02,-7.031023e-01,2.938287e-02
-8.191729e-01,8.771061e-01,-4.911415e-01,8.291540e-01,1.157169e+00,6.202059e-01,-1.450519e+00,-1.080427e-01,4.004360e-01,1.039451e+00
