1.364451e+00,-4.167307e-01,-2.943231e-01,-8.726320e-01,-2.804002e-01,1.138380e+00,9.100586e-02,-4.495331e-01,-7.882033e-01,1.783570e+00
1.524528e+00,-9.873455e-01,2.875740e-01,-6.742034e-02,1.107202e-01,-4.469896e-01,-1.742032e+00,-3.494168e-01,-4.224925e-01,4.886400e-01
1.604058e+00,-1.088035e+00,-7.440844e-01,5.404416e-01,3.274931e-01,-1.344354e+00,-1.267290e+00,-4.112271e-01,-6.384378e-02,5.920950e-01
3.790326e-03,-1.888290e-01,-2.607233e-02,4.151021e-01,-2.324522e-03,-5.603682e-01,-4.595488e-03,7.699508e-02,7.886965e-01,1.624433e-04
-5.803962e-04,-3.764912e-01,-7.829850e-01,4.693757e-01,-9.630112e-03,8.223014e-01,1.635168e-03,-1.192134e+00,-1.121525e+00,-7.282619e-04
-6.625822e-04,5.649612e-01,6.008919e-02,-4.136074e-01,3.203548e-03,5.178587e-02,3.569622e-04,-8.160592e-01,6.647800e-01,-1.697020e-03
-5.643936e-03,1.137982e-01,-1.222253e+00,6.638465e-01,-1.802507e-04,1.978653e+00,5.780317e-03,8.325986e-01,-6.491666e-01,-5.453130e-04
-9.739127e-01,-1.310465e+00,-4.745879e-01,-9.122272e-01,3.769269e-01,-5.335184e-01,-1.120589e-01,4.476519e-02,2.404390e-01,1.902366e+00
-1.741975e-03,-2.574800e+00,1.461293e-01,6.452817e-01,-1.924585e-04,-4.775319e-01,1.667905e-03,-1.624465e+00,-2.712610e-01,2.555299e-03
-4.279309e-03,1.009846e+00,1.480078e+00,-1.034712e+00,-2.740762e-03,-5.429468e-01,7.462157e-04,1.025013e+00,-1.614207e+00,-2.469989e-03
5.502230e-04,6.148199e-01,-8.816175e-01,-3.904926e-01,4.201561e-03,-6.668450e-01,5.333957e-03,1.971542e+00,3.733437e-01,4.020726e-03
-6.077423e-03,-9.151373e-01,1.282968e+00,9.485360e-01,-4.982455e-04,-3.244621e-01,2.325379e-03,3.039879e-01,1.444500e+00,-3.534006e-03
3.827160e-03,-9.770569e-03,5.125499e-01,1.527520e+00,6.163231e-03,8.694101e-01,1.927464e-03,-1.608945e-01,-2.290385e+00,2.562786e-03
5.107124e-03,3.353932e-01,-5.795392e-01,-2.659061e-01,7.723334e-03,-5.292650e-01,-6.461034e-04,-3.964862e-01,2.878522e-01,4.427404e-03
-2.580520e-03,-1.023201e+00,9.957300e-01,1.841511e-01,-5.360805e-03,-8.479360e-01,1.861781e-03,4.346623e-01,7.148063e-02,1.575513e-03
1.522816e+00,1.209799e-01,9.978836e-01,1.504864e+00,-2.356589e-01,-4.358623e-01,-1.389458e+00,-6.698264e-01,4.487621e-01,-1.946858e+00
-7.818370e-01,-2.265112e+00,-5.111056e-01,1.412408e-01,-3.173940e-01,5.932515e-01,3.449658e-01,5.614402e-01,1.381580e+00,-1.673943e-01
8.381333e-04,9.463367e-01,1.070585e+00,-2.077111e-01,3.962086e-03,4.138218e-01,1.693062e-03,-1.432320e+00,-2.242785e-01,-1.811872e-03
-1.595463e-01,4.999464e-01,-7.606754e-01,-1.809467e+00,-6.151734e-01,6.689656e-01,1.689607e-01,-2.246709e-01,6.757233e-01,2.606756e-02
-8.159272e-01,5.698056e-01,1.230984e+00,-5.693551e-01,1.153043e+00,9.272315e-01,-1.460269e+00,-1.178559e+00,9.674171e-01,1.038241e+00
