1.361469e+00,1.588125e-01,-5.153746e-01,-1.323319e+00,-2.895057e-01,2.888814e-01,1.045721e-01,1.833129e+00,-3.313256e-01,1.780831e+00
1.521616e+00,-7.762625e-01,6.733911e-01,8.110039e-01,1.089976e-01,-5.326239e-01,-1.748365e+00,3.760726e-01,9.193649e-01,4.914864e-01
1.599720e+00,-1.635205e+00,1.652345e+00,-1.656722e-01,3.318016e-01,-9.223736e-01,-1.280964e+00,-6.299947e-02,2.496770e-01,5.892532e-01
1.155225e-03,2.725636e-01,-1.086024e+00,5.837651e-01,2.682919e-03,-3.789395e-01,2.520534e-03,-2.981342e-01,-1.649088e+00,-2.592188e-04
3.000736e-03,9.268530e-01,-3.908838e-01,2.819652e-01,4.185706e-03,-1.124335e+00,4.507196e-03,-3.466718e-01,3.306067e-02,-2.658238e-03
-8.444646e-04,2.757906e-01,-1.294577e+00,-1.658984e-01,-2.892681e-03,5.888082e-01,-8.379363e-03,4.769547e-01,-1.355869e+00,2.805504e-03
1.332604e-03,1.817045e+00,1.858917e+00,5.942303e-01,-1.597361e-03,4.457135e-03,1.254298e-02,-7.400300e-01,-8.601163e-01,-1.053606e-03
-9.713457e-01,1.159215e+00,-6.221506e-01,1.267806e+00,3.850327e-01,2.929454e-01,-1.228536e-01,6.416425e-01,1.404086e+00,1.905515e+00
-3.114956e-03,3.119718e-01,1.045596e+00,-6.697728e-01,6.237634e-04,-1.594178e+00,-4.443943e-03,-6.684356e-01,1.163752e+00,2.052463e-03
4.201384e-04,8.370616e-01,-1.422684e-01,5.556608e-01,-2.192974e-03,1.044183e+00,-4.950784e-04,-2.080498e-02,7.182886e-01,-2.453527e-03
3.758429e-03,2.153430e-01,-3.095592e-02,1.254757e+00,-2.927669e-03,-7.929751e-02,-3.525264e-03,-1.514211e+00,1.059974e+00,-1.638837e-03
-4.060859e-03,-7.474522e-01,-4.144418e-02,8.916577e-01,-3.096407e-03,3.578274e-01,1.124724e-02,2.374348e-01,-5.386696e-01,-3.975501e-03
-2.565957e-03,-5.323489e-01,9.293053e-01,-1.456223e+00,4.623768e-03,-2.508276e-02,-1.602553e-03,-6.943602e-01,6.764772e-01,-2.820073e-04
-5.101504e-03,7.606412e-01,6.434805e-01,-3.115808e-01,-7.118278e-03,-6.272705e-01,-3.305922e-03,3.929219e-01,-2.437374e-01,2.719848e-03
-2.273534e-03,-7.673860e-02,-5.151917e-01,-2.627632e-01,-9.720411e-03,1.336399e-01,-3.958889e-03,-2.171808e-01,3.676813e-01,1.566936e-04
1.530341e+00,1.878078e-01,-1.151811e-01,-4.430484e-01,-2.397541e-01,-4.815188e-01,-1.379853e+00,-2.366581e-01,-5.034149e-01,-1.947460e+00
-7.810390e-01,-1.336838e+00,1.747014e+00,3.804401e-01,-3.121207e-01,-1.522018e+00,3.452548e-01,3.690916e-01,-4.407570e-01,-1.636218e-01
-2.789337e-03,6.773072e-01,-1.720325e+00,4.772199e-01,-4.161653e-03,-8.895847e-01,6.418341e-03,-1.455716e-01,-4.423979e-01,-4.013169e-03
-1.532367e-01,-1.754623e+00,7.119583e-01,-8.866161e-01,-6.210406e-01,5.717849e-01,1.693395e-01,2.567501e+00,1.284715e+00,2.476267e-02
-8.181235e-01,-1.739473e-01,7.418839e-01,-1.171173e+00,1.154859e+00,1.731379e-01,-1.467738e+00,2.338844e-01,2.173433e-01,1.040728e+00
