1.368444e+00,3.563982e-01,-9.244596e-01,8.607412e-01,-2.886113e-01,-7.308687e-01,8.355661e-02,-1.321026e+00,1.070213e-01,1.772905e+00
1.523182e+00,-4.525288e-01,1.218021e+00,5.339649e-01,1.135752e-01,7.610732e-01,-1.749439e+00,1.964020e+00,-9.773841e-01,4.836183e-01
1.601498e+00,-1.140777e+00,5.752876e-01,3.541678e-01,3.362300e-01,6.002111e-02,-1.260192e+00,6.628931e-01,-7.368452e-01,5.910535e-01
-9.389000e-06,4.416345e-01,-1.499236e-02,7.820435e-01,1.212019e-03,-2.565404e-01,3.696201e-03,-1.692811e+00,9.566362e-02,6.301840e-03
-5.700555e-03,-2.746704e-01,-1.117282e+00,-2.098564e-01,-9.196129e-03,-3.631817e-01,1.514742e-03,-7.596273e-01,-5.227186e-01,1.656888e-03
3.323506e-03,-7.920465e-01,-2.678693e-01,6.537245e-01,-4.187151e-03,-4.189454e-01,1.425395e-02,9.017624e-01,-4.776902e-01,-5.469283e-04
-1.693056e-03,-5.985156e-01,-3.904565e-01,3.942967e-02,8.359644e-04,-5.885751e-01,-8.761911e-03,6.081911e-01,5.235913e-01,-1.210542e-03
-9.743530e-01,1.375746e+00,1.183912e+00,-1.066065e+00,3.845142e-01,-1.045099e-01,-1.121137e-01,-1.121529e-01,-2.202560e-01,1.905167e+00
-2.151049e-03,7.436168e-01,-7.688594e-01,-6.932780e-02,-6.295459e-03,1.573554e+00,6.764465e-04,-7.846314e-01,-8.787859e-01,1.574052e-03
2.126402e-03,-2.659488e-01,-3.655712e-01,-6.491108e-01,-5.917798e-03,4.613880e-01,-5.585688e-03,1.645026e+00,-7.191203e-01,-1.462987e-04
-2.012119e-03,-8.786646e-01,-3.613211e-01,3.661275e-01,7.294289e-04,-9.324765e-01,-2.481575e-03,5.530596e-01,-1.000522e+00,3.274743e-04
-9.295516e-04,-8.570221e-01,6.108725e-01,-2.039716e-01,-6.220399e-03,-5.709755e-01,5.053352e-03,-9.511962e-01,-1.152869e+00,-2.704715e-03
3.787064e-03,3.370801e-01,-5.199889e-01,9.041482e-01,-4.369164e-03,-9.283107e-01,7.640634e-03,7.966154e-01,9.813555e-02,2.402293e-03
1.649022e-03,-1.290999e+00,-1.708259e+00,-8.009100e-01,-3.127542e-03,-1.728888e-01,-8.814976e-03,-9.327526e-01,-1.666435e+00,1.495646e-03
2.382791e-03,1.710132e+00,6.945642e-01,7.804139e-01,-2.732751e-03,-1.074154e+00,4.716008e-04,7.981329e-01,8.100930e-01,-2.992649e-03
1.523914e+00,-2.961278e-02,5.646377e-01,9.627566e-01,-2.377520e-01,8.110474e-02,-1.382795e+00,-2.813612e-01,4.865671e-01,-1.950184e+00
-7.773215e-01,-9.986313e-01,6.659618e-01,-9.411134e-01,-3.125908e-01,-6.470027e-01,3.492083e-01,1.542724e+00,1.218803e+00,-1.583809e-01
-5.553106e-03,-1.421422e+00,6.846351e-01,-1.003098e+00,5.298078e-03,4.820205e-01,4.619381e-03,-8.491746e-02,-1.121320e+00,-2.098776e-03
-1.571367e-01,5.567063e-01,1.071036e+00,3.194714e-01,-6.251417e-01,-1.722749e+00,1.556288e-01,-8.463716e-01,5.237597e-01,2.437647e-02
-8.190127e-01,8.442862e-02,-2.763280e-01,-2.317001e-01,1.153280e+00,-5.319867e-01,-1.461956e+00,1.175150e+00,-7.184547e-01,1.039026e+00
