1.358529e+00,4.997831e-01,7.306813e-01,2.297491e+00,-2.764749e-01,1.350842e-02,9.256020e-02,-5.025318e-01,-9.302133e-01,1.774364e+00
1.524054e+00,7.096290e-01,-2.067114e+00,3.044296e-01,1.116207e-01,-5.172143e-01,-1.732450e+00,3.153525e+00,-1.846205e+00,4.852861e-01
1.598128e+00,7.659133e-01,-2.858186e-01,-4.723479e-01,3.311371e-01,1.336745e+00,-1.261426e+00,2.177922e+00,1.688178e-01,5.884963e-01
-1.519153e-03,-1.307974e-01,-1.422220e-01,1.775466e-03,-2.033845e-03,1.318032e-01,1.159107e-03,-4.681316e-01,-4.738268e-01,-1.272977e-03
3.783425e-03,8.479916e-01,6.800675e-01,-5.352407e-02,-3.381006e-03,4.104186e-01,8.496607e-03,-1.058359e+00,-2.346066e-01,-2.439558e-03
-3.367290e-03,-5.905501e-01,-3.420136e-01,1.091423e+00,1.842464e-03,-6.661819e-01,4.990104e-03,1.115516e+00,-5.877876e-01,1.021814e-03
2.252351e-03,-2.875975e-01,1.032544e-01,-1.452863e+00,-2.471460e-03,9.101802e-01,-8.552041e-03,5.580433e-01,3.467766e-01,-6.671443e-04
-9.696491e-01,-3.086901e+00,7.058822e-02,-5.690175e-01,3.883267e-01,7.047227e-01,-1.268472e-01,1.233596e+00,-3.459574e-01,1.909364e+00
-1.572837e-03,-3.565816e-01,-5.331818e-01,5.407155e-01,-2.952921e-03,-2.676126e-01,-7.055047e-03,8.867305e-01,-6.904345e-01,1.903389e-03
-5.661543e-03,-2.422801e-01,1.446343e-01,6.738652e-01,-3.830155e-03,-5.914242e-01,5.435482e-03,9.041985e-01,7.793074e-01,-5.123253e-03
6.739352e-03,1.044391e+00,-5.082765e-01,-7.787063e-01,-5.145525e-03,-4.887458e-01,-2.838036e-03,-1.587028e-01,-1.792502e+00,6.850143e-04
-4.594736e-03,-5.396952e-02,-7.781579e-01,-7.637966e-01,-7.689330e-04,-7.809103e-01,1.701520e-02,-4.124377e-02,-1.331668e+00,-1.476948e-03
2.764495e-03,-5.019717e-01,3.343044e-01,4.816744e-01,-3.849774e-03,-2.251164e-01,-3.130479e-03,3.143555e-01,-8.751880e-01,1.755159e-03
-2.295735e-03,6.189258e-01,7.706955e-02,-1.234311e+00,-6.570526e-03,3.183238e-01,5.018992e-03,1.301761e+00,-1.453509e+00,-1.517988e-04
2.384966e-03,-5.727004e-01,-3.104603e-01,-2.341893e-01,-2.319187e-03,5.161715e-01,-5.163641e-03,-7.436960e-01,-3.619107e-01,-1.191028e-03
1.533339e+00,1.251940e+00,-3.871669e-01,-7.132157e-01,-2.508699e-01,3.236174e-01,-1.374558e+00,2.074041e-01,-3.718631e-01,-1.947193e+00
-7.804488e-01,-1.637021e-01,3.028990e-01,-5.590449e-01,-3.109937e-01,-4.514335e-01,3.625708e-01,8.501081e-02,-4.844758e-01,-1.585520e-01
-4.850100e-03,1.105958e+00,6.501043e-01,-1.813563e-01,-1.771432e-03,-1.173144e+00,-9.310300e-04,-1.124333e+00,-3.928305e-01,1.226460e-03
-1.590469e-01,1.299437e+00,-1.523799e+00,-3.480496e-01,-6.234056e-01,1.500032e+00,1.590715e-01,-1.477109e+00,5.348808e-01,2.730560e-02
-8.163436e-01,-9.885086e-01,-4.830964e-01,-9.586161e-01,1.150100e+00,-1.706818e+00,-1.458091e+00,-1.272352e+00,-5.544020e-01,1.036416e+00
