1.358172e+00,3.332836e-01,2.026324e+00,-9.521145e-02,-2.834734e-01,-4.297517e-01,9.923825e-02,9.995568e-01,5.698301e-01,1.777518e+00
1.522132e+00,-1.980272e-01,-1.555116e+00,-1.147071e+00,1.137679e-01,-2.160131e-01,-1.756377e+00,1.620577e+00,-4.347545e-01,4.844709e-01
1.595651e+00,-2.317394e-01,8.560473e-01,2.057105e-01,3.236486e-01,-2.085032e+00,-1.271471e+00,7.883205e-02,1.511437e+00,5.911501e-01
5.750906e-04,4.707445e-01,4.833952e-01,4.450203e-01,2.537454e-03,6.797981e-01,-2.684431e-03,2.042016e-01,-2.659720e-01,-1.247981e-03
5.307359e-03,1.845238e-01,-8.686698e-01,1.248487e+00,-3.199998e-03,-3.316262e-01,-1.424187e-03,-9.425098e-01,4.391913e-01,8.163743e-04
-7.623981e-04,5.808156e-01,1.885160e-01,1.663292e+00,2.856344e-03,1.414190e+00,-2.773995e-03,-2.068453e+00,-3.021163e-01,2.431291e-03
-9.004239e-03,1.712027e-01,2.857587e-05,2.853085e-02,7.799500e-04,-1.436763e+00,3.307081e-03,6.454793e-01,3.098314e-01,-6.870374e-04
-9.728713e-01,1.763270e-02,3.542294e-01,-7.996221e-01,3.795265e-01,-1.288029e+00,-1.095550e-01,4.701538e-03,-4.558760e-01,1.906845e+00
-3.181492e-03,-7.619763e-01,1.087387e+00,5.037614e-01,-1.037007e-03,-8.005036e-01,4.953194e-03,1.168013e-01,-2.561005e-01,-5.857183e-04
-5.350788e-03,-3.821542e-01,2.275953e+00,1.499470e+00,8.233533e-03,3.684974e-02,7.079782e-03,-6.997522e-01,5.498566e-01,9.215150e-04
2.099130e-04,-3.502680e-01,3.478954e-01,1.413039e-01,2.058977e-03,-6.280697e-02,3.257506e-03,-4.613712e-01,-1.018504e+00,-3.718550e-04
2.113093e-03,9.182794e-02,8.673545e-01,2.798926e-01,-1.609700e-03,3.056166e-02,-4.147014e-03,6.580791e-01,2.168657e+00,-5.200066e-04
2.567968e-03,6.017670e-01,-1.370620e+00,1.259847e-01,2.052683e-03,-6.461716e-01,-4.261163e-03,4.331645e-01,1.489226e-01,-8.581956e-04
6.095035e-03,3.982040e-01,-4.562763e-01,1.032775e+00,-5.530621e-03,1.806639e-01,9.813256e-03,-8.060008e-01,-9.713308e-01,2.467755e-03
-4.481166e-04,6.114775e-01,-2.636899e+00,-4.096492e-02,-2.502760e-04,-3.279349e-01,8.732839e-04,5.108727e-01,1.596075e-01,-7.435910e-03
1.522363e+00,1.291875e+00,-7.911966e-02,4.878541e-01,-2.458605e-01,1.205544e-02,-1.386836e+00,7.051863e-01,-1.290732e-01,-1.945599e+00
-7.823910e-01,-1.217011e+00,1.194275e+00,2.986158e-01,-3.072805e-01,5.805161e-01,3.629210e-01,-4.433178e-02,3.143625e-01,-1.603841e-01
-4.374282e-05,-1.706300e+00,1.303143e-01,1.758110e+00,-8.690140e-04,5.082887e-01,-9.114992e-03,1.224448e+00,7.575932e-01,-2.992679e-04
-1.525643e-01,1.651484e+00,-4.780889e-01,-2.154522e+00,-6.215688e-01,5.478890e-01,1.758307e-01,3.726013e-01,-5.834709e-01,1.862569e-02
-8.168722e-01,-1.279924e+00,-2.535109e-01,1.635066e-01,1.146884e+00,-4.727284e-01,-1.456576e+00,-6.178224e-01,-7.539571e-01,1.043640e+00
