1.359588e+00,1.261703e+00,1.000207e+00,1.885029e-01,-2.809520e-01,4.481161e-01,9.212885e-02,5.872053e-01,-8.367439e-01,1.778674e+00
1.525959e+00,1.518573e+00,7.897516e-01,-9.714148e-01,1.072160e-01,-5.532883e-01,-1.736706e+00,-7.598563e-02,-1.500634e-01,4.907584e-01
1.594526e+00,-1.747155e+00,1.898517e+00,-4.454621e-01,3.305873e-01,5.145075e-01,-1.251193e+00,-3.876711e-01,-5.408678e-01,5.906280e-01
-1.759919e-03,-1.078095e+00,4.324104e-01,-3.243483e-02,-5.778415e-03,-1.567223e+00,-4.932400e-03,7.935435e-01,7.008845e-01,-1.027123e-03
3.652206e-03,-1.302935e+00,5.018067e-01,-5.807124e-01,1.385660e-03,-8.759117e-01,5.362406e-03,-8.244070e-01,5.338163e-01,-2.145963e-04
2.047706e-03,1.908219e-01,-6.332036e-01,1.054876e+00,-1.197156e-02,1.734237e-01,2.502525e-03,8.546980e-01,-1.149659e-01,2.508003e-03
1.281239e-03,-1.603847e+00,-1.613462e+00,1.246950e+00,-8.746161e-03,-3.237894e-01,-1.221036e-04,7.833580e-01,4.380275e-01,-9.281451e-04
-9.732320e-01,5.567667e-02,-3.312571e-01,2.728228e-02,3.780899e-01,-1.140546e+00,-1.175488e-01,-1.380549e+00,-1.707419e-03,1.902619e+00
-6.302041e-04,4.206610e-01,-2.593096e-01,5.240359e-01,7.834192e-04,5.688461e-02,7.750500e-03,-1.693012e+00,1.467443e+00,1.112436e-03
2.267969e-03,-1.564752e+00,5.954787e-01,1.073433e+00,9.009728e-04,-3.890375e-01,-1.457572e-04,-1.064718e+00,-1.013155e+00,-2.130636e-03
-9.302956e-04,1.011227e+00,7.807745e-02,-3.419567e-01,-6.346785e-04,-1.017933e+00,-1.011455e-02,8.192308e-01,4.173428e-01,1.296683e-03
-1.751205e-03,9.186467e-01,4.008036e-01,-1.350943e+00,-1.134827e-03,-3.133118e-01,8.692338e-03,-7.679138e-02,7.434672e-01,-2.114684e-03
3.210951e-03,-7.459462e-01,-1.605592e-01,-9.361524e-01,5.377675e-03,-5.332676e-01,2.545179e-03,-6.061708e-01,-5.522914e-01,5.731344e-04
2.300786e-03,-1.190166e+00,-5.062657e-01,4.779998e-02,5.461141e-03,-4.102128e-02,-4.309031e-04,-6.898938e-01,1.765960e+00,1.730811e-03
-4.503051e-03,1.014025e+00,-5.109704e-01,8.930887e-01,-7.849295e-03,4.517847e-01,-3.887235e-03,2.087316e-01,1.411695e-01,-3.463112e-03
1.521420e+00,2.799072e-01,-5.845507e-01,7.973240e-01,-2.436613e-01,-1.935618e+00,-1.388408e+00,1.918008e+00,1.188753e+00,-1.947688e+00
-7.831258e-01,-1.160400e+00,-1.236349e-01,8.559730e-01,-3.169459e-01,1.195924e+00,3.642983e-01,-9.728468e-01,1.286684e+00,-1.611777e-01
-6.914314e-04,-1.603430e-01,8.332383e-02,7.582983e-01,1.531917e-03,-7.700908e-01,-4.785008e-03,-8.040047e-01,8.520535e-01,-1.171844e-03
-1.585065e-01,3.578787e-01,9.440357e-01,1.133973e+00,-6.106984e-01,6.393101e-01,1.742605e-01,2.206200e-01,9.681864e-01,2.702229e-02
-8.159969e-01,1.059937e+00,-2.318664e-01,9.043270e-02,1.161216e+00,4.270577e-02,-1.460155e+00,-4.161720e-01,-1.766964e+00,1.038213e+00
