1.367451e+00,-5.831098e-02,-3.527673e-01,6.599280e-01,-2.815071e-01,-5.003547e-01,9.016675e-02,-3.549673e-01,4.130894e-01,1.779377e+00
1.518738e+00,-5.400083e-01,9.334674e-01,2.546749e-01,1.105024e-01,4.154929e-01,-1.741726e+00,-1.016383e+00,1.238002e+00,4.870510e-01
1.597206e+00,-1.965455e+00,-8.889043e-01,-3.336439e-01,3.368575e-01,1.068129e-01,-1.265198e+00,2.076317e-01,-6.649393e-01,5.924641e-01
-1.252687e-03,1.286873e+00,-1.172515e+00,-1.567919e+00,1.831300e-03,-5.287998e-01,4.040093e-03,-4.742108e-01,6.315392e-01,4.119127e-03
3.490756e-03,1.066069e+00,-7.570607e-01,-4.336606e-01,-8.039010e-03,8.955060e-01,6.643591e-03,-6.366617e-01,-5.506444e-01,5.248847e-04
9.546870e-04,-2.330726e+00,-7.501213e-01,5.416506e-01,7.111706e-03,2.380483e-01,1.178652e-03,-2.780583e-01,4.702807e-02,-1.089265e-04
9.342727e-04,-1.218844e+00,1.147977e+00,1.697862e+00,-1.983373e-03,-8.515461e-01,-7.196912e-03,-1.367515e-01,-1.255134e+00,-1.534230e-03
-9.723922e-01,-8.086326e-01,5.279070e-01,-8.571421e-01,3.874387e-01,-7.279862e-01,-1.293443e-01,9.213894e-01,6.894820e-02,1.904977e+00
-2.457353e-03,7.729209e-01,7.669614e-01,-9.078406e-01,5.769964e-03,1.446960e+00,-2.791329e-04,-5.929235e-01,8.129188e-01,4.576482e-03
-4.086041e-03,-2.126697e-01,4.837780e-01,-2.380741e-01,4.271818e-03,8.738109e-03,5.281843e-03,7.469470e-01,9.139382e-01,-4.507493e-03
-4.140688e-03,-3.162673e-01,-1.049738e+00,1.932675e+00,-2.279280e-03,-3.695187e-01,1.827575e-03,5.400927e-02,-7.361883e-01,-6.183980e-04
-5.199964e-03,-1.343532e+00,1.343828e-01,1.212303e+00,-2.032019e-03,7.009407e-01,1.029478e-03,-1.764799e-02,-1.464219e+00,-2.137973e-03
-4.407074e-04,7.544128e-01,1.542940e+00,-3.110879e-02,1.511335e-02,1.424446e+00,-3.472771e-03,1.025998e+00,-3.176654e-01,1.531592e-03
3.026187e-03,2.039892e-01,2.301363e-01,-1.142444e+00,-2.918734e-03,8.580177e-01,2.454148e-03,1.576617e+00,6.110406e-01,-1.278053e-03
3.606036e-05,2.462229e-01,5.775552e-02,-1.371479e+00,5.905624e-03,-3.143333e-02,-2.201785e-03,6.986822e-01,-5.895050e-01,-2.037342e-03
1.527951e+00,-1.287573e-01,1.184975e+00,4.365038e-01,-2.447752e-01,2.094988e+00,-1.378672e+00,-3.108476e-01,1.529796e+00,-1.945353e+00
-7.845457e-01,1.848203e+00,-5.811082e-01,-1.121869e+00,-3.125459e-01,-1.206222e-01,3.457936e-01,2.518905e-01,-9.385865e-02,-1.609538e-01
-1.379103e-03,8.674810e-01,7.643621e-01,1.773911e-01,-4.041800e-04,1.737702e-01,-6.893607e-03,-1.257972e+00,-7.398615e-01,8.273247e-04
-1.558792e-01,1.127895e+00,1.134358e-01,-4.707025e-01,-6.224876e-01,-4.662597e-01,1.792311e-01,-5.664912e-01,1.614644e-01,2.393750e-02
-8.154770e-01,-1.093265e+00,-7.155391e-01,-9.124698e-02,1.153232e+00,-9.747095e-01,-1.465358e+00,1.041019e+00,8.851832e-01,1.038073e+00
