1.359117e+00,1.158766e-01,8.477522e-01,1.460041e-01,-2.806083e-01,-5.483604e-01,9.097472e-02,-8.031838e-01,-5.977913e-01,1.778207e+00
1.526377e+00,6.413468e-01,-8.656369e-01,-9.133351e-01,1.085084e-01,-5.428662e-01,-1.751383e+00,6.686060e-01,1.574099e+00,4.893531e-01
1.593630e+00,1.852212e+00,6.431965e-01,6.553658e-01,3.272676e-01,-2.496596e-01,-1.260969e+00,-3.290783e-01,4.735317e-01,5.908824e-01
-7.525002e-04,-5.531423e-01,2.822126e-01,-2.114213e-01,-1.072906e-03,-7.708929e-01,3.259497e-03,6.704059e-01,-3.420699e-01,1.672713e-03
-7.001296e-04,-7.518149e-01,-6.700320e-01,-1.061437e+00,-7.853093e-03,-8.466338e-01,-8.732291e-03,4.408098e-01,-1.409704e-01,-2.300645e-03
1.292196e-03,-3.307686e-01,1.716442e-01,6.271556e-01,2.178496e-03,5.425445e-01,5.808738e-04,-1.949889e+00,-1.090496e+00,-1.586835e-04
8.701749e-04,1.468801e+00,9.320372e-01,-7.814185e-01,-3.920417e-03,-1.883121e-01,-2.341964e-03,-8.588288e-01,6.901550e-01,2.643299e-03
-9.700294e-01,-1.108327e+00,-4.578385e-01,6.705063e-01,3.824980e-01,-1.222828e+00,-1.260399e-01,1.506419e+00,-1.805077e-01,1.906439e+00
1.490444e-03,-5.385577e-01,3.620319e-01,1.507272e-01,2.447389e-03,2.798746e-01,-8.205353e-03,4.856327e-01,-5.888544e-01,6.952252e-03
-3.076818e-03,6.134766e-01,-1.631454e+00,-1.563475e-01,3.366689e-03,4.950492e-01,-3.250831e-03,-2.803169e-01,8.071172e-01,-1.501121e-03
2.873882e-04,-1.263669e+00,5.848954e-01,1.008320e+00,-5.555509e-03,-8.896099e-01,-8.693220e-03,5.203139e-01,-1.721566e-01,2.844969e-03
-5.919587e-04,-1.476048e+00,-9.180753e-01,2.027577e-01,4.909213e-03,6.713885e-02,8.213138e-03,9.412106e-01,8.709204e-01,-5.184364e-03
1.493502e-04,8.087376e-01,-1.423359e+00,-8.021892e-01,-5.355575e-04,7.822590e-02,9.419912e-03,-2.159944e-01,1.132781e+00,9.198895e-03
3.204241e-03,1.623658e-01,2.912080e-01,-1.151511e+00,-4.259124e-05,1.849333e+00,6.672771e-03,-1.905641e-01,-5.235018e-01,2.089802e-03
2.472092e-03,4.177640e-01,-3.906132e-01,-2.188345e-01,2.534506e-04,-6.808640e-01,-9.688311e-03,5.630375e-01,-7.367240e-02,-6.018744e-03
1.530095e+00,4.624078e-01,5.802983e-02,1.859103e-02,-2.371163e-01,5.327209e-01,-1.389811e+00,9.361411e-01,5.912014e-01,-1.948194e+00
-7.776075e-01,2.016719e-01,7.992010e-01,2.287690e-01,-3.258642e-01,-7.433975e-01,3.578916e-01,-7.106927e-01,3.834704e-01,-1.657561e-01
-1.865330e-03,-1.651447e+00,-1.405827e+00,-9.210612e-01,2.023201e-03,2.937155e-01,-2.935195e-03,-7.730034e-01,1.076863e+00,-2.384273e-03
-1.548113e-01,5.419535e-01,9.869202e-02,-4.591457e-01,-6.277921e-01,-9.087712e-01,1.784152e-01,6.405891e-01,-4.453098e-01,2.991996e-02
-8.141209e-01,5.300836e-01,1.590461e-01,2.223456e-01,1.155847e+00,3.841275e-01,-1.457657e+00,1.019227e+00,5.656950e-02,1.037701e+00
