1.352126e+00,1.276877e+00,5.997546e-01,-9.465454e-01,-2.905800e-01,-6.671828e-01,1.034600e-01,-1.423316e-01,4.147246e-01,1.780351e+00
1.524309e+00,-1.920601e+00,-1.424216e+00,-4.258745e-02,1.060817e-01,-8.523359e-01,-1.749529e+00,6.293929e-01,5.000515e-01,4.921096e-01
1.599534e+00,-5.047296e-01,-1.189443e+00,-1.437902e+00,3.217453e-01,-1.156381e+00,-1.275614e+00,-6.108805e-01,-1.329292e+00,5.865128e-01
1.938493e-03,-1.433881e+00,1.378897e+00,-2.003632e-01,5.310706e-04,1.702321e+00,8.530237e-04,2.108540e+00,3.442548e-01,5.669805e-04
-4.848740e-03,-9.111971e-01,-8.529999e-01,5.638699e-01,-9.131874e-03,5.417841e-01,3.344863e-03,-1.770943e-01,5.691210e-01,6.485949e-06
3.266264e-03,-1.201199e+00,2.880534e-01,-6.955534e-01,-2.836399e-03,-3.285760e-01,-4.915290e-03,-3.246722e-02,2.160847e+00,-7.297882e-04
-1.545026e-03,4.908672e-01,-6.682739e-01,-1.088155e+00,-4.880552e-03,7.109185e-01,5.915793e-04,-2.583007e-01,2.494638e-01,-1.300149e-03
-9.738909e-01,2.522015e-01,-5.681075e-02,-5.534474e-02,3.925618e-01,-6.979007e-01,-1.244539e-01,2.858435e-01,2.264076e-02,1.905841e+00
-1.168667e-03,-8.177390e-01,-3.049028e-01,3.181040e-01,3.058428e-03,1.323635e+00,3.792389e-03,3.398125e-01,1.045320e+00,4.436889e-04
-4.274208e-03,-7.315609e-01,2.893372e-01,-1.286159e+00,-1.748381e-03,-1.241174e+00,7.947222e-03,-6.263706e-01,-4.524011e-01,-1.091803e-03
2.691399e-03,6.933361e-02,-1.432612e+00,1.593413e+00,-4.750295e-03,1.935796e-01,-7.937965e-03,-5.550186e-01,-2.439617e-01,2.638294e-03
1.540527e-04,1.626229e+00,2.207644e-01,-1.059513e+00,8.880546e-04,3.418163e-01,6.205630e-03,-8.790470e-02,-1.564101e+00,2.696310e-03
2.517902e-03,-6.916527e-01,1.090819e+00,3.800873e-01,-1.049503e-03,-1.000857e+00,-6.535423e-03,-4.772044e-01,-6.383837e-01,7.843175e-05
9.977415e-04,1.230685e+00,-5.668492e-01,-1.114700e+00,-6.099374e-03,-5.384218e-01,-3.926002e-03,8.374811e-01,3.904231e-01,1.517437e-03
-5.805332e-03,1.482915e+00,1.243006e+00,-1.238920e+00,-8.452260e-04,1.768503e-02,1.337004e-04,1.647914e+00,4.431091e-01,-3.012676e-03
1.522889e+00,-6.646658e-02,-7.276588e-02,2.328399e-01,-2.403616e-01,4.015944e-01,-1.385243e+00,1.540011e+00,-1.357198e-01,-1.947771e+00
-7.772085e-01,1.783269e-01,2.373695e-01,-1.237603e+00,-3.203648e-01,-1.018596e+00,3.653461e-01,8.146418e-01,5.755056e-01,-1.622754e-01
-2.654847e-03,-9.040422e-01,-3.643880e-03,-6.476668e-01,8.148455e-04,-8.176169e-01,-5.293902e-03,1.482494e+00,5.924018e-01,6.304342e-04
-1.557363e-01,4.243832e-01,1.356787e+00,-1.469951e-01,-6.235075e-01,-1.768795e+00,1.643794e-01,5.419398e-03,1.077914e+00,2.200283e-02
-8.177559e-01,6.777948e-02,7.514990e-01,8.849292e-01,1.157479e+00,6.539625e-01,-1.459418e+00,1.264435e+00,1.617281e+00,1.042581e+00
