1.372058e+00,-1.068930e+00,-3.097710e-01,-4.085862e-01,-2.842690e-01,3.570195e-01,9.542577e-02,4.240256e-01,-4.600204e-02,1.779106e+00
1.524204e+00,9.256624e-02,3.395106e-01,4.604441e-01,1.099248e-01,-2.672034e-01,-1.759694e+00,-2.629764e-01,-2.979501e-01,4.877270e-01
1.603534e+00,-3.783548e-01,6.363116e-01,7.037399e-02,3.343260e-01,-4.721451e-01,-1.276117e+00,9.419204e-01,1.839641e+00,5.896995e-01
-2.918996e-03,1.932132e+00,-2.239698e-01,-2.391173e-01,-6.503336e-03,-7.155701e-01,1.433944e-02,3.068532e-01,-6.323966e-02,-2.120444e-03
1.416961e-03,5.412098e-02,-9.091338e-01,-9.584102e-01,1.989929e-03,1.002640e+00,9.488907e-03,-3.034939e-02,-4.868784e-01,2.099621e-03
-2.843098e-03,7.446099e-02,5.451750e-01,1.670034e-01,-1.300723e-03,-1.115817e+00,-6.807706e-03,9.110707e-01,4.846033e-01,-6.930458e-04
-5.794898e-04,-1.978302e+00,-1.492213e+00,-1.134204e+00,-3.178625e-03,-1.545110e+00,2.488578e-03,-1.132811e+00,-3.259828e-01,-2.375612e-03
-9.681147e-01,-7.024963e-01,1.295474e+00,-2.684555e-02,3.846237e-01,-6.861923e-01,-1.162436e-01,1.436517e+00,5.822258e-01,1.905751e+00
7.206035e-04,-3.956610e-01,1.057059e-01,6.109353e-01,5.307056e-03,4.325204e-01,-1.559554e-03,-7.330148e-01,6.297277e-01,1.034305e-03
-2.235894e-03,2.355453e+00,-1.092173e+00,-1.012887e+00,-4.475652e-03,-1.886901e+00,-3.193905e-03,7.455816e-02,1.512382e+00,-1.369989e-03
1.379102e-03,7.461703e-01,1.085548e+00,3.008131e-01,2.128645e-03,-4.406282e-01,8.930092e-04,3.700076e-01,5.388109e-01,2.661648e-03
7.422126e-04,-6.712399e-01,1.987732e-01,-1.949198e-01,4.117308e-03,-1.142930e+00,6.637288e-03,1.263912e+00,5.873906e-02,-1.510871e-03
2.913716e-03,-1.882146e+00,-5.359489e-01,1.370261e+00,-1.678010e-03,5.869684e-01,-2.941652e-03,8.269181e-01,-1.444576e+00,4.903860e-03
-3.212254e-04,-1.263645e+00,7.523980e-01,-1.356769e+00,6.303941e-03,-1.133356e+00,-3.064103e-03,-5.647559e-01,-2.207808e+00,2.595083e-03
2.321663e-03,9.889028e-01,5.031525e-01,-8.803797e-01,3.459755e-03,9.477872e-01,3.714275e-03,2.495812e-01,4.294672e-01,-5.222630e-03
1.519995e+00,-1.120281e+00,-7.730321e-01,-9.042285e-01,-2.515967e-01,2.593348e-01,-1.375442e+00,-5.480244e-01,7.070945e-02,-1.945982e+00
-7.720855e-01,6.999605e-01,-3.784828e-02,-2.343669e-01,-3.207231e-01,4.055207e-01,3.437797e-01,-4.031055e-01,5.024803e-03,-1.644191e-01
-2.959909e-03,-3.126105e-01,-3.285375e-01,4.967662e-01,-1.058523e-03,5.598102e-01,2.057780e-03,-8.948694e-02,-4.851922e-01,-1.938211e-03
-1.530186e-01,9.246935e-01,-2.559910e-01,1.615388e+00,-6.296000e-01,4.169507e-02,1.723934e-01,4.884462e-01,-6.177901e-01,2.509083e-02
-8.204991e-01,4.277535e-01,-1.336553e+00,-1.201167e+00,1.159240e+00,-8.723394e-01,-1.456981e+00,-9.278728e-01,4.534449e-01,1.040144e+00
