1.356183e+00,-1.493953e-01,-9.177349e-01,3.620317e-01,-2.791564e-01,-1.040322e+00,7.462077e-02,-9.929357e-01,1.661673e+00,1.772432e+00
1.527150e+00,4.942905e-01,1.476614e+00,1.511818e+00,1.134717e-01,-1.914595e-01,-1.728992e+00,-1.819633e-03,6.730835e-01,4.902605e-01
1.595264e+00,-1.183332e+00,1.515417e+00,1.822172e+00,3.313284e-01,-7.910356e-01,-1.266552e+00,-3.840400e-01,3.354578e-01,5.920431e-01
1.892687e-03,-5.961927e-01,-2.397054e-01,-1.025300e+00,4.530568e-03,-3.804689e-01,-3.500278e-03,9.025523e-01,5.542657e-01,-9.005684e-04
2.844625e-03,-2.954243e-01,-1.031439e+00,-9.924016e-01,-1.807347e-02,-7.962741e-01,1.114911e-03,-5.247937e-01,-6.950551e-01,-1.066536e-04
-4.380342e-03,4.850202e-01,3.252119e-01,-8.994479e-01,-1.847428e-03,-3.771295e-02,1.201788e-02,-4.547314e-01,1.368894e+00,-9.615263e-04
3.981287e-03,1.051689e+00,7.592542e-01,-8.134527e-01,9.316445e-04,-6.506979e-01,2.803537e-03,1.294984e+00,3.979367e-02,1.295904e-03
-9.750195e-01,8.052232e-01,9.082179e-03,-4.802291e-01,3.869112e-01,-1.208156e+00,-1.160438e-01,2.149924e+00,5.902424e-01,1.908020e+00
-1.340181e-03,6.008968e-01,1.554921e+00,1.008328e+00,1.905952e-04,3.267380e-01,1.336927e-03,-1.229398e+00,-9.961387e-01,5.720485e-03
1.127882e-04,-5.340709e-01,-6.688745e-01,9.922288e-01,-5.238463e-03,2.042150e+00,-1.619496e-02,-6.512509e-01,-3.412673e-01,1.828553e-03
2.424259e-03,-5.996288e-01,-5.241455e-01,-4.263836e-02,-8.891452e-04,6.621184e-01,-5.548175e-03,1.825644e+00,4.458107e-01,-2.514979e-03
-2.934701e-03,-2.933154e-01,-4.789034e-02,-2.154136e-03,-2.877498e-03,-1.967772e-01,-1.816065e-03,7.998045e-01,-1.973754e-01,-6.423901e-03
2.802118e-03,8.568642e-01,2.555948e-01,-2.358521e+00,-4.552219e-04,-8.767716e-01,3.217937e-03,1.279799e+00,1.049724e-01,2.702917e-03
3.896303e-03,1.443528e+00,-1.449352e-01,2.107442e+00,3.541077e-03,-6.570898e-01,-6.393348e-03,4.513366e-01,5.559338e-01,1.717322e-03
-1.684796e-03,-7.493530e-01,2.126167e-01,-1.776455e-01,-5.142018e-03,-1.416818e-01,-6.488482e-03,-1.598054e+00,8.208950e-01,-1.425318e-03
1.520467e+00,5.444127e-01,-4.503681e-01,-3.904285e-01,-2.479940e-01,1.232800e+00,-1.384571e+00,4.032977e-01,-4.400395e-02,-1.947243e+00
-7.803022e-01,4.907439e-02,-6.462107e-01,-1.388587e-01,-3.185745e-01,2.803896e-01,3.413248e-01,1.356795e+00,-3.841915e-01,-1.592668e-01
5.213499e-03,-5.097286e-01,-7.180294e-01,-4.848241e-02,6.134291e-03,1.755344e+00,-6.970169e-03,-6.362588e-01,6.713852e-01,1.309732e-03
-1.614708e-01,1.257800e+00,-4.563946e-01,2.232749e+00,-6.270664e-01,9.711508e-01,1.801320e-01,-1.247519e+00,1.433705e+00,2.891963e-02
-8.210942e-01,-3.738110e-01,1.568588e+00,-8.537165e-03,1.156343e+00,1.490077e+00,-1.438266e+00,5.449691e-03,9.406817e-01,1.042061e+00
