1.359872e+00,-2.168236e-01,-8.441590e-01,-1.281681e-01,-2.847821e-01,1.202059e+00,9.040049e-02,-1.535312e-01,1.599056e-01,1.779124e+00
1.519307e+00,-3.257725e-01,7.661420e-01,-7.424840e-01,1.106575e-01,-1.211128e+00,-1.736576e+00,1.033511e+00,1.090631e+00,4.842874e-01
1.599554e+00,2.750898e-01,-2.693220e-01,1.648563e-01,3.246264e-01,-7.238864e-01,-1.264053e+00,8.190811e-01,-8.635120e-01,5.880530e-01
3.591903e-03,-3.663515e-01,9.197652e-01,-9.129692e-01,-3.532401e-03,3.136968e-01,3.511107e-03,7.912453e-01,3.751149e-01,2.681145e-03
1.506068e-03,1.054567e+00,-1.874024e+00,-2.376018e-01,5.065399e-05,7.776003e-01,-1.693795e-03,5.053549e-01,4.197857e-01,-1.227613e-03
-1.182231e-04,-7.395597e-01,-3.554927e-01,-6.285795e-01,-2.113092e-03,1.280363e+00,-4.661499e-04,-7.516959e-02,-4.180374e-02,1.709305e-03
1.502237e-03,5.374240e-01,6.084894e-01,-6.926515e-01,-1.238925e-02,-3.989880e-01,8.570733e-03,1.722253e-01,-3.797907e-02,-2.471275e-03
-9.716653e-01,3.328170e-01,7.384709e-01,1.473865e+00,3.876356e-01,9.324796e-02,-1.087709e-01,-3.360924e-01,-1.107119e+00,1.904174e+00
-1.242079e-04,1.136121e+00,9.784954e-03,3.379685e-01,2.689174e-03,2.744822e-01,1.225460e-04,2.311833e-01,6.656059e-01,4.698981e-03
-8.159861e-03,-4.336186e-01,3.014567e-01,-3.956498e-01,-3.981378e-04,-2.267002e-01,1.842937e-03,7.880866e-01,-1.040611e-01,-3.436526e-03
-2.074249e-04,-1.469345e+00,-1.340310e+00,3.118692e-01,-2.236985e-03,1.003854e+00,-9.532829e-03,-1.665082e-01,1.764898e+00,7.768175e-04
-2.367802e-03,-8.229654e-01,-1.141851e+00,1.038689e-01,-2.926778e-03,-6.628069e-02,8.432560e-04,1.282860e-01,1.489213e-01,-3.521915e-03
-2.444487e-04,-1.470959e+00,-8.698211e-02,8.566962e-01,1.266413e-03,1.080671e+00,-8.548119e-04,-2.868836e-01,1.504291e+00,2.629873e-03
-5.426546e-04,-9.150819e-01,-2.270562e-01,3.565099e-01,8.834766e-03,4.252350e-01,-3.550588e-03,-5.495876e-01,4.234103e-01,-1.547141e-03
-3.721158e-03,-1.830828e-01,-4.847165e-01,-4.785976e-01,4.767607e-03,1.155119e+00,4.063223e-03,-4.995876e-01,-1.288952e-01,-5.394870e-03
1.516589e+00,-1.354397e+00,8.738939e-02,-6.721337e-01,-2.350816e-01,-9.533816e-01,-1.378040e+00,-1.169945e+00,-8.926387e-01,-1.949634e+00
-7.767129e-01,3.337716e-01,1.015060e+00,4.630244e-02,-3.076661e-01,-8.974550e-01,3.439375e-01,-1.597899e+00,-8.523460e-01,-1.582066e-01
-1.633041e-03,-7.684592e-01,2.762111e-01,7.460185e-01,-7.815078e-04,3.474616e-01,-9.208664e-04,-1.925804e-01,-1.626322e+00,-3.448988e-04
-1.556694e-01,3.615654e-01,5.437642e-01,-1.372994e-01,-6.278561e-01,-1.504042e+00,1.746909e-01,-8.133193e-01,-6.271790e-01,2.370995e-02
-8.156201e-01,-9.457824e-01,-1.253225e-01,8.024821e-01,1.157860e+00,-6.258484e-01,-1.469770e+00,-8.196363e-01,-6.510005e-01,1.041895e+00
