1.365879e+00,5.590815e-01,5.353119e-01,-3.484434e-01,-2.817322e-01,-5.448759e-01,9.002216e-02,1.072463e+00,5.365391e-01,1.778458e+00
1.520420e+00,-1.626525e+00,-4.726725e-01,-1.004316e+00,1.104396e-01,-1.044008e+00,-1.742261e+00,-3.644785e-01,1.384868e+00,4.846451e-01
1.600521e+00,1.412049e+00,-4.907191e-01,-6.218470e-01,3.229155e-01,-7.079804e-01,-1.272321e+00,1.676316e-01,9.897558e-02,5.895059e-01
5.608811e-03,-2.021705e-01,8.702223e-01,6.007288e-01,5.218683e-03,-7.242660e-01,-4.246800e-03,1.636561e+00,1.041399e+00,2.331237e-04
-6.446891e-03,-4.654322e-01,1.543853e+00,-1.702787e+00,-6.003662e-03,-1.552540e+00,1.035490e-03,-6.809803e-01,-1.274414e+00,-2.679029e-04
-3.195402e-03,1.427539e-01,1.083701e+00,-6.055857e-01,-1.227119e-03,-2.973429e-01,5.898391e-03,-9.196669e-01,1.744843e+00,-1.850993e-03
-6.891286e-04,-1.519564e-01,1.110851e+00,3.216716e-01,-4.053564e-03,4.420080e-02,4.728573e-03,5.096181e-01,-4.525814e-01,1.134720e-03
-9.721852e-01,-2.762686e-01,1.273306e+00,1.924248e+00,3.877885e-01,8.185939e-01,-1.232873e-01,-8.093709e-01,-6.021292e-01,1.902196e+00
-2.003955e-03,3.371249e-02,1.606431e-01,5.714372e-01,3.930134e-03,-8.321322e-01,-1.030278e-03,-7.072670e-02,-1.524528e+00,1.994463e-03
-4.752587e-03,1.812770e+00,7.258070e-01,4.016975e-02,1.087289e-02,-5.342696e-01,-3.319518e-03,-5.983146e-01,-3.662707e-01,-4.962298e-03
1.008402e-03,-4.351081e-01,-1.271136e+00,-1.034452e+00,-5.710155e-03,5.693917e-01,-9.770528e-03,1.186088e-01,-4.731769e-01,-1.182248e-03
-1.204713e-04,6.893781e-01,9.821725e-01,-1.051487e-01,-1.094767e-02,-6.369331e-01,1.901127e-03,-4.809024e-01,-2.153604e-02,-5.803396e-04
1.769631e-03,3.252701e-01,5.989581e-01,1.711492e-01,3.805936e-03,1.287506e+00,9.375310e-03,1.837966e+00,3.884804e-01,3.040030e-03
7.624548e-03,-8.748788e-01,-5.987979e-01,4.323943e-01,-3.983006e-03,2.683084e-01,7.863807e-03,-7.623748e-01,1.004007e+00,-1.206151e-03
-4.687804e-03,-6.818498e-01,1.151450e+00,-4.563355e-01,3.325494e-03,3.274367e-01,8.496826e-03,2.344473e-01,3.778389e-02,3.523236e-04
1.521539e+00,8.382904e-01,2.200940e+00,-4.745661e-01,-2.398593e-01,-5.197151e-01,-1.387466e+00,-1.181135e-01,9.670889e-01,-1.944950e+00
-7.825855e-01,-1.887592e-01,-6.009563e-01,-9.948269e-01,-3.121409e-01,-5.269496e-01,3.483483e-01,-3.833642e-02,3.058154e-01,-1.596854e-01
-4.276437e-03,2.267003e-01,8.668152e-01,-5.484345e-01,-2.065982e-03,1.002136e+00,2.776879e-04,5.269989e-01,-2.942162e-02,-9.941301e-04
-1.634410e-01,1.330233e+00,-9.833408e-02,-1.360129e+00,-6.246153e-01,6.083919e-01,1.728736e-01,-1.026149e+00,-1.449997e+00,2.664346e-02
-8.135700e-01,3.386032e-01,3.558840e-01,9.945943e-01,1.155957e+00,-9.671205e-01,-1.443430e+00,1.664735e+00,1.829740e-01,1.039794e+00
