1.358976e+00,4.007554e-01,1.351401e-01,-4.011452e-01,-2.894254e-01,-1.090623e+00,9.081566e-02,1.368633e-01,1.367110e+00,1.778773e+00
1.520878e+00,-2.720855e-01,8.161189e-01,2.443724e-01,1.198289e-01,-7.621431e-01,-1.731451e+00,-1.578302e+00,4.577960e-01,4.887637e-01
1.599403e+00,1.559020e+00,1.784919e+00,1.296224e+00,3.316817e-01,-7.017536e-01,-1.267581e+00,-2.180187e-01,-2.110355e-01,5.907422e-01
-6.206030e-04,-6.078689e-01,5.922102e-01,7.029971e-01,-4.839466e-03,-4.590098e-01,-4.339834e-03,2.457976e-01,-3.575322e-01,-7.285993e-04
1.104557e-03,8.863227e-01,1.685141e-01,-2.304277e-01,6.556230e-03,-8.636281e-01,-2.143190e-04,8.380563e-01,5.043047e-01,-6.898454e-04
-1.727073e-03,-4.348241e-01,-4.860209e-01,-2.292488e-01,-3.490133e-03,-9.103420e-01,-5.146849e-03,4.835873e-02,-4.884544e-01,-3.236207e-04
1.807503e-03,5.859139e-01,1.733630e-02,-5.547194e-02,-1.841936e-03,3.606911e-01,-7.444846e-03,-3.651024e-01,5.967894e-01,-2.974412e-03
-9.723426e-01,-7.795501e-01,1.375765e+00,-2.384131e-01,3.908825e-01,-2.369192e-01,-1.210722e-01,-8.812922e-01,5.019372e-01,1.904960e+00
5.331426e-03,9.459296e-01,9.162343e-01,9.908887e-01,-1.468529e-03,-1.076936e+00,3.082765e-03,-1.922424e-01,3.720456e-01,3.915117e-03
6.986687e-05,1.198098e+00,3.493274e-01,-2.682134e+00,-1.439230e-03,-7.774748e-01,-4.035736e-03,-9.521788e-01,3.983853e-02,-8.979702e-04
2.663999e-03,7.640426e-01,-9.695953e-01,-8.180005e-01,8.404951e-03,-7.586302e-01,4.989176e-03,-1.995842e+00,3.074670e-01,-1.028145e-03
-3.529982e-03,-3.104567e-01,1.846036e+00,7.470781e-01,-8.380986e-03,7.825546e-01,1.188827e-02,-9.216128e-01,1.325169e-01,-2.001403e-03
2.974673e-03,-4.898024e-01,3.570744e-01,-2.346184e-01,-1.808227e-04,-5.658396e-01,8.864806e-03,1.687317e+00,-7.961330e-02,1.778673e-03
5.060292e-03,9.408616e-01,1.296471e+00,-4.816035e-01,6.997189e-03,3.858306e-01,-5.655393e-03,1.192311e-01,6.435593e-01,-1.375418e-03
5.519911e-04,-1.182514e-01,5.556929e-01,1.293000e+00,-5.866323e-04,2.750394e-01,4.697605e-03,-3.613515e-01,9.309496e-01,-6.721450e-04
1.522834e+00,8.663094e-02,7.625133e-01,-8.971258e-01,-2.484463e-01,2.556507e-01,-1.386645e+00,1.644074e+00,6.944237e-01,-1.945616e+00
-7.834264e-01,4.269035e-01,6.809070e-02,1.304989e+00,-3.130674e-01,-4.620345e-01,3.487048e-01,9.564641e-01,6.592682e-01,-1.609795e-01
-3.369203e-03,6.054868e-01,8.865546e-02,-3.730978e-01,1.013047e-03,3.306219e-01,-2.697131e-02,-3.780803e-01,-1.053160e+00,-2.270656e-03
-1.553487e-01,2.251839e+00,1.722349e-01,9.039531e-02,-6.254045e-01,-5.150368e-01,1.679874e-01,4.448353e-01,-1.215616e+00,2.633600e-02
-8.143123e-01,2.074857e-02,1.855955e-01,3.167591e-01,1.156035e+00,-2.215318e-01,-1.455828e+00,-3.255716e-01,-1.734075e-01,1.042456e+00
