1.362710e+00,1.235667e+00,6.444588e-02,3.963332e-01,-2.800378e-01,-5.898193e-01,9.175805e-02,1.431302e+00,9.465539e-01,1.774820e+00
1.532673e+00,-1.740132e+00,3.653302e-01,-2.286253e+00,1.098588e-01,-7.682357e-01,-1.739257e+00,-6.693494e-01,-2.780386e-01,4.876899e-01
1.600440e+00,-7.148282e-01,-7.351935e-02,-5.658390e-01,3.213758e-01,-1.616280e-02,-1.264792e+00,3.695616e-01,4.171229e-01,5.917906e-01
-4.012604e-03,1.122011e+00,-8.783651e-01,-2.284580e-01,-2.675070e-03,-1.129415e+00,4.999173e-03,1.067192e+00,8.177144e-01,2.043645e-03
8.600058e-04,-3.442484e-01,-8.938388e-01,-1.056798e+00,-3.738247e-03,-8.413006e-01,6.736176e-03,8.161716e-01,-1.189078e+00,-3.117278e-03
2.682623e-03,-7.298533e-01,1.507254e+00,1.262299e+00,-2.722531e-04,1.088548e-01,6.885999e-03,-5.263225e-01,1.643489e-01,-3.320248e-04
2.301388e-03,1.084230e+00,-1.387001e+00,2.221585e+00,3.863571e-03,-9.234194e-01,-4.862565e-05,4.012150e-01,9.593238e-01,-4.546201e-03
-9.761334e-01,2.102782e-01,1.699853e-01,8.801954e-01,3.868448e-01,-1.067523e+00,-1.147678e-01,-1.624941e+00,-3.806284e-01,1.904937e+00
1.411013e-03,6.544091e-02,-2.585991e+00,8.442413e-01,-1.037965e-02,1.662920e+00,-1.067830e-02,-2.676737e-02,-1.753603e-01,3.579517e-03
1.807172e-03,9.123162e-01,-3.329474e-02,5.407471e-01,-4.120933e-03,-7.597612e-01,-2.786370e-03,5.857899e-01,5.244025e-01,-3.051345e-03
5.581186e-03,-1.801259e+00,4.512503e-01,-2.835490e-02,3.978423e-04,-5.914520e-01,8.186361e-03,8.741473e-02,-1.154239e-01,2.152539e-03
-7.840764e-03,1.381971e-01,-1.617608e+00,-3.193953e-01,-6.866630e-04,-6.190162e-02,4.833827e-03,-1.124276e+00,6.563976e-01,-1.688470e-04
2.021298e-03,-1.437821e+00,-8.390545e-01,9.479627e-01,5.120610e-03,-1.249140e+00,6.642007e-03,-9.810851e-01,1.201524e+00,3.991266e-03
6.234139e-03,5.250217e-01,-1.050586e+00,1.175575e-01,5.862826e-03,9.284035e-02,-2.144561e-03,-8.636440e-01,4.743152e-01,2.073095e-03
-2.030149e-03,-3.802746e-01,3.230386e-01,-6.274066e-01,1.275798e-03,-4.985813e-01,1.611618e-03,1.376749e+00,-8.121047e-01,8.624327e-04
1.521893e+00,1.278622e+00,-2.130837e-01,1.258277e+00,-2.419285e-01,-8.863445e-01,-1.387600e+00,2.486386e-01,-2.884728e-01,-1.946483e+00
-7.826851e-01,5.631234e-02,1.445122e+00,-8.598971e-01,-3.012740e-01,2.953524e+00,3.558407e-01,2.906979e-01,9.424510e-02,-1.645642e-01
-7.263253e-03,-9.693640e-01,7.208640e-01,1.078254e+00,-2.816915e-03,-5.056259e-01,3.576196e-03,3.634314e-01,-1.626312e-01,9.693617e-04
-1.569562e-01,-1.158643e+00,-4.072319e-02,6.311788e-01,-6.219191e-01,1.223736e+00,1.657500e-01,-1.302967e-01,1.476093e+00,2.555476e-02
-8.121919e-01,-1.147355e+00,9.534158e-01,1.358339e+00,1.153915e+00,-1.314574e-01,-1.476591e+00,-5.448604e-01,-7.989743e-01,1.037847e+00
