1.360919e+00,-1.254782e+00,-1.384256e+00,-5.538714e-01,-2.881954e-01,-3.878868e-01,9.008877e-02,-3.269864e-01,-1.278881e+00,1.779807e+00
1.523402e+00,1.087004e-01,-1.044457e+00,1.155624e+00,1.090853e-01,-1.439824e-01,-1.747638e+00,1.407554e+00,3.603163e-02,4.867733e-01
1.600317e+00,-6.794085e-01,-1.478878e-01,-1.251788e+00,3.249790e-01,-3.612183e-01,-1.265034e+00,1.502813e+00,-1.267530e+00,5.905331e-01
5.059417e-03,1.134363e-01,3.668682e-01,1.114956e-01,-5.051214e-03,1.955325e+00,1.270250e-02,-1.453035e-01,1.407190e+00,-1.370319e-03
1.814397e-03,7.003655e-02,-8.329380e-01,-5.001457e-02,5.582504e-04,4.200321e-01,5.816915e-03,3.488908e-01,-4.442125e-01,-2.087691e-03
-1.079611e-03,-1.625672e+00,-7.134413e-01,1.202962e+00,4.284250e-03,-3.704422e-01,-1.434193e-02,3.604723e-01,-1.411364e+00,-9.832655e-04
7.889510e-03,3.813392e-01,-1.359818e+00,-9.832004e-01,-3.419509e-03,5.101661e-01,6.833631e-03,9.761263e-01,9.394193e-02,1.569627e-03
-9.715936e-01,-8.864288e-01,-3.339315e-01,6.424000e-01,3.881403e-01,7.348470e-01,-1.055211e-01,-5.011464e-01,-8.101729e-01,1.906542e+00
-7.013911e-04,7.564174e-02,-1.299039e+00,-8.279169e-01,-5.910356e-03,9.159344e-01,-1.219242e-02,-1.070797e+00,4.489966e-01,2.538164e-03
-2.303278e-03,-3.121035e-01,-1.042828e+00,-3.317553e-01,6.748503e-04,-2.154662e+00,1.462705e-03,3.033633e-01,8.497691e-01,-1.542015e-03
4.057029e-03,2.659644e-01,-9.042970e-01,-5.791999e-01,3.600701e-03,-5.793512e-01,4.181417e-05,-1.327921e+00,1.083188e+00,1.711272e-03
-6.797123e-03,-1.559824e-01,-6.469283e-01,6.134844e-01,-6.851062e-03,1.655178e-01,6.903030e-03,-6.897016e-01,1.755366e+00,-8.324513e-04
3.315003e-03,-3.305750e-01,-6.422922e-01,-7.545627e-01,3.227200e-03,-2.921961e-01,1.585529e-02,-3.561433e-01,3.106799e-01,1.497915e-03
1.122869e-03,6.390246e-01,-4.560517e-01,-1.833745e-01,3.480926e-03,3.225494e-01,6.379207e-03,6.636006e-02,1.470373e+00,-2.674598e-04
-4.648598e-03,6.340020e-02,-4.751281e-01,-1.404531e-01,4.541368e-03,-3.412138e-01,1.162937e-02,-2.496589e-02,2.297602e+00,-2.933858e-03
1.525665e+00,8.257690e-01,-2.078892e-01,-7.686245e-01,-2.455538e-01,1.169563e-01,-1.382352e+00,-1.115286e+00,4.440123e-01,-1.942694e+00
-7.848488e-01,9.817660e-01,-1.121954e+00,1.616525e+00,-3.221420e-01,-1.128829e+00,3.552363e-01,9.224947e-01,-1.478135e+00,-1.638049e-01
-1.131743e-03,5.054616e-01,1.211430e-01,2.892545e-01,-5.157194e-03,-1.765456e-01,-3.465723e-03,7.121011e-02,1.138975e+00,-5.765003e-03
-1.542365e-01,-2.580568e-01,-5.123750e-01,-1.315153e+00,-6.187312e-01,-1.119350e+00,1.797772e-01,2.530671e-01,2.680678e-01,2.644962e-02
-8.152668e-01,-8.817950e-01,1.205533e+00,-1.890309e+00,1.157254e+00,-1.261757e+00,-1.454973e+00,2.909390e-01,-1.656485e-01,1.042237e+00
