1.356636e+00,-6.993864e-01,-7.102999e-01,-1.461126e+00,-2.883857e-01,-2.071298e-01,8.570405e-02,-3.145103e-01,-6.576537e-01,1.782710e+00
1.517292e+00,-1.951672e-02,1.483432e-01,9.301500e-02,1.081397e-01,1.227083e+00,-1.743750e+00,1.022928e+00,2.348689e-02,4.865057e-01
1.600416e+00,-1.034265e-01,9.630088e-01,1.919726e-01,3.404219e-01,-4.316458e-01,-1.249494e+00,-9.191604e-01,9.678801e-01,5.918827e-01
7.105826e-04,1.156729e+00,-1.225885e-01,4.633003e-01,4.324479e-03,-2.257286e+00,-1.770051e-03,1.674638e-01,-7.745149e-01,-3.118235e-04
-2.398698e-03,1.265454e+00,-5.161534e-02,2.100030e-01,1.646078e-03,2.900960e-01,4.624875e-03,7.299822e-01,1.099367e+00,-9.022173e-04
2.888641e-03,8.153008e-01,-1.558390e-01,1.728267e-01,-5.536061e-03,-1.265321e+00,-1.005377e-02,-9.770730e-01,-5.209330e-01,-2.986498e-03
-8.825825e-04,1.777737e-01,9.493662e-01,-3.678907e-01,-3.642796e-05,3.147538e-01,-8.346689e-04,-1.813921e-01,1.857138e+00,3.213333e-04
-9.718223e-01,-1.356485e+00,-4.555420e-01,-2.031297e-01,3.861982e-01,5.216441e-01,-1.186725e-01,8.891509e-01,-1.239581e+00,1.900742e+00
-2.424441e-03,-1.409471e+00,5.330011e-01,8.002657e-02,-5.474525e-04,1.248942e+00,-4.885040e-03,1.177839e+00,6.927147e-02,3.251211e-03
-1.514666e-03,-3.528075e-01,-8.536626e-01,1.041016e+00,-7.258883e-03,-6.967305e-01,3.325051e-03,1.361009e+00,2.869083e-02,-4.495687e-03
4.040765e-04,-1.342149e+00,7.574603e-01,4.076091e-02,2.325769e-03,4.491000e-01,-1.979353e-03,2.491992e-01,-9.817470e-01,1.804974e-03
3.219154e-04,1.008303e-01,8.660004e-01,4.974739e-02,-2.166619e-03,9.448095e-01,1.347739e-02,2.460929e-01,-3.638861e-01,-1.917535e-03
5.824170e-03,5.847316e-01,6.044132e-02,-8.070322e-01,3.408308e-03,1.670571e-01,-3.163247e-03,1.890699e-01,3.044652e-02,7.512288e-03
-1.998999e-03,5.668618e-01,-3.899239e-01,-1.561042e-02,-2.572917e-03,9.138740e-01,-1.617793e-02,1.077719e+00,7.315575e-01,-4.650550e-05
-1.263669e-03,6.739913e-01,9.451042e-01,1.358380e+00,-4.088855e-03,-9.654067e-02,-2.806528e-03,1.131841e-01,2.774925e-01,-7.674975e-04
1.532060e+00,5.968336e-01,-3.740884e-01,-3.348015e-01,-2.430370e-01,2.303681e-01,-1.381621e+00,4.181140e-01,-1.857305e+00,-1.949867e+00
-7.806339e-01,-9.316926e-01,-1.331453e+00,3.946718e-01,-3.024057e-01,-9.155749e-01,3.597463e-01,1.405171e+00,-9.604128e-01,-1.641114e-01
-7.544737e-03,1.989065e-01,-3.619300e-01,1.896001e-01,3.931734e-04,2.724017e-01,-2.201237e-03,7.630053e-01,2.532081e-01,-3.170579e-03
-1.570302e-01,-5.009484e-01,3.133730e-01,2.941786e-01,-6.202937e-01,-3.709482e-01,1.766456e-01,-2.358115e-01,-9.828688e-01,2.873965e-02
-8.239091e-01,-3.398560e-01,-1.650095e+00,1.159729e+00,1.158041e+00,5.988198e-01,-1.469315e+00,-1.110061e+00,-7.325131e-01,1.039245e+00
