1.359059e+00,6.953521e-01,-1.405989e+00,-4.947928e-03,-2.900290e-01,6.055024e-01,9.381368e-02,1.182377e+00,-1.929289e+00,1.776359e+00
1.526791e+00,2.432607e-01,4.388649e-01,1.106148e+00,1.112604e-01,-1.015807e+00,-1.730874e+00,-1.035366e+00,2.073296e-01,4.909870e-01
1.595628e+00,1.038987e+00,-1.640034e-01,-5.288226e-01,3.284996e-01,-1.239965e+00,-1.263875e+00,5.522496e-01,-1.731668e+00,5.891516e-01
-3.909560e-04,-6.219330e-01,1.687985e+00,-5.664685e-02,-4.371698e-03,-9.533899e-01,5.145971e-03,-2.826078e-01,3.985397e-01,-1.659589e-03
-5.085046e-04,-1.198106e+00,-1.755152e-01,1.928727e+00,-3.912740e-03,1.324420e+00,6.172217e-03,-9.536220e-01,4.052964e-01,-2.052510e-03
-2.946029e-03,-5.489145e-01,7.603784e-01,3.003903e+00,4.005618e-03,4.062696e-02,-9.151540e-03,1.243977e+00,-7.489336e-01,-1.002343e-03
1.595441e-03,7.431781e-01,-6.029399e-01,1.482290e-01,-7.651766e-03,-7.440190e-01,8.926667e-03,-6.750766e-01,8.010211e-01,2.893281e-04
-9.785537e-01,1.353025e+00,8.981816e-01,-3.666242e-01,3.933641e-01,-9.133911e-02,-1.162965e-01,-6.744273e-01,-4.007505e-01,1.905353e+00
5.158973e-03,1.294236e+00,7.010279e-01,1.361749e+00,7.439982e-03,8.124515e-01,-1.451942e-03,-1.299083e-01,5.397617e-01,7.138275e-04
-1.679226e-04,-4.219675e-02,-1.676023e+00,-3.035384e-01,-1.039814e-02,-9.972280e-01,-6.598837e-03,-1.278746e+00,5.753417e-01,-7.155726e-04
7.684390e-03,-1.426385e-01,1.114944e-02,2.869883e-01,1.388602e-03,4.168398e-01,-1.152549e-02,4.020161e-01,3.313384e-01,5.367943e-04
-2.020211e-03,-3.235904e-01,3.045159e-01,7.934259e-01,-7.886768e-03,-7.526899e-01,5.395220e-03,7.360373e-01,7.203051e-01,-3.148311e-03
2.812784e-03,-3.021204e-01,-6.660597e-01,4.208581e-01,1.087100e-02,-4.486879e-01,-4.030760e-03,1.369151e+00,-4.890481e-02,6.923229e-04
-7.000410e-04,3.387764e-01,-2.396708e-01,-1.506941e-01,1.574136e-03,-5.189848e-03,-2.647298e-03,1.003443e+00,-3.928868e-01,7.939466e-04
-1.790481e-03,8.388494e-01,-2.113910e-01,6.726779e-01,4.024340e-04,-3.510806e-01,-3.631965e-03,2.787550e-01,5.988677e-01,-3.638710e-03
1.520537e+00,-5.883977e-01,-2.612777e-01,-1.976701e-01,-2.400368e-01,7.864074e-01,-1.382943e+00,1.162643e-01,2.735306e-01,-1.944139e+00
-7.779864e-01,8.119360e-03,-2.879521e-03,3.044507e-01,-3.177283e-01,-1.580607e+00,3.540867e-01,5.282906e-01,1.030760e+00,-1.604997e-01
-2.244545e-03,-1.447530e+00,3.566611e-01,-2.221812e-01,-4.006947e-03,-2.104910e-01,-1.202202e-02,-4.319585e-01,4.154566e-02,-3.358494e-03
-1.579501e-01,-1.331384e+00,-1.950375e-01,-1.273207e-01,-6.255490e-01,3.366263e-01,1.600703e-01,7.670595e-01,-2.317941e+00,2.657831e-02
-8.184595e-01,-7.499158e-01,1.864046e+00,-1.210517e+00,1.154418e+00,-1.129232e+00,-1.453420e+00,2.406894e-01,-2.021761e-01,1.038904e+00
