1.359831e+00,8.907149e-01,1.868192e-01,3.207496e-02,-2.787830e-01,-1.123642e+00,9.173668e-02,-2.467137e+00,-2.446956e+00,1.780059e+00
1.526190e+00,6.868132e-01,1.356700e+00,-1.223604e+00,1.077868e-01,1.472923e+00,-1.741757e+00,1.056222e-01,-1.254472e+00,4.888700e-01
1.594750e+00,5.172068e-01,1.002021e+00,-8.651935e-01,3.268055e-01,1.733074e+00,-1.269146e+00,2.045466e+00,1.037961e+00,5.933719e-01
-3.415271e-03,-2.318341e-02,-2.378177e-01,3.374984e-01,-1.204586e-03,-6.728943e-02,3.351891e-03,1.363625e+00,-8.497201e-01,1.851085e-04
-2.745487e-03,4.824899e-01,5.465560e-01,5.046640e-01,6.463787e-03,-6.203461e-01,1.148435e-02,-5.987962e-01,1.155480e+00,2.159089e-03
-3.506782e-03,-1.598099e-01,-2.027552e-01,1.180253e+00,-3.980984e-03,-9.732030e-01,-3.887044e-03,7.829477e-01,2.825985e-01,2.830671e-03
2.113528e-03,-1.069044e-01,-7.792231e-01,1.551419e-01,-1.019587e-03,-1.464049e-02,3.107270e-03,-3.923667e-01,-1.638822e+00,1.042574e-03
-9.756150e-01,-9.265521e-01,-7.554488e-01,-8.918559e-01,3.880288e-01,4.586076e-02,-1.201565e-01,1.181013e-01,7.962798e-01,1.905056e+00
1.856483e-03,2.342399e-01,4.065175e-01,-3.539112e-01,-3.334279e-03,-1.305555e-01,5.856125e-04,-3.119325e-02,-1.341182e+00,4.011985e-03
-1.614236e-03,4.725556e-01,-8.042307e-01,-5.350770e-01,-2.005999e-03,5.720594e-01,-8.709552e-04,6.649506e-01,-9.028958e-01,-3.545295e-03
-1.337793e-03,7.131310e-01,7.703561e-01,6.059891e-01,-1.164564e-03,-3.162276e-01,-4.137745e-03,-1.079461e+00,-4.955836e-01,2.571673e-04
-2.230673e-03,3.724786e-01,6.617339e-01,4.944078e-01,-6.574413e-03,-1.459895e+00,-8.085198e-03,9.104441e-01,3.467674e-01,-1.542016e-03
-9.093583e-04,6.355529e-01,-4.589316e-01,-3.248148e-01,9.581674e-03,-1.622391e+00,-4.493004e-04,9.809294e-01,6.526837e-01,-1.470587e-04
-1.657006e-03,-4.921894e-01,6.332177e-01,2.699734e+00,-1.564567e-03,-7.234172e-01,1.425768e-02,-4.595675e-01,1.985221e-01,3.090634e-04
-7.524493e-03,-1.084038e+00,-3.556956e-01,8.634728e-01,7.595086e-04,-2.865977e-01,1.303662e-03,5.503145e-01,-6.813563e-01,-4.759162e-04
1.523936e+00,1.601309e-01,-3.679731e-01,8.031261e-01,-2.414795e-01,9.106782e-01,-1.379102e+00,-1.610046e+00,-3.416018e-01,-1.943918e+00
-7.846171e-01,-3.935002e-01,4.449655e-02,-1.928400e-01,-3.046986e-01,-4.797063e-01,3.523824e-01,7.625104e-01,2.064064e-01,-1.610648e-01
-2.473450e-03,-1.018962e-01,2.472107e-01,-5.339861e-01,3.616798e-03,-4.668969e-01,6.182536e-03,9.544027e-01,1.838272e-01,1.882100e-04
-1.567803e-01,-5.761395e-01,4.890453e-01,-9.988411e-01,-6.261895e-01,1.213532e-01,1.831662e-01,-8.806010e-01,-8.296384e-02,2.378094e-02
-8.158597e-01,-9.819508e-01,1.099339e-01,6.199863e-01,1.156838e+00,5.709960e-01,-1.441548e+00,3.519992e-01,6.928323e-01,1.041376e+00
