1.364848e+00,-3.702336e-01,-5.613297e-01,3.921454e-01,-2.853780e-01,-1.675099e+00,9.285754e-02,7.013802e-02,-9.711656e-02,1.775453e+00
1.527494e+00,-8.171206e-01,-1.556915e-01,6.901344e-01,1.051467e-01,-4.474308e-01,-1.734153e+00,-6.879541e-01,1.715002e-01,4.895091e-01
1.596246e+00,-1.819864e-01,3.239545e-01,-5.233571e-01,3.319646e-01,-9.304386e-01,-1.268244e+00,-1.616118e-01,-4.716767e-01,5.910489e-01
-1.415803e-03,-5.469329e-01,3.839004e-01,-1.950721e+00,-2.601972e-03,1.948192e-01,7.127962e-03,-7.767717e-01,5.910346e-01,2.710548e-03
1.100295e-04,-7.224316e-01,-4.542579e-01,-2.790131e-01,-1.067525e-02,7.306357e-01,1.996546e-03,1.768919e+00,3.618745e-01,-2.990092e-03
-1.456302e-03,-1.057017e+00,-2.377810e-01,-8.541041e-01,3.082552e-03,-7.429274e-01,-3.147769e-03,1.184284e+00,7.432213e-01,-1.287110e-03
4.050926e-03,-1.410141e+00,5.338364e-01,-5.553700e-01,5.122421e-03,7.364039e-02,-4.171494e-03,-4.933490e-01,-4.189313e-01,-2.441857e-03
-9.727325e-01,-3.385299e-01,-1.186334e+00,-2.126795e-01,3.799864e-01,-4.679196e-01,-1.181232e-01,-2.190109e-01,-4.514713e-01,1.910399e+00
6.746795e-04,1.963243e-01,1.940766e-01,-1.299018e+00,1.179049e-03,-4.214433e-01,-3.538525e-03,4.192734e-01,-3.062099e-02,2.114172e-03
-1.799655e-03,-1.472022e+00,-2.317213e+00,1.426276e-01,-6.324620e-03,-1.195931e+00,-5.311647e-03,-1.013101e+00,-2.152640e-01,-4.371573e-03
4.315448e-03,-4.996825e-01,8.956465e-01,-2.796527e-01,8.634424e-03,-5.318120e-01,-6.877341e-04,5.344243e-01,-1.197691e+00,6.144667e-04
2.246234e-03,-2.107674e+00,6.064950e-02,9.777663e-01,-8.814375e-03,9.546699e-01,9.246989e-03,5.971120e-01,4.543555e-01,-1.651555e-03
-5.722939e-03,-8.627605e-01,-2.302419e-01,6.455819e-01,-8.961347e-03,8.946809e-01,4.025683e-03,-7.293119e-01,-2.434602e-02,3.897195e-03
1.229822e-02,-2.657804e-01,3.540422e-02,6.486294e-01,3.914196e-03,2.579812e-01,7.023748e-03,-1.376445e+00,-4.943570e-01,4.751393e-03
-1.502936e-03,-1.297537e-01,9.497003e-02,2.964376e-01,3.134937e-03,-3.207284e-01,-7.961195e-04,1.224798e+00,1.270359e+00,-1.985453e-03
1.526968e+00,-1.201288e+00,-5.175227e-01,1.042606e-01,-2.480330e-01,-3.391555e-01,-1.380801e+00,-3.411912e-02,7.718045e-01,-1.946897e+00
-7.755663e-01,1.454570e-01,-3.026474e-01,1.002849e-01,-3.241419e-01,9.719653e-01,3.456614e-01,2.751829e-01,4.948462e-01,-1.628620e-01
-2.004786e-03,1.001914e+00,5.168899e-01,9.786462e-01,-1.634365e-03,-3.976889e-01,-1.165748e-02,-6.721057e-01,1.115609e+00,-2.475578e-03
-1.583178e-01,-4.342258e-01,8.314374e-01,-3.289418e-01,-6.199177e-01,8.628100e-02,1.734786e-01,1.337497e-01,2.999314e-01,2.247257e-02
-8.124937e-01,1.148309e+00,7.558347e-01,-1.794071e+00,1.154769e+00,-8.823085e-01,-1.463516e+00,5.630243e-01,-1.290932e+00,1.038855e+00
