1.362329e+00,-7.744965e-01,-1.749258e+00,-7.699967e-01,-2.907406e-01,5.338389e-01,9.743443e-02,-1.874140e+00,-3.664024e-01,1.778289e+00
1.518607e+00,-1.319179e-01,3.116336e-01,4.084682e-01,1.105981e-01,-2.471654e-01,-1.753092e+00,-3.508562e-01,-9.691036e-01,4.903910e-01
1.597606e+00,1.623256e-01,-1.389032e+00,1.669958e-01,3.333137e-01,5.267708e-01,-1.272807e+00,-7.042377e-01,1.518521e-01,5.910782e-01
-4.451022e-04,-8.417620e-01,1.158397e+00,-1.833499e-01,-4.798574e-03,5.099682e-01,7.814000e-03,4.950445e-01,-8.824123e-01,-8.121149e-04
-1.422242e-03,-7.986237e-01,1.193167e+00,1.131825e+00,-2.427349e-04,1.909067e+00,4.658882e-03,-1.176706e+00,-8.314574e-01,-8.127146e-04
3.823900e-03,2.913513e-01,4.306198e-02,-9.758758e-01,-3.289766e-03,-1.406010e-01,-4.834769e-03,-6.495006e-01,-9.523250e-01,2.081163e-03
-1.995705e-03,9.715660e-01,7.893302e-01,-1.481995e+00,-2.400199e-03,1.515932e+00,7.019465e-03,2.351338e-02,-3.372793e-01,1.333291e-04
-9.721020e-01,1.962186e+00,9.750008e-01,-4.233272e-01,3.940401e-01,-6.234751e-01,-1.192081e-01,5.471344e-01,3.473086e-01,1.907337e+00
4.325089e-03,1.027152e+00,-1.214073e+00,5.619038e-01,8.137373e-03,4.886632e-01,-1.233222e-03,3.209697e-02,7.200258e-01,-6.554980e-04
-3.166349e-03,1.024020e+00,-2.083412e-01,1.337361e-01,-5.569407e-03,-3.364919e-01,1.177270e-03,-1.107092e+00,-1.440619e-01,-2.950099e-03
3.848127e-03,-1.428898e+00,9.944615e-01,-1.493086e+00,7.686098e-03,2.808030e-01,6.071823e-03,-7.827581e-02,-7.000380e-01,3.186664e-03
-3.364638e-04,-4.337853e-01,-2.593094e-01,-6.231109e-01,-6.183210e-03,7.752427e-01,4.963950e-04,4.100246e-01,5.388152e-01,-2.848148e-03
2.795791e-04,3.798828e-01,-7.842361e-01,1.173618e-01,-1.286926e-04,7.599665e-01,4.501581e-04,-1.040920e+00,-1.129914e+00,3.314425e-03
2.658574e-03,4.655855e-01,-1.775714e+00,-1.297802e+00,1.834990e-03,-2.087672e-01,7.195770e-03,6.872221e-01,2.502426e-01,2.282967e-03
-3.684498e-03,5.076650e-02,3.265554e-01,1.615319e-01,2.580657e-03,-2.326975e-01,-5.702970e-03,-2.516879e+00,2.345707e-01,-2.491994e-03
1.521090e+00,-4.981195e-01,-4.283876e-01,-2.227169e+00,-2.419025e-01,-1.563730e-01,-1.380502e+00,9.122835e-01,-1.134941e+00,-1.948545e+00
-7.817719e-01,-9.079699e-01,-7.409254e-01,6.739508e-01,-3.180687e-01,-3.345592e-01,3.607619e-01,-3.757458e-01,-1.260638e+00,-1.599450e-01
-5.614917e-03,-5.249559e-01,6.263451e-01,2.415359e-01,-1.926205e-03,-4.410581e-01,-3.799810e-03,1.783328e+00,1.027619e-02,-4.986054e-03
-1.605468e-01,-8.197697e-01,6.851753e-01,-3.263984e-01,-6.308783e-01,1.464048e-01,1.703102e-01,-6.988333e-02,-1.238144e+00,2.447214e-02
-8.138977e-01,2.102481e-01,-7.291258e-01,1.233421e+00,1.150397e+00,1.403181e+00,-1.471488e+00,-3.891050e-01,7.657873e-01,1.037817e+00
