1.362509e+00,5.750905e-01,7.872108e-01,7.026427e-01,-2.859581e-01,-1.496354e-01,1.037937e-01,2.753001e-01,-3.251640e-01,1.778925e+00
1.524150e+00,2.356705e-01,-1.702522e-01,1.235971e-01,1.111199e-01,-1.125870e+00,-1.736621e+00,2.664731e-01,-1.018093e+00,4.916188e-01
1.595714e+00,-3.651317e-01,-7.492871e-01,1.129797e+00,3.320505e-01,6.754149e-01,-1.274072e+00,2.186491e-01,-6.219480e-01,5.872203e-01
9.080359e-04,1.876605e-01,1.597495e-01,8.327705e-01,-4.214501e-03,-3.890950e-01,9.494015e-03,2.908183e-01,-1.760398e+00,3.004887e-04
7.691500e-04,7.885833e-01,7.249651e-01,-1.130192e+00,-5.571458e-03,7.952714e-01,-8.216436e-03,-5.573232e-01,5.930045e-01,1.424649e-03
1.073329e-03,-2.547189e-01,5.318230e-02,4.862726e-01,-5.702025e-03,-1.475549e+00,-3.049930e-03,-1.346288e+00,1.966906e+00,-2.527118e-03
-6.537422e-03,-1.667790e+00,2.357487e+00,-9.097673e-01,-8.846364e-04,-1.745063e-01,-2.956132e-03,1.149640e+00,2.348886e+00,-2.633433e-03
-9.820818e-01,8.683137e-01,3.208891e-02,-1.225735e+00,3.823573e-01,-9.213579e-01,-1.140823e-01,4.914230e-01,-2.365918e-01,1.903500e+00
9.311336e-04,2.567053e-01,-1.945753e+00,-6.213607e-01,-5.388074e-03,8.493821e-02,2.017360e-03,8.182162e-02,6.845449e-01,2.512991e-03
-3.033608e-05,2.841794e-01,6.583828e-01,5.750152e-01,4.626855e-03,1.397044e+00,1.042795e-02,-1.371432e+00,5.422881e-01,7.706463e-04
1.261285e-03,-7.235375e-01,-2.180761e-01,9.067639e-01,4.719903e-03,2.109235e+00,-2.071997e-03,-1.898129e+00,8.263723e-01,2.318867e-03
2.596221e-03,7.661404e-01,-6.219017e-01,6.455402e-01,-1.083855e-02,-1.722063e-01,1.850037e-03,1.164032e+00,-1.893404e+00,-5.721766e-03
5.631822e-03,-1.179767e+00,9.721519e-01,3.181846e-01,-3.545190e-03,1.126949e-01,5.565100e-03,-1.508463e-01,-1.512620e-01,4.449231e-03
-4.433774e-03,-6.981672e-01,1.625437e+00,-1.567823e+00,3.628404e-03,-1.632837e+00,5.308196e-03,8.063788e-01,-9.253672e-01,-1.144267e-03
-7.467934e-04,5.690179e-01,-1.235794e+00,5.771998e-01,-9.224501e-03,-3.434331e-01,-1.369240e-02,-1.032836e+00,4.528475e-01,-3.276809e-03
1.518784e+00,3.278081e-01,-9.669720e-02,1.553629e+00,-2.388626e-01,-2.292481e-01,-1.390002e+00,3.424947e-01,-1.505766e-01,-1.947813e+00
-7.796090e-01,1.036679e+00,-1.214530e+00,-7.522451e-01,-3.197087e-01,7.872555e-02,3.639645e-01,4.389948e-01,4.315345e-01,-1.595604e-01
1.150336e-04,-5.947053e-01,-1.041681e+00,-6.910913e-01,6.207664e-04,1.285875e+00,-2.639773e-03,-1.366418e+00,3.193916e-01,-3.212779e-03
-1.552233e-01,4.791002e-01,1.554022e+00,5.337100e-01,-6.220704e-01,-1.335469e+00,1.777698e-01,1.055696e+00,1.796728e-01,2.904756e-02
-8.174732e-01,3.894301e-01,-1.621045e+00,7.396414e-01,1.154848e+00,8.098565e-01,-1.466908e+00,-1.719151e-01,-5.367487e-02,1.038548e+00
