1.363754e+00,1.334093e+00,1.618828e+00,-6.623404e-01,-2.800849e-01,1.392194e-01,8.854071e-02,8.098051e-01,-1.412808e+00,1.778103e+00
1.523851e+00,1.063291e+00,1.938882e-01,1.646055e+00,1.105480e-01,3.609829e-01,-1.746957e+00,1.531586e+00,5.472248e-02,4.889715e-01
1.597833e+00,1.507495e-01,8.431055e-01,5.839994e-02,3.285703e-01,-4.565021e-01,-1.253212e+00,-2.644069e-01,-1.406855e+00,5.935645e-01
2.512239e-03,-5.987480e-01,9.107751e-01,-1.168552e+00,-5.478970e-03,-2.348069e-02,1.399560e-02,-3.994440e-01,5.403128e-01,3.299032e-04
2.260977e-03,4.092036e-01,-1.515598e+00,-9.675742e-01,-7.137618e-03,1.598605e+00,-6.941113e-03,1.174456e+00,2.119309e+00,3.107187e-04
2.533473e-03,1.135935e+00,1.463778e+00,-8.379707e-01,-3.750456e-03,3.579320e-01,-5.852622e-04,7.912192e-01,4.648188e-01,-1.496719e-03
-4.831771e-03,1.218300e-01,1.226807e+00,4.648053e-01,4.525324e-03,-4.398290e-01,-9.743232e-04,-1.915154e+00,-2.035801e-01,-2.845177e-03
-9.694036e-01,1.008521e+00,7.039057e-01,7.562566e-01,3.840126e-01,5.930702e-01,-1.214105e-01,8.385410e-02,-7.024511e-01,1.904542e+00
-5.068110e-03,1.514298e-01,-6.095067e-01,-7.539248e-01,3.227701e-03,9.109884e-01,1.032817e-02,5.044795e-02,-3.513665e-01,1.403462e-03
-8.249303e-05,-1.106660e-01,2.090253e+00,-9.082372e-01,1.227049e-03,-2.354272e-01,3.296599e-03,-8.436715e-01,-5.560073e-01,-1.066460e-03
-2.840701e-03,2.066060e+00,-3.843774e-01,2.675916e-01,1.491091e-03,2.722076e-01,-3.822108e-03,5.112047e-01,4.562368e-01,8.961194e-04
3.878459e-03,4.546330e-01,2.111223e-01,9.060861e-01,-3.533343e-03,2.758680e-01,5.208408e-03,-1.380937e+00,1.174651e-01,-5.070425e-03
-1.030050e-04,1.662786e-01,-3.984037e-01,-4.676896e-01,-5.927836e-03,1.517832e+00,-6.125473e-04,-6.845013e-01,-7.070571e-01,5.820991e-03
-4.197559e-03,-1.109325e-01,5.183372e-01,1.468332e+00,8.735691e-03,4.383244e-01,-1.107867e-03,-8.337175e-02,-7.814117e-01,1.944350e-03
4.416474e-03,-5.103600e-01,2.229612e+00,7.479722e-01,4.057517e-03,4.864849e-01,-6.650993e-03,5.896049e-01,-4.956318e-01,1.589877e-03
1.525575e+00,-6.389594e-01,4.102053e-01,-6.378891e-01,-2.440955e-01,-1.441612e+00,-1.384275e+00,1.116024e+00,1.240017e+00,-1.948984e+00
-7.777352e-01,-1.923440e+00,1.648441e-01,5.523873e-01,-3.041911e-01,6.501289e-02,3.577091e-01,-3.708040e-01,2.578886e-01,-1.623758e-01
-6.626943e-03,-1.240544e+00,-5.960910e-01,1.093215e+00,-1.195695e-03,-3.819802e-01,-5.032466e-03,5.225499e-01,-6.480837e-01,-9.772044e-04
-1.550372e-01,-2.486470e-02,-7.443169e-01,-1.075577e+00,-6.229111e-01,1.134340e+00,1.763603e-01,3.378552e-01,5.557119e-01,2.551916e-02
-8.190480e-01,-4.846007e-01,-8.411985e-01,4.260186e-01,1.150748e+00,-7.895657e-01,-1.480928e+00,-9.473547e-01,-1.576660e+00,1.037650e+00
