1.359933e+00,-3.007596e-01,4.913319e-03,-1.646922e+00,-2.877220e-01,-3.909129e-01,8.464100e-02,8.891007e-01,-2.653630e-01,1.778239e+00
1.525579e+00,2.804208e-01,-9.698426e-01,-5.765217e-01,1.096469e-01,6.020246e-01,-1.748082e+00,-1.151667e+00,-5.964371e-02,4.864843e-01
1.603248e+00,-1.736771e-01,7.346651e-01,-1.585069e-01,3.303630e-01,2.623429e-02,-1.254089e+00,-9.417633e-01,2.105902e+00,5.869332e-01
-1.763826e-04,-2.175497e-01,2.381584e+00,5.480382e-02,-5.591539e-04,9.530125e-01,5.851268e-03,-5.856603e-01,-3.795360e-01,-1.985837e-03
1.298987e-03,-1.006671e+00,-9.599119e-01,1.078804e+00,-2.993071e-03,9.256081e-01,-1.035512e-02,1.613555e+00,4.602666e-01,1.278952e-03
6.119449e-03,-3.602303e-01,7.403654e-01,-2.577410e-01,4.167290e-04,-6.250023e-01,-3.093785e-04,7.307261e-01,-1.386283e+00,2.964276e-03
-1.935989e-03,-3.695429e-01,4.404403e-01,-5.669464e-01,-5.223136e-03,-3.093586e-01,2.599854e-03,1.215967e+00,-8.279764e-01,-2.970699e-03
-9.712185e-01,7.691250e-01,-8.219012e-01,-6.166961e-01,3.895799e-01,1.020982e+00,-1.130090e-01,2.292546e-01,-1.078015e-01,1.904734e+00
-4.151508e-03,-3.927823e-01,-4.177146e-01,4.464334e-01,3.356882e-03,-1.136055e+00,-7.126527e-03,-3.695947e-02,-9.558069e-01,1.939699e-03
-1.180672e-03,1.707449e+00,-8.950208e-01,-9.301696e-01,-1.511693e-03,-3.294663e-01,4.321973e-03,8.880215e-01,4.411980e-01,-3.303563e-03
2.810988e-03,-6.659553e-01,1.527457e-01,-4.235750e-01,-7.030244e-03,-4.766047e-01,-3.754665e-03,-1.198834e+00,-6.519540e-01,9.559161e-04
-5.340488e-03,-5.116326e-01,2.711466e-01,-1.400276e+00,-1.658001e-03,-4.869696e-01,-7.663068e-03,1.108092e+00,-4.323300e-01,-1.833196e-03
6.918590e-03,-1.850303e-01,1.567631e+00,3.697280e-01,1.578149e-03,1.213050e-01,-1.085098e-03,4.545804e-01,-1.338721e-01,2.318533e-03
2.759600e-03,2.474658e+00,-2.525670e-01,2.777755e-01,-1.359153e-04,-3.312946e-01,-3.582547e-03,1.052146e+00,-7.012848e-01,-2.092373e-04
1.878398e-03,-1.327291e+00,-3.207611e-01,1.963345e+00,6.841396e-04,-2.311445e-01,1.052031e-02,1.099599e+00,8.776305e-01,2.351782e-03
1.522491e+00,-2.880159e-01,-1.734348e+00,2.847451e-01,-2.500837e-01,-1.670621e+00,-1.385978e+00,5.785728e-02,-1.913524e-01,-1.945523e+00
-7.783511e-01,-1.468010e+00,-1.062910e+00,7.381470e-01,-3.234361e-01,-1.295069e-01,3.520280e-01,-1.567125e+00,-5.268834e-01,-1.598534e-01
-6.242302e-03,-3.240487e-01,-2.579954e-01,-2.128195e-01,-5.890416e-03,-1.295271e+00,-1.114295e-03,-6.597873e-01,1.957918e+00,9.384551e-04
-1.630022e-01,-1.052840e-01,1.052003e+00,9.548468e-01,-6.157176e-01,-1.240015e+00,1.759236e-01,-1.679449e+00,-1.268184e+00,2.296200e-02
-8.102075e-01,1.441976e+00,1.079624e-01,-1.284419e+00,1.146214e+00,-5.042050e-01,-1.471123e+00,5.949004e-01,1.465942e+00,1.040480e+00
