1.361079e+00,-6.237417e-01,-4.255892e-01,-3.114864e-01,-2.880512e-01,7.089752e-02,9.702880e-02,6.514448e-02,-1.080324e+00,1.777198e+00
1.524699e+00,1.566897e+00,-3.176745e-01,-5.901516e-01,1.123272e-01,6.562984e-01,-1.742386e+00,2.136748e-01,-4.700007e-01,4.904339e-01
1.598311e+00,4.103904e-01,1.357279e+00,5.653406e-01,3.301247e-01,2.822436e-01,-1.262813e+00,6.065423e-01,1.136003e+00,5.884727e-01
4.592685e-03,-2.457144e-01,-1.621670e+00,1.143583e+00,-5.874555e-03,3.369000e-01,4.497211e-03,-7.026802e-02,-1.872667e-01,1.248558e-03
1.630861e-03,6.722527e-01,-4.763519e-01,-7.499013e-01,1.246771e-03,1.973848e-01,1.124523e-02,-4.987895e-01,1.061717e+00,2.511333e-04
2.388216e-03,-5.315031e-01,1.222536e+00,-3.519833e-01,-3.146183e-03,3.032532e-01,1.123382e-02,1.111689e-01,-3.690764e-01,-2.020074e-04
-6.259123e-03,-1.584247e+00,-1.172819e+00,1.738495e+00,-1.561294e-03,-1.164980e+00,1.754206e-03,-1.449889e+00,-3.708904e-01,-3.113285e-03
-9.707333e-01,1.148709e-01,1.432328e+00,1.271212e-02,3.853456e-01,1.343392e+00,-1.139140e-01,-1.293450e+00,-2.157701e-01,1.903301e+00
3.663307e-03,-1.793012e-01,2.335007e-01,7.000086e-01,-1.266877e-03,6.465581e-01,5.959606e-03,7.045642e-01,1.070959e+00,3.639400e-03
-8.471940e-04,-2.308974e+00,2.562643e-01,-5.892705e-01,-2.888436e-03,-1.833329e+00,5.642571e-03,5.943185e-02,-9.466766e-01,1.149185e-03
-2.638972e-04,-4.766447e-01,-1.285946e-01,-5.125928e-01,-2.031756e-03,-1.143518e+00,-4.657826e-03,1.652025e-01,-7.683528e-01,-1.532635e-03
1.491995e-03,-4.456349e-01,-1.962382e-01,-1.514579e+00,4.652773e-03,-2.572935e-01,1.420905e-03,-1.432010e+00,6.271526e-01,-2.004411e-04
1.338813e-03,-7.056519e-02,2.950238e-01,-9.957812e-01,7.462839e-03,-8.066384e-01,-1.205425e-02,-2.629085e-02,5.692064e-01,-7.790832e-05
-4.035769e-03,-4.206563e-01,-8.939407e-01,-3.918057e-01,-1.716402e-03,5.259447e-02,5.126991e-03,2.259306e-01,8.366758e-01,7.352891e-04
-9.714886e-03,-8.345201e-01,-7.700462e-01,-2.082425e+00,-4.881287e-03,1.109858e+00,3.489554e-03,4.743292e-01,-7.213225e-01,-7.933361e-04
1.517151e+00,1.117340e+00,8.109160e-01,1.088137e-01,-2.432454e-01,1.336320e+00,-1.383129e+00,-4.742949e-01,-2.169926e-01,-1.944168e+00
-7.787201e-01,-4.265632e-01,6.895499e-01,-9.802913e-01,-3.242091e-01,-7.132633e-01,3.532342e-01,1.130355e+00,1.996837e-02,-1.614755e-01
6.730787e-04,-1.196670e-01,4.796060e-01,1.237841e+00,2.134142e-04,7.914511e-01,3.090243e-03,-2.202706e-01,-5.799206e-01,9.115463e-04
-1.554963e-01,-2.463198e-01,-1.376325e-01,-1.141164e+00,-6.174855e-01,3.033616e-01,1.726314e-01,-3.712228e-01,-7.077111e-01,2.451665e-02
-8.178730e-01,-2.196309e-01,2.038133e-01,-9.692368e-01,1.160340e+00,-5.024508e-02,-1.447857e+00,3.928545e-01,-1.425905e+00,1.041865e+00
