1.358460e+00,5.648866e-01,-1.244411e+00,1.175993e+00,-2.816814e-01,2.289207e-01,1.071870e-01,5.182176e-01,-7.928047e-01,1.777479e+00
1.527560e+00,1.685510e-01,-1.458392e-01,-8.260127e-01,1.077551e-01,8.711954e-01,-1.745083e+00,-6.965512e-01,9.057313e-01,4.857878e-01
1.604393e+00,-6.633352e-01,-9.539160e-01,-4.650760e-02,3.266277e-01,-8.273745e-01,-1.269202e+00,-7.338617e-01,1.915381e-01,5.934323e-01
1.466321e-03,2.491368e-01,8.636144e-01,2.598385e-01,-8.781317e-03,8.286122e-01,-3.987028e-03,-4.992919e-01,-2.240486e-01,1.565817e-03
4.093688e-03,-1.739974e-01,-1.368023e-01,7.719849e-01,-2.036700e-03,8.926669e-02,1.235079e-02,-4.367494e-01,1.364905e-01,-1.055621e-03
-5.553250e-04,-2.821964e-01,5.249572e-01,-8.343385e-01,5.643502e-03,-2.436865e-02,9.330235e-03,-3.936741e-01,-2.243412e-01,4.227162e-04
4.458652e-03,-4.933892e-01,-2.758121e-01,-1.732053e+00,4.386552e-03,-2.710685e-01,-9.395825e-03,2.334199e+00,5.876863e-01,-4.412664e-03
-9.778717e-01,-4.460968e-01,4.459671e-01,-1.102083e-01,3.879169e-01,-1.504625e+00,-1.173529e-01,7.158142e-01,1.339672e+00,1.902303e+00
1.266697e-03,-9.303809e-01,-5.243927e-01,-1.271675e+00,-9.034927e-03,-2.629901e-01,-3.941778e-03,7.417694e-01,-1.933738e-01,1.858602e-03
1.488389e-03,1.465446e+00,9.603107e-01,6.890357e-01,-1.211840e-04,-2.194472e-01,-1.347457e-03,9.818749e-02,-1.826232e-01,-2.617932e-03
5.518814e-03,-1.226011e+00,-1.222689e+00,3.979940e-01,2.779681e-03,-2.261918e-02,-6.497679e-04,7.344297e-01,-8.504412e-01,3.052249e-03
4.836996e-03,1.900559e-01,5.572225e-01,4.338057e-01,2.724181e-03,8.142953e-01,-2.562524e-03,1.302471e+00,2.613875e-01,-2.588892e-04
4.148908e-03,-1.336562e-01,7.176298e-02,-5.242684e-01,4.825769e-03,-2.879576e-01,-1.209091e-03,-5.691924e-02,-1.127181e-01,3.032095e-03
6.188223e-03,2.703229e-01,-3.176927e-01,1.916359e-01,5.541216e-04,3.038178e-01,8.916910e-05,1.125803e+00,-2.910746e-01,2.660207e-03
-1.382297e-03,-1.120797e+00,-5.918022e-01,9.198836e-01,-7.437013e-03,-1.251655e+00,-1.752403e-02,-7.671547e-01,-1.356101e+00,-3.703294e-03
1.521217e+00,-2.071170e+00,-2.612577e-02,3.874757e-01,-2.384562e-01,-3.543528e-01,-1.384112e+00,5.696989e-03,5.768903e-01,-1.942771e+00
-7.766536e-01,-1.090546e+00,-5.476440e-01,-2.739507e-01,-3.195214e-01,-8.557862e-01,3.572442e-01,1.018412e-01,3.605336e-01,-1.612283e-01
4.699357e-03,-3.906632e-01,8.946399e-01,4.400030e-01,1.070480e-03,-9.130036e-01,-3.033323e-03,1.283114e+00,2.040698e+00,-2.452260e-03
-1.611727e-01,-1.606835e-01,-2.031489e-01,2.520908e-02,-6.194294e-01,-5.627709e-01,1.806019e-01,8.323135e-01,8.912140e-01,2.637223e-02
-8.156545e-01,-2.321896e-02,-5.931608e-01,3.727189e-01,1.159096e+00,1.339593e-01,-1.452239e+00,-8.090991e-01,-1.370349e+00,1.040596e+00
