1.367113e+00,6.037293e-01,-1.320967e+00,1.239558e-01,-2.881658e-01,4.152112e-01,9.237294e-02,5.237884e-01,9.590856e-01,1.785430e+00
1.526983e+00,-2.010338e-01,4.599388e-01,-3.349362e-01,1.068314e-01,8.260259e-02,-1.732859e+00,-3.821836e-01,-1.325742e-01,4.845720e-01
1.596466e+00,-1.100936e-01,-6.305385e-01,5.471155e-01,3.250701e-01,5.084063e-01,-1.257641e+00,-8.653140e-02,-2.234803e+00,5.892834e-01
1.389165e-03,3.842077e-01,-1.535415e+00,1.857396e+00,-6.175855e-03,1.237433e+00,-2.031610e-03,3.831279e-01,1.012999e-01,1.798760e-03
5.179236e-03,-2.616804e+00,2.992673e-01,9.664720e-01,9.861198e-04,-1.720931e+00,-3.211676e-03,1.014495e+00,-1.871079e-01,-5.025077e-04
6.066673e-04,-6.837624e-01,1.179902e+00,1.001505e+00,3.394690e-04,8.282202e-01,-1.030178e-03,-2.179288e-01,-5.356257e-01,-9.281429e-04
-1.665695e-03,-6.452910e-01,1.337581e+00,7.643172e-01,-7.495588e-03,4.801246e-01,5.269224e-03,5.458896e-01,-2.782480e-02,1.594958e-03
-9.691569e-01,-8.280034e-01,1.119792e+00,-2.254323e-01,3.860307e-01,2.775717e-03,-1.102133e-01,9.051526e-01,-9.621881e-02,1.905436e+00
-7.402614e-04,-5.817034e-02,6.818916e-02,4.190732e-01,3.082505e-03,1.051870e+00,-3.454368e-04,-1.336589e+00,-9.002943e-02,1.178918e-03
-6.047992e-03,-4.082802e-01,3.629830e-01,5.272564e-02,-1.138118e-03,1.337084e+00,9.886478e-03,3.438060e-01,-7.668697e-01,1.373419e-03
5.610778e-03,-1.400028e+00,1.670277e-02,7.807957e-01,-3.007126e-03,-1.745450e-01,1.385067e-03,-5.886799e-01,1.234259e+00,3.940095e-03
-6.126212e-03,-5.849538e-01,7.623027e-01,-7.788273e-01,2.231279e-03,9.289084e-01,7.960154e-03,1.577222e+00,9.217301e-01,-2.115998e-05
2.160726e-03,-2.866798e-01,-1.352097e+00,-1.097265e+00,-3.253660e-03,-1.141590e+00,-5.278335e-03,-7.749247e-01,-8.976340e-01,4.549290e-03
4.374116e-03,-7.604958e-01,-1.624972e-01,6.785351e-01,1.077792e-02,-4.086267e-01,-8.568926e-04,1.902811e-01,-4.330575e-01,-5.037885e-04
-9.647941e-04,-4.074592e-02,1.189993e+00,-2.164431e-03,-8.002716e-03,1.654716e+00,4.347136e-03,-8.867424e-01,-1.917255e+00,-1.217995e-03
1.521982e+00,2.543634e+00,-2.666441e-01,-7.320134e-02,-2.478312e-01,-2.708610e-01,-1.403684e+00,-1.154952e+00,5.347867e-01,-1.949167e+00
-7.756862e-01,8.624811e-02,-2.228486e-01,7.883878e-01,-3.179685e-01,1.328460e+00,3.489802e-01,7.338907e-01,-1.548520e+00,-1.624069e-01
-2.771017e-03,-1.366387e+00,4.585089e-01,5.124406e-01,-6.684218e-03,9.530072e-01,8.160998e-03,2.079539e+00,5.935161e-02,-1.068906e-03
-1.576671e-01,7.977557e-01,-6.363180e-01,4.998764e-01,-6.188327e-01,2.400985e-01,1.890556e-01,1.618182e+00,1.512694e+00,2.741694e-02
-8.166281e-01,-6.445662e-01,-8.010917e-02,-6.320124e-01,1.151927e+00,-2.084753e-02,-1.444609e+00,1.730595e-01,-2.697800e-01,1.036090e+00
