1.364673e+00,1.922206e-01,-8.883311e-01,2.990368e-01,-2.792542e-01,-1.716182e+00,9.050397e-02,2.046996e-01,-2.746554e-01,1.781936e+00
1.520066e+00,4.424549e-01,-6.948516e-01,-9.426832e-01,1.114938e-01,-9.718536e-01,-1.745245e+00,-5.052827e-01,6.361478e-01,4.868985e-01
1.599307e+00,-5.778119e-01,1.190770e+00,9.347820e-01,3.317528e-01,2.185991e-01,-1.278232e+00,4.797603e-01,4.013863e-01,5.882488e-01
-1.381319e-03,-7.462433e-01,-5.647697e-01,-1.313969e+00,-2.089677e-03,1.298486e-02,-3.597807e-03,-1.251438e+00,-4.435698e-01,-4.672141e-03
6.395803e-03,1.120307e+00,-9.800037e-01,-6.586094e-01,3.451319e-03,-1.977075e+00,1.082369e-02,4.070884e-01,1.946119e-01,2.614838e-03
-2.226079e-03,-9.916917e-01,-2.225829e-01,2.150326e-01,-6.366001e-03,1.076691e+00,7.804179e-03,-5.735185e-02,2.910802e-01,4.877616e-05
-2.756552e-03,1.930941e-01,-1.774970e+00,-6.984099e-01,-8.046552e-04,-8.642183e-01,-6.086146e-03,-1.077670e+00,8.472230e-01,1.845603e-03
-9.718632e-01,4.316587e-01,-2.855730e-01,-1.794876e+00,3.778955e-01,8.618089e-01,-1.160136e-01,2.068486e-01,9.708709e-01,1.906373e+00
3.756567e-03,1.081544e+00,1.373608e-01,-1.790346e-01,4.401539e-03,1.955976e+00,2.172013e-03,1.411938e-01,9.523820e-01,2.097215e-03
-1.433931e-03,-7.971801e-02,-2.824943e-01,-1.274140e-01,5.051932e-03,-1.053828e+00,3.997269e-03,-2.421221e-01,9.361018e-01,-2.635757e-03
-1.712302e-03,-2.002166e-01,4.283277e-01,-9.309207e-01,-1.276880e-03,-2.472523e-01,-3.309740e-03,-1.779293e+00,-1.147250e+00,1.914762e-03
-1.710220e-03,1.939592e+00,6.372672e-01,1.570018e+00,-3.083476e-03,3.932894e-02,9.372705e-03,-1.306616e+00,3.814057e-01,-1.087485e-03
8.110238e-04,8.205433e-02,8.283791e-01,-6.261151e-01,3.167334e-03,-1.201407e+00,8.168991e-03,-7.150705e-01,-1.810099e+00,3.704387e-03
5.394115e-04,-1.209989e-01,-4.347695e-01,-7.736688e-02,2.436713e-03,7.499569e-02,1.815987e-03,5.470056e-01,-3.998069e-01,8.184587e-04
6.209598e-03,-9.018409e-01,2.908792e-01,6.322073e-01,-2.233324e-03,-8.700885e-01,-5.289460e-03,-1.971526e-01,-2.778742e-02,-4.197972e-03
1.520189e+00,-9.081080e-01,5.497251e-01,9.304010e-01,-2.529292e-01,-7.460618e-02,-1.388025e+00,-2.344263e+00,1.109534e-02,-1.946045e+00
-7.780654e-01,1.963421e+00,1.496599e+00,-3.290219e-01,-3.197789e-01,-1.296484e+00,3.398535e-01,-1.979039e-01,5.558156e-01,-1.668289e-01
7.540220e-04,-2.212184e-01,6.384686e-01,-8.981569e-02,2.810010e-03,8.237085e-01,-4.240774e-03,-4.189513e-01,-6.077068e-01,-2.952159e-03
-1.599837e-01,-4.367011e-01,8.602850e-01,5.347866e-02,-6.221982e-01,-7.847154e-01,1.711297e-01,-1.039684e-02,1.092876e+00,2.316270e-02
-8.205988e-01,6.866437e-01,1.113452e+00,1.606871e-01,1.155737e+00,-3.507508e-01,-1.464272e+00,-1.616627e+00,-6.070419e-01,1.038296e+00
