1.365332e+00,1.129897e+00,-1.139245e+00,9.069229e-01,-2.825371e-01,1.285275e+00,7.898615e-02,-5.942158e-01,-3.164508e-01,1.776367e+00
1.526340e+00,-2.420641e-01,-1.105854e-01,-2.436003e-02,1.028338e-01,-5.956185e-01,-1.753520e+00,-2.916591e+00,1.286419e+00,4.915285e-01
1.594490e+00,1.237646e+00,-5.282879e-01,1.227386e+00,3.289327e-01,-1.713007e-01,-1.253794e+00,-8.282691e-01,6.387915e-01,5.878585e-01
1.322846e-03,9.734060e-01,1.581076e+00,-5.059112e-01,-2.437361e-03,1.215352e+00,7.819033e-04,-6.518350e-01,8.466255e-03,-7.609861e-04
1.912776e-03,6.535061e-01,1.327373e-01,-6.276766e-01,-3.351053e-03,-2.550514e-01,2.981955e-03,-9.998716e-01,-1.173329e+00,1.896456e-03
-2.583613e-03,4.589176e-02,3.344129e-01,-1.270762e+00,3.878752e-04,6.561792e-01,9.146861e-05,1.323734e+00,8.556796e-01,-8.459303e-05
1.157778e-03,-2.421872e-01,5.628395e-01,-5.750426e-01,-4.476900e-03,1.273520e-01,-7.965784e-03,-1.054962e+00,1.410647e+00,-1.091423e-03
-9.686240e-01,1.552143e+00,-1.592508e-01,7.040946e-02,3.938012e-01,1.304698e+00,-1.202489e-01,5.268513e-01,5.646215e-01,1.905798e+00
4.154972e-03,-9.117067e-01,-1.063666e+00,-1.066228e+00,5.059466e-04,-5.406628e-01,1.596536e-03,4.594576e-01,2.260459e-01,-1.525882e-03
-5.337014e-06,3.684250e-01,-2.029006e-01,-1.132861e+00,-3.342032e-03,4.469153e-01,-7.516710e-03,1.550429e-01,-5.329405e-01,-6.577418e-04
8.364438e-04,1.136711e+00,-3.784921e-03,-8.858476e-01,9.204355e-03,-1.233014e-02,-1.193707e-02,4.549187e-01,-1.049689e-01,2.447064e-04
-6.902877e-03,4.914037e-01,-4.657179e-01,-9.183577e-01,-5.667486e-03,7.442883e-01,1.015696e-02,-6.245019e-01,1.390443e+00,-3.038016e-03
3.487595e-03,-2.311131e-01,4.083198e-01,-2.106995e+00,-8.930814e-05,-2.755808e-01,-2.970344e-03,-4.089932e-01,1.057734e+00,3.620751e-03
1.732198e-03,-8.233002e-01,-7.794617e-01,4.332303e-01,1.904591e-03,-1.172491e+00,8.560387e-03,-5.118944e-01,1.033283e+00,-5.895838e-04
-3.524808e-03,8.662338e-02,-9.794147e-01,1.546977e-01,-4.055357e-03,2.601866e-01,-2.650506e-03,1.250548e-01,3.721308e-01,-4.382502e-03
1.528259e+00,-5.571697e-01,-1.192853e+00,2.479049e-01,-2.399701e-01,-7.279976e-01,-1.389399e+00,3.087061e-01,1.151719e-01,-1.949481e+00
-7.794469e-01,-7.381738e-01,4.365864e-01,-6.938215e-01,-3.183685e-01,-4.011864e-01,3.647226e-01,-2.350748e-01,-1.384757e-01,-1.648526e-01
-1.651663e-03,-6.557530e-01,9.119725e-01,2.302431e-01,1.189173e-03,-9.065661e-01,-3.372385e-03,2.116952e-01,1.199979e+00,-8.609214e-04
-1.549718e-01,-1.117663e+00,1.702701e+00,1.478980e+00,-6.265175e-01,-4.193465e-01,1.715237e-01,-1.689212e+00,-2.458226e+00,2.048761e-02
-8.204292e-01,9.969509e-01,-5.724800e-01,2.796862e-01,1.143255e+00,4.618948e-01,-1.458202e+00,-2.199552e-01,4.392078e-01,1.042376e+00
