1.366438e+00,6.711167e-01,-1.267465e+00,-1.697421e+00,-2.790990e-01,2.326378e+00,9.719883e-02,8.787685e-01,6.925032e-01,1.777901e+00
1.530104e+00,3.967775e-01,-1.111440e+00,6.459939e-01,1.160750e-01,-4.570742e-01,-1.737208e+00,4.267557e-01,9.425601e-01,4.874896e-01
1.596407e+00,1.156039e-01,-1.678385e-01,4.590280e-02,3.401484e-01,-1.319592e-01,-1.273246e+00,-1.443901e-01,8.168086e-01,5.876874e-01
4.915631e-03,2.789033e-02,7.830811e-01,2.034016e-01,-1.313942e-03,-1.278600e+00,8.521009e-03,5.037764e-01,-1.158177e-02,4.199148e-04
3.117398e-03,2.041226e-01,-3.164184e-01,-7.401808e-01,-4.285499e-03,1.357736e+00,-3.575740e-03,1.540804e+00,-3.891953e-01,2.703709e-03
1.452742e-03,-1.500355e+00,6.885162e-01,-1.625290e-01,-1.763938e-03,-1.158852e-01,-2.249862e-03,-7.018915e-01,-3.433930e-01,2.029564e-03
-3.375641e-03,-8.650136e-01,-1.783907e-01,-6.100559e-01,-3.292822e-03,7.690451e-01,-9.716107e-03,-6.211166e-01,2.084241e-01,-4.693616e-03
-9.734393e-01,1.510690e+00,-1.721712e+00,2.462829e-01,3.926588e-01,-1.634765e-02,-1.123709e-01,2.183574e-01,-1.506300e-01,1.905712e+00
1.945788e-03,-2.128956e+00,5.594298e-01,-6.814763e-01,-1.125588e-03,-5.374526e-01,2.983349e-03,1.361082e-01,2.414115e-01,2.070644e-03
-2.859538e-03,-9.866048e-01,-4.095786e-01,2.735698e-01,-1.386579e-02,1.153377e+00,4.211426e-03,-1.523731e-01,4.422879e-03,1.113957e-03
1.184666e-03,-6.595962e-02,-1.234060e-01,1.109798e+00,1.654565e-03,1.378707e-01,-7.321888e-03,-1.360851e+00,-3.408202e-01,2.527828e-03
2.414723e-03,1.115879e+00,1.201551e+00,-1.570688e-01,-1.357993e-02,-2.123526e-01,3.209463e-03,-1.022337e+00,9.920104e-01,-1.853176e-03
1.728641e-03,4.009512e-01,1.488775e-01,-7.502829e-01,4.008691e-04,4.993332e-01,-1.342015e-03,4.382408e-03,6.226935e-01,4.339408e-03
3.046510e-03,-5.889928e-01,1.661981e+00,-5.290566e-01,6.749968e-03,-7.369300e-01,7.053748e-03,9.229576e-01,4.293992e-01,-6.718654e-04
4.156984e-04,1.178634e+00,1.961914e+00,-1.592991e+00,-4.543645e-03,-1.035220e+00,-9.216055e-03,9.636526e-01,6.098858e-01,1.644645e-03
1.526291e+00,7.295912e-01,1.262511e+00,6.270247e-01,-2.451952e-01,3.896042e-01,-1.396447e+00,2.821808e-01,4.206711e-01,-1.949728e+00
-7.852400e-01,7.503392e-01,-1.501557e-01,5.624166e-01,-3.266878e-01,-2.687560e-01,3.627139e-01,1.823414e+00,-6.250583e-01,-1.574865e-01
-6.835927e-03,1.713751e-02,7.838201e-01,8.113040e-01,-3.910786e-04,7.395911e-01,3.951546e-03,-4.964372e-01,7.737357e-01,-2.299248e-03
-1.562308e-01,-8.741778e-01,-1.161016e-01,1.679508e+00,-6.246396e-01,8.387760e-01,1.713376e-01,-4.530662e-01,-4.283629e-02,2.179371e-02
-8.161540e-01,5.522650e-01,-8.123719e-01,-2.091753e-01,1.151323e+00,3.336791e-01,-1.453855e+00,8.993135e-01,-6.168633e-02,1.039299e+00
