1.362908e+00,-1.701831e+00,-6.841869e-02,-1.297852e+00,-2.824252e-01,-3.720099e-01,9.681931e-02,-3.184655e-01,3.463547e-01,1.777568e+00
1.528462e+00,-1.761200e-01,-7.006801e-01,1.381625e-01,1.145833e-01,-1.705740e+00,-1.737168e+00,5.697621e-01,1.279292e-01,4.846288e-01
1.594021e+00,4.721695e-01,8.258351e-01,-1.274699e+00,3.349292e-01,9.025810e-01,-1.273562e+00,-2.323060e-01,-3.259626e-01,5.909246e-01
-2.050954e-03,5.370212e-01,8.510098e-01,6.112674e-01,1.169532e-03,-1.221396e-01,3.169929e-03,-2.664058e-01,2.640301e-01,1.484124e-03
-5.103485e-03,-2.048938e-01,2.164497e+00,1.040348e+00,-4.732208e-03,-6.612308e-02,1.102357e-02,2.391498e-02,1.754368e-01,-1.077915e-03
-2.433583e-03,7.786598e-01,-1.234746e+00,4.306824e-01,-5.057672e-03,1.378021e-01,-1.106802e-03,6.098382e-01,1.121899e+00,1.119881e-03
-9.138959e-04,-9.196707e-01,3.463070e-01,4.338766e-01,4.647620e-03,-3.845668e-01,-1.344910e-04,8.639137e-02,8.755509e-01,2.464692e-03
-9.705987e-01,3.752392e-01,1.837347e+00,-1.278930e+00,3.898144e-01,4.695397e-01,-1.131136e-01,6.277577e-01,4.725047e-01,1.898564e+00
2.061490e-03,-6.145158e-01,9.824642e-01,3.336469e-01,4.063983e-04,-2.304739e-01,4.749943e-03,-3.424034e-01,1.826883e-02,3.160316e-03
-1.786248e-03,-2.592235e-01,6.335234e-01,-8.785331e-01,-3.287350e-03,1.893038e-01,1.761621e-03,-3.365818e-01,-1.963669e-01,-2.505381e-03
9.315989e-04,9.413207e-01,2.504441e-01,2.097873e-01,2.592364e-03,4.399013e-01,2.896066e-03,9.138036e-01,7.618552e-02,2.107025e-03
3.476274e-04,-2.062456e-01,9.698072e-01,-1.802447e+00,-3.877789e-03,7.227927e-01,2.897476e-03,7.596032e-01,4.844835e-01,-8.826233e-04
-4.310970e-03,-6.386444e-01,-1.201741e+00,1.141054e+00,-4.553172e-03,6.598931e-01,6.384502e-03,3.970973e-01,1.147094e+00,5.899271e-03
8.643573e-04,-5.129372e-01,3.911222e-01,-5.224580e-01,9.084622e-03,1.534078e+00,1.309053e-03,-3.535043e-01,4.073890e-01,1.589285e-03
1.942181e-03,-5.526399e-01,-1.173818e+00,2.075323e-01,-2.957274e-03,1.245056e+00,-2.289372e-03,-1.167480e+00,5.528126e-02,-4.436483e-03
1.517608e+00,1.731399e+00,9.087626e-01,-1.475382e-01,-2.493193e-01,-1.159534e-02,-1.401112e+00,-9.156782e-01,3.492575e-01,-1.949983e+00
-7.770842e-01,-3.098455e-01,-2.042683e-01,5.833410e-01,-3.158964e-01,4.965926e-01,3.448882e-01,2.269339e+00,9.108472e-01,-1.620564e-01
-5.802929e-04,-1.002425e+00,1.330132e+00,-5.128124e-01,-2.933012e-03,3.740900e-01,4.257529e-03,-5.094786e-01,2.044415e-01,-2.225445e-04
-1.602720e-01,1.112617e+00,2.017008e-01,7.142764e-01,-6.186253e-01,-6.342222e-01,1.699489e-01,5.551491e-01,-7.775276e-01,2.486550e-02
-8.213195e-01,4.247298e-01,-3.455549e-01,-7.275938e-01,1.154137e+00,1.338249e+00,-1.463296e+00,-3.390664e-01,-1.417668e+00,1.038134e+00
