1.365064e+00,-6.804783e-01,-3.291302e-01,1.993088e-01,-2.865049e-01,8.780969e-01,9.793906e-02,7.010464e-01,-1.055505e-01,1.780725e+00
1.525816e+00,8.044514e-01,-2.591964e-01,-7.181198e-01,1.032181e-01,-7.172975e-02,-1.737793e+00,7.289225e-01,4.126255e-01,4.861986e-01
1.602992e+00,-3.115657e-01,4.343029e-01,1.332605e-01,3.408256e-01,-1.117710e+00,-1.267795e+00,1.073667e-01,-2.984658e-01,5.872561e-01
-1.679415e-03,-2.412394e-01,4.030744e-01,3.322783e-01,-7.882246e-03,-4.158051e-01,-3.928370e-03,8.151263e-01,-1.534691e-01,2.391421e-03
-2.329379e-03,-5.865923e-01,-4.162153e-01,5.221722e-01,1.500569e-03,-5.185558e-01,4.191919e-03,2.704873e-01,6.681041e-01,-2.532212e-03
-5.777693e-03,-2.860466e-01,-5.313149e-01,-1.197012e+00,-9.171984e-03,-8.543989e-01,2.214450e-03,-3.117473e+00,1.668586e-02,6.744396e-05
-5.007667e-03,-8.240863e-01,-1.027916e+00,2.145376e-02,-1.398605e-03,-3.774830e-01,3.233607e-03,1.113675e+00,-2.971625e-01,-1.579333e-04
-9.758116e-01,9.417933e-01,1.986961e-02,6.373250e-01,3.798630e-01,1.416307e+00,-1.026668e-01,-9.215549e-01,-6.227949e-01,1.906477e+00
-2.879540e-03,1.262469e+00,-2.729135e-01,-8.146734e-01,1.475634e-03,-1.082239e-02,1.960691e-03,-5.227730e-01,-3.554537e-01,6.449626e-04
1.171232e-03,8.845617e-01,-3.281634e-01,-1.187541e+00,-7.486285e-03,5.594236e-01,-1.667744e-03,1.336240e-01,4.896567e-01,-7.985677e-04
7.761963e-03,-4.463011e-01,2.458436e-02,9.670933e-03,8.073973e-03,-1.796433e+00,-3.678437e-03,-7.895280e-01,-1.329317e+00,-1.267535e-03
-2.989609e-03,-1.668453e+00,-4.136805e-01,5.336449e-01,-6.803450e-03,1.934756e-01,1.152654e-02,-1.844813e+00,-1.212923e+00,-5.126983e-03
3.238394e-03,2.074264e-01,6.895086e-01,-4.329966e-01,-2.075702e-03,1.184672e+00,-9.885742e-03,6.958095e-01,1.400861e+00,5.443125e-03
4.979808e-03,2.607898e-01,-2.182097e-01,8.183712e-01,1.368947e-03,3.622578e-01,-6.755656e-03,-1.692614e+00,-4.379837e-01,1.224121e-03
5.689886e-03,1.589755e-01,-1.902108e-02,3.546565e-01,3.379827e-03,2.943027e-01,-4.950503e-03,-1.764014e-01,-7.683536e-01,-2.499188e-03
1.523793e+00,2.233172e-01,-7.533642e-01,-1.834806e+00,-2.458098e-01,-1.124767e+00,-1.391408e+00,1.678400e+00,1.403401e-01,-1.946681e+00
-7.765141e-01,1.170096e-01,-2.249133e+00,-2.190076e-01,-3.142874e-01,-8.310448e-01,3.461875e-01,-8.912819e-01,-5.642468e-02,-1.555780e-01
-2.846458e-03,6.326908e-01,-2.848612e-02,-3.885075e-01,-3.928936e-03,1.011237e-02,-2.751822e-03,4.980386e-02,1.162235e+00,2.494154e-03
-1.556141e-01,6.949346e-01,1.074139e-01,-7.187454e-01,-6.319067e-01,1.071876e+00,1.793330e-01,9.029849e-01,-1.642717e+00,2.464972e-02
-8.132182e-01,3.234054e-01,-1.066547e+00,-1.910030e-01,1.158249e+00,1.192168e-01,-1.472109e+00,6.271897e-02,2.115793e-01,1.040543e+00
