1.364100e+00,-3.053904e-01,-6.362044e-01,-5.872920e-01,-2.779630e-01,3.117952e-01,8.729774e-02,3.851353e-01,-7.654852e-01,1.780644e+00
1.527376e+00,6.586697e-01,-2.924583e-01,4.967261e-01,1.133629e-01,-1.159062e+00,-1.731890e+00,-1.044783e+00,7.238428e-02,4.899233e-01
1.600756e+00,1.711498e-01,8.933182e-01,-1.480204e+00,3.350691e-01,-6.882855e-04,-1.281258e+00,1.070708e+00,-5.366204e-01,5.901937e-01
2.443494e-04,9.155868e-01,9.725784e-01,2.768027e-01,-3.133173e-03,5.258727e-01,1.215105e-02,-3.535073e-01,9.104775e-01,2.362196e-03
-1.808575e-04,-8.833166e-01,-6.250885e-01,-3.200072e-02,-4.521733e-03,-1.957140e+00,-3.311381e-03,-1.528808e+00,-2.088557e-01,1.238993e-03
5.674440e-04,1.827760e-01,-4.176580e-01,7.181318e-02,-1.387311e-03,-5.645262e-01,1.353333e-03,-2.609520e-01,1.185785e+00,-5.797253e-04
2.858585e-04,1.377650e+00,8.314052e-01,1.419064e-01,9.728979e-04,4.594210e-01,6.342342e-03,-9.713457e-01,1.056361e+00,-4.826828e-03
-9.747747e-01,-1.712114e-01,-1.157792e+00,6.544300e-01,3.864917e-01,-5.714327e-01,-1.166348e-01,1.223820e-02,-3.717536e-01,1.900970e+00
-4.666462e-04,-1.065471e+00,2.733068e-01,1.055979e+00,-2.732198e-03,-6.985416e-01,-4.304549e-03,5.353815e-01,-1.869535e-01,-2.799690e-04
-2.126947e-03,-1.092896e+00,2.481662e-01,-4.535373e-01,1.011137e-03,-3.712896e-01,9.747050e-03,-7.088714e-02,-7.778322e-01,7.826217e-04
2.120642e-03,6.960927e-01,1.823894e+00,5.800852e-02,-3.866376e-03,-5.111747e-01,-3.972881e-03,-1.679794e+00,1.209348e-01,1.773804e-03
3.400726e-03,-2.016704e-01,2.918763e-01,-1.161925e-01,-4.623343e-03,-8.070001e-01,-1.677150e-03,-2.716888e-01,-2.129123e-01,-4.156122e-03
5.133843e-03,-1.408388e+00,1.259807e+00,2.387351e+00,1.040469e-03,-3.244370e-01,1.481499e-03,-7.099882e-01,-5.925499e-01,5.073762e-03
-6.678247e-04,-1.469901e+00,-1.246430e-01,1.773722e-01,1.202547e-02,-1.727923e+00,5.049298e-04,4.707592e-01,-8.963649e-01,-2.308819e-04
-3.469718e-03,-1.974495e+00,1.619669e-01,-8.218785e-01,-4.792981e-04,5.826011e-01,-1.335367e-02,9.767772e-01,9.473924e-01,-2.864289e-03
1.527848e+00,1.040610e+00,-6.233948e-01,1.896146e+00,-2.439252e-01,-6.061862e-01,-1.394339e+00,-3.861118e-01,9.173463e-01,-1.949039e+00
-7.740547e-01,-1.196715e-01,3.671792e-01,6.255785e-01,-3.133457e-01,3.281988e-01,3.402696e-01,-4.750693e-01,-2.687439e-01,-1.597954e-01
-1.028092e-03,-1.184299e+00,-1.711635e-01,2.970202e-01,1.953574e-03,1.803806e-01,-5.748757e-03,-1.231011e+00,-1.946282e+00,-2.623038e-03
-1.550012e-01,5.862367e-01,1.233636e+00,1.446134e-01,-6.198248e-01,-3.984783e-01,1.800449e-01,4.400070e-01,7.255043e-02,2.572828e-02
-8.203781e-01,-7.237044e-02,1.923158e-01,2.573094e-01,1.149162e+00,-7.032116e-01,-1.456045e+00,-3.732963e-01,-9.157848e-02,1.039626e+00
