1.375807e+00,1.326105e+00,-2.457073e-02,2.240484e-01,-2.870370e-01,-1.219679e+00,1.033742e-01,5.953202e-01,4.051480e-01,1.776122e+00
1.526263e+00,-3.097299e-01,-1.157826e+00,-3.124477e-01,1.134596e-01,-1.404518e-01,-1.744724e+00,7.930075e-03,6.756179e-01,4.852315e-01
1.601042e+00,-2.262159e-01,1.198875e+00,-3.891745e-01,3.270604e-01,-8.002590e-01,-1.264208e+00,-1.799087e-01,8.851885e-01,5.890335e-01
-5.802655e-04,3.857595e-01,4.792927e-01,2.345203e-01,2.064459e-03,-8.419880e-01,-2.261270e-03,-3.893017e-01,9.925991e-02,1.849175e-03
5.568867e-03,-1.138659e+00,1.552173e+00,7.368669e-01,-4.916860e-03,8.700211e-01,-7.817061e-03,-3.256144e-01,1.696678e-01,7.942062e-04
1.324602e-03,-9.633590e-01,-3.707036e-02,1.508481e+00,2.535885e-03,5.106777e-01,5.838981e-05,-1.704688e+00,5.786044e-01,1.704448e-03
-4.100661e-04,-8.926922e-01,-4.068817e-01,8.474679e-02,-9.022317e-04,4.400064e-01,1.713609e-03,2.327163e-02,-1.115343e+00,6.833818e-05
-9.689957e-01,-8.409404e-01,-1.386540e+00,2.060968e-01,3.828536e-01,9.236403e-02,-1.170123e-01,-8.472257e-01,9.609868e-01,1.905394e+00
1.646329e-03,-4.083146e-01,-6.277945e-01,-3.456144e-01,1.660765e-03,-1.676146e-01,7.031945e-03,1.608495e-01,3.208107e-01,4.577894e-03
-6.855285e-03,3.028907e-01,2.987976e-01,-1.567485e+00,4.490035e-04,-8.848875e-01,4.464141e-03,-1.461267e+00,-3.969024e-01,-2.215292e-03
1.097744e-03,-1.749427e+00,8.792474e-01,8.273234e-02,-6.806907e-03,-1.739257e+00,5.428670e-03,-2.914987e-01,3.143028e-01,-1.212197e-03
-1.231500e-03,1.043873e+00,5.958168e-01,6.304473e-01,1.346891e-03,-4.062078e-01,1.568185e-03,1.597313e+00,-8.885552e-01,-4.550800e-03
4.008755e-03,-3.372425e-01,-4.344376e-01,6.971237e-01,-2.547152e-05,-5.446950e-01,3.671453e-03,1.126938e+00,-8.721054e-01,8.151445e-04
1.795384e-03,-1.239343e-01,4.841253e-01,-2.448336e-01,7.633102e-03,-1.144528e+00,-2.438445e-03,-5.887267e-01,-6.882950e-01,3.124061e-03
-1.447394e-03,7.070992e-01,-1.105119e+00,-8.371797e-01,-2.804066e-03,-2.006261e-01,3.414048e-03,1.442719e+00,-6.277403e-01,-6.270559e-04
1.518618e+00,-7.059187e-01,4.024480e-02,6.931614e-01,-2.390919e-01,-7.546662e-02,-1.374554e+00,1.399429e-01,-1.371732e+00,-1.942393e+00
-7.807752e-01,2.026077e-01,2.994941e-01,9.149909e-01,-3.191877e-01,7.444454e-01,3.555731e-01,1.886872e+00,4.095680e-01,-1.595636e-01
1.692349e-03,-5.631824e-01,-4.736225e-01,1.116780e+00,-2.916570e-03,-5.756097e-01,-9.876341e-03,-3.129976e-01,-9.216142e-01,-1.738959e-03
-1.473077e-01,-8.246004e-01,1.318309e+00,-5.978474e-01,-6.188401e-01,3.411750e-01,1.872759e-01,-8.264803e-01,1.154978e+00,2.066412e-02
-8.106275e-01,-4.754504e-01,1.005205e+00,4.225755e-02,1.153069e+00,-4.950593e-01,-1.455407e+00,-1.356741e+00,-5.224839e-01,1.042182e+00
