1.365731e+00,3.820228e-01,-1.148038e+00,-5.878211e-01,-2.896573e-01,-5.747674e-01,8.743816e-02,-1.394372e+00,1.099524e+00,1.777769e+00
1.521644e+00,-1.023860e+00,5.424686e-01,-6.773081e-01,1.036905e-01,-5.670842e-01,-1.746454e+00,-4.964178e-02,-4.795428e-01,4.849180e-01
1.598709e+00,1.592070e+00,1.537490e+00,7.601663e-01,3.360509e-01,-7.275334e-01,-1.269359e+00,-1.091980e+00,-6.958641e-01,5.915197e-01
6.894397e-03,-2.508932e-01,-8.568170e-01,-8.860061e-02,-1.048280e-04,9.025765e-01,-1.372333e-03,-3.420888e-01,2.184980e+00,-3.854128e-04
-2.027895e-03,1.770767e+00,9.063864e-01,6.428408e-01,-2.585770e-03,-6.635747e-01,5.564449e-03,1.053933e+00,-1.357410e-01,2.247511e-03
2.790260e-03,8.307735e-01,5.204786e-01,-2.639510e-02,-3.018272e-03,-9.604407e-02,1.450875e-02,1.051012e-02,-7.742033e-01,1.223432e-03
-1.866185e-03,-2.267633e-01,6.949614e-01,4.662921e-01,-1.667020e-03,-9.915279e-01,-1.739685e-04,-1.023937e+00,1.860662e-01,1.672948e-03
-9.729364e-01,-2.603161e-01,-4.411216e-01,4.788211e-01,3.814644e-01,-7.884438e-01,-1.152704e-01,7.268469e-01,-3.388953e-01,1.905781e+00
-5.915348e-03,7.367719e-01,5.421329e-01,-9.022076e-01,-1.601649e-03,-1.585984e+00,6.380174e-03,-5.909997e-01,2.091169e-02,3.384448e-04
-6.100127e-03,-5.591168e-01,-9.456015e-01,9.222497e-02,-4.225784e-03,-2.301411e-04,-1.218783e-02,5.741811e-01,-3.192367e-03,-1.933812e-03
2.479482e-03,9.778186e-01,-1.383283e+00,-4.513397e-01,3.381298e-03,-1.024623e+00,-8.871893e-03,1.653013e-01,-5.453190e-01,2.027531e-03
-3.015906e-03,-4.304006e-02,-1.653534e+00,-4.546901e-02,1.013694e-03,-9.345532e-01,5.971936e-04,-1.221451e+00,-1.548357e+00,-2.007617e-03
3.198631e-03,-6.473056e-01,-3.721782e-01,-1.696961e-01,8.133995e-03,1.082753e+00,3.339383e-03,-3.136560e-02,-2.604938e-01,3.754082e-03
2.511841e-03,7.012754e-01,3.061775e-01,4.656260e-01,3.035550e-03,-6.105130e-01,8.145295e-03,-1.741964e-01,-5.745694e-01,2.589066e-03
-5.762798e-03,5.419329e-01,1.241211e+00,-4.283276e-01,-1.771396e-03,1.092601e+00,-4.416511e-03,-4.478291e-01,-1.162849e-01,-3.102808e-03
1.519074e+00,-9.982067e-01,4.936754e-01,-3.819241e-01,-2.538056e-01,6.168432e-01,-1.379869e+00,5.366700e-01,3.276335e-01,-1.941785e+00
-7.802932e-01,5.316897e-01,5.429481e-01,2.821550e-01,-3.137308e-01,2.379488e-01,3.511975e-01,-8.759131e-01,-1.775340e+00,-1.600447e-01
-6.734847e-03,4.766054e-01,6.976842e-01,-2.203566e-01,4.760685e-04,-9.776345e-01,1.792826e-03,4.907413e-01,2.071911e-01,-1.161823e-03
-1.646755e-01,-7.651315e-01,6.823368e-01,2.288508e+00,-6.249883e-01,-1.318006e+00,1.798449e-01,8.819344e-02,7.106712e-01,2.762592e-02
-8.166576e-01,-1.146338e+00,-1.068917e+00,6.003063e-01,1.160249e+00,3.500531e-01,-1.443156e+00,1.874444e+00,-4.964938e-02,1.038058e+00
