1.362205e+00,7.477947e-01,7.286280e-01,-1.462852e-01,-2.853093e-01,8.129469e-01,9.320407e-02,6.728382e-02,-1.738215e-01,1.771375e+00
1.518313e+00,-2.071190e-01,9.779569e-01,-1.091610e+00,1.093742e-01,-2.884943e-01,-1.755115e+00,1.628812e+00,6.143887e-01,4.811893e-01
1.602751e+00,1.181250e+00,-1.574310e+00,-9.890748e-01,3.362111e-01,1.177740e+00,-1.251784e+00,7.436348e-02,-2.036474e-01,5.932899e-01
3.735728e-03,3.617611e-01,9.913722e-01,-6.777305e-01,-1.304541e-03,-2.617620e-01,-7.209053e-03,1.808780e+00,-6.627482e-01,1.180234e-03
6.117331e-03,-1.239464e+00,-7.204207e-01,-1.502839e+00,-6.133976e-03,-6.162052e-01,4.089949e-03,2.137177e-01,-7.995537e-01,-1.966785e-03
-1.197137e-03,1.632572e+00,1.527963e+00,-1.420680e-01,7.673867e-03,-4.834969e-01,-6.959993e-03,5.974031e-01,2.782752e-01,-1.170862e-03
3.674159e-03,1.266012e+00,-6.955571e-01,-1.245525e+00,4.560170e-04,4.981833e-01,7.043795e-04,-9.659651e-01,1.635246e-01,1.216699e-03
-9.721523e-01,-5.559762e-01,-5.946198e-02,-6.696738e-01,3.864311e-01,-2.375052e-01,-1.027243e-01,1.504860e-01,-1.197766e+00,1.906173e+00
1.211089e-03,1.179444e+00,-7.918511e-01,1.065470e+00,-3.809559e-03,-7.639077e-01,-4.534515e-03,2.604526e-01,-5.665557e-01,3.943255e-03
-1.723516e-03,1.619407e-01,-9.083436e-01,5.468526e-01,-1.562755e-04,1.724738e-01,2.200132e-03,-5.009981e-01,4.741812e-02,1.989806e-04
1.321291e-03,5.013831e-01,2.536876e-01,5.376345e-01,1.031837e-02,1.427473e-01,-7.347932e-04,-6.782656e-01,1.227245e+00,-3.830698e-04
-1.707209e-03,8.477654e-01,-1.506776e-01,-5.681499e-01,-7.393239e-03,6.892590e-01,-7.130850e-03,5.031761e-02,8.872959e-01,-1.124669e-03
-2.878667e-03,5.162821e-01,2.745952e-01,-4.578944e-01,7.200705e-03,2.436804e+00,-5.641600e-03,1.874732e-01,1.336493e-02,1.175326e-03
-4.809260e-04,1.003041e+00,1.092629e-01,1.438407e+00,3.935079e-03,-5.122366e-01,-4.883869e-03,-1.003523e+00,-1.189788e+00,-5.735298e-05
1.215771e-03,1.119448e+00,4.256367e-01,2.157256e-01,-8.480355e-03,-3.596836e-01,1.425069e-03,3.397467e-01,4.686509e-01,-4.195981e-03
1.522259e+00,1.128005e+00,-5.158955e-01,2.849195e-01,-2.406486e-01,1.002178e+00,-1.394794e+00,7.159646e-01,-8.429897e-01,-1.942514e+00
-7.788312e-01,5.841897e-01,-4.296735e-01,4.911397e-01,-3.121862e-01,-6.977419e-01,3.532014e-01,-8.393021e-03,1.401548e+00,-1.631582e-01
-1.763235e-04,2.934860e-01,-2.390915e-01,-7.585056e-01,-1.701934e-03,-7.104592e-01,2.727826e-03,-5.442782e-01,9.342150e-01,-2.370610e-03
-1.637785e-01,-1.058758e-01,-9.966024e-01,7.224182e-01,-6.261545e-01,-1.682439e+00,1.625239e-01,-6.941944e-01,5.988458e-01,2.380192e-02
-8.186274e-01,-3.949287e-01,-3.978922e-01,-3.224382e-02,1.152446e+00,-1.603036e+00,-1.457555e+00,-6.847973e-01,-9.563624e-02,1.039709e+00
