1.361400e+00,2.409984e-02,-3.802449e-01,-1.241297e-01,-2.866569e-01,1.676611e+00,8.764777e-02,1.247732e-01,-4.893612e-02,1.775517e+00
1.519542e+00,1.352917e+00,7.476571e-01,-1.271401e+00,1.136267e-01,7.422850e-02,-1.741501e+00,3.866783e-01,1.150554e+00,4.855290e-01
1.600526e+00,5.064735e-01,-8.005948e-01,-1.292255e+00,3.298352e-01,1.116203e-01,-1.272626e+00,1.298421e+00,-4.369616e-01,5.887561e-01
9.684493e-04,2.589893e-01,3.082673e-01,-5.634223e-01,-2.656044e-03,-9.402003e-02,1.808920e-03,-7.946082e-01,-1.539410e+00,1.421552e-03
1.568409e-03,5.032483e-01,1.084119e+00,-5.218298e-01,-4.316147e-03,1.394450e+00,1.596381e-03,4.160071e-01,-6.616775e-01,-3.239095e-04
-3.274027e-04,-3.084051e-01,1.030642e+00,4.623084e-01,4.961850e-03,-1.766230e-01,9.111222e-03,-5.701288e-01,-8.726966e-01,-7.576246e-04
-2.550931e-03,-2.411852e-03,-5.595739e-02,3.615815e-01,-4.496936e-03,-1.248680e+00,5.383458e-03,9.752647e-01,-1.259630e+00,8.917257e-04
-9.747127e-01,-1.688739e+00,8.077962e-01,-3.184287e-01,3.853887e-01,8.447162e-01,-1.210103e-01,8.323099e-01,3.412939e-01,1.906490e+00
-3.550396e-03,-6.526856e-01,-8.257288e-01,5.849721e-01,-1.257799e-03,-7.954244e-01,3.847328e-03,2.986526e-01,1.558782e+00,2.726096e-03
-9.423313e-04,-4.336776e-01,-3.520221e-01,-1.250857e+00,-2.171719e-03,-2.548340e-02,-9.143690e-03,2.891401e-01,-8.491189e-01,1.002762e-03
-3.040616e-04,2.633639e-01,1.255848e+00,-4.970485e-01,-1.736356e-03,3.775138e-01,-1.188206e-02,1.455913e-02,-1.346718e-01,-8.443830e-04
-7.004112e-03,2.550560e-01,-6.134396e-01,2.939177e-01,-3.691757e-03,-4.885555e-01,-1.636241e-04,-9.833395e-01,-2.114611e+00,1.231329e-03
3.537470e-03,1.532715e+00,7.993997e-01,1.038360e+00,9.153871e-03,-1.119539e+00,7.691724e-03,5.133603e-01,-9.571535e-01,-6.541818e-04
3.876308e-03,3.561621e-01,-2.420804e-01,6.278734e-01,7.012414e-03,9.444739e-02,1.698227e-03,-1.692742e+00,1.010556e+00,-2.256988e-04
-1.822460e-03,-7.131822e-01,-1.285645e+00,-1.156418e-02,-5.393265e-03,-1.431019e+00,-2.311342e-04,2.223778e-01,-2.083039e+00,-2.239641e-03
1.528388e+00,5.811248e-01,1.344421e+00,-5.466199e-01,-2.425171e-01,-6.165021e-01,-1.379340e+00,1.233729e+00,-1.125076e+00,-1.945426e+00
-7.768523e-01,-1.436830e-01,-9.191561e-01,-1.345941e+00,-3.093581e-01,1.663864e-01,3.594701e-01,2.296810e-01,-4.170362e-01,-1.641117e-01
-5.304191e-03,-2.921754e-01,1.216190e+00,-6.254304e-01,3.311065e-03,-2.074760e-01,-5.954102e-03,7.735983e-01,6.111570e-01,-4.688937e-03
-1.566749e-01,-3.512316e-01,1.543910e-01,1.221730e+00,-6.225773e-01,4.319278e-01,1.936415e-01,-2.928251e-01,4.702905e-02,2.667503e-02
-8.142249e-01,7.052722e-01,5.043286e-01,-1.517195e+00,1.144064e+00,1.396344e+00,-1.466008e+00,9.958645e-02,1.154107e+00,1.037940e+00
