1.361652e+00,-1.782880e-02,1.298252e+00,-4.021212e-01,-2.810576e-01,-6.602567e-01,9.794278e-02,-2.780540e-01,-3.509122e-01,1.777628e+00
1.522901e+00,-1.186383e+00,-8.062253e-01,2.545332e-02,1.083383e-01,5.364818e-01,-1.739113e+00,1.019825e+00,-9.994838e-01,4.845108e-01
1.599367e+00,1.791434e-02,-6.774497e-01,9.226903e-01,3.349846e-01,-3.021490e-01,-1.263764e+00,1.843204e-01,1.290515e+00,5.951023e-01
4.195791e-04,-1.168217e+00,5.480355e-01,4.721395e-03,3.936496e-03,1.073206e+00,1.203064e-02,-1.216673e+00,-1.233732e+00,1.265107e-03
1.315684e-04,-1.455839e+00,-1.851577e-01,3.125514e-01,-5.597380e-03,1.606437e+00,-1.715215e-03,-1.911106e+00,-5.119131e-01,-1.253359e-03
-4.956810e-03,-1.185038e+00,-4.128593e-01,-9.793049e-01,1.286479e-03,8.447555e-01,-2.417534e-03,-6.937515e-02,-2.229025e-01,1.303145e-03
-1.618949e-03,2.461358e-01,7.292696e-01,-9.941961e-01,-6.358730e-03,-1.985408e+00,-4.730189e-03,5.014128e-01,-4.672265e-01,-3.230107e-03
-9.711399e-01,-1.400498e+00,-1.046663e+00,-9.664472e-01,3.822320e-01,9.240239e-01,-1.060204e-01,1.063244e+00,5.439779e-01,1.899431e+00
2.830534e-03,-3.609331e-02,-1.190406e+00,9.325411e-02,2.890795e-03,-6.903188e-01,-1.367617e-03,-1.768897e-01,1.083165e+00,1.450081e-03
-7.503185e-04,-6.285241e-01,-1.361581e+00,-1.044651e+00,-3.989483e-03,-6.362773e-01,5.010988e-03,7.508080e-02,5.151448e-01,-2.485666e-03
7.996944e-04,-1.135614e+00,-2.361149e-01,1.382281e+00,8.921048e-04,9.889273e-01,4.283523e-03,1.096820e+00,6.120746e-01,-9.411347e-04
-5.071557e-03,-3.285860e-01,-2.751119e-01,3.206966e-01,-1.084862e-02,-2.586616e-01,-1.154751e-02,-1.020466e+00,-1.264028e-01,-3.233648e-03
1.654010e-03,6.372276e-01,-9.955689e-02,-9.712470e-01,9.437621e-03,-1.501157e-01,8.235940e-03,-1.098585e+00,-7.828310e-01,2.961481e-03
8.216842e-03,1.374967e+00,9.968499e-01,9.334343e-03,5.436686e-03,2.218091e+00,-8.168310e-03,1.262413e+00,2.273300e+00,3.623305e-03
1.479506e-03,-1.631217e-01,-1.175816e+00,-2.028812e-01,-4.917777e-03,1.690818e-01,-3.914382e-03,7.577359e-02,1.807673e+00,-8.590363e-04
1.523954e+00,-8.747469e-01,6.133031e-01,6.519996e-01,-2.410439e-01,-2.096069e+00,-1.387847e+00,4.110781e-01,9.562389e-01,-1.946762e+00
-7.768143e-01,8.735203e-01,-7.156094e-01,-4.527091e-01,-3.196121e-01,-5.684470e-01,3.568289e-01,7.041111e-02,-1.012376e+00,-1.585711e-01
-4.395980e-03,-8.771713e-01,1.339383e+00,1.269929e+00,-2.135834e-03,9.640322e-02,-1.534179e-02,6.216672e-03,5.413317e-01,-3.265860e-03
-1.596312e-01,-1.795146e+00,-5.698277e-01,1.564190e+00,-6.276809e-01,-1.779400e-01,1.818184e-01,-9.678804e-02,8.844891e-01,2.559530e-02
-8.096194e-01,1.341798e+00,-6.788242e-01,-5.268711e-01,1.154940e+00,-1.064041e+00,-1.461454e+00,-2.281720e-01,3.040680e-01,1.038294e+00
