1.364178e+00,2.735726e-01,-1.302347e-01,-7.467500e-01,-2.790971e-01,3.253159e-01,8.487476e-02,1.271851e+00,-5.291629e-01,1.776998e+00
1.523188e+00,2.180244e-01,-6.837728e-02,2.098173e-01,1.109797e-01,-3.510602e-01,-1.738172e+00,-1.437223e+00,-2.459999e-01,4.831835e-01
1.601824e+00,5.870578e-01,6.148114e-01,1.624306e-02,3.287854e-01,-1.791087e+00,-1.260096e+00,-6.073636e-01,6.096167e-01,5.902369e-01
-9.009016e-04,8.802389e-02,7.320079e-01,-2.693326e-01,-4.664320e-03,-3.468463e-01,6.742510e-03,3.704230e-02,4.267602e-01,3.658107e-03
2.189199e-03,-8.838046e-01,1.412568e+00,-4.899007e-01,-3.129241e-03,-1.364383e+00,-7.062458e-03,1.889287e-01,-8.392130e-01,-4.088501e-03
-2.219798e-03,-1.846850e+00,-3.334383e-01,-5.824763e-01,6.139516e-03,2.985246e-01,-3.141696e-03,1.044480e+00,-5.657606e-01,4.178015e-03
-1.068277e-03,-1.662672e+00,1.826119e-01,-1.273114e-01,-7.276223e-03,-5.182640e-01,-5.318316e-03,-1.504423e-01,8.356021e-01,-9.332013e-04
-9.704433e-01,5.489231e-01,5.119080e-01,-1.793971e-01,3.921424e-01,9.075763e-01,-1.257848e-01,2.444336e+00,-1.565749e+00,1.905308e+00
-5.104422e-03,3.269439e-01,9.936108e-02,-1.430873e+00,-3.281843e-04,5.625259e-01,-9.496747e-04,6.496212e-01,-5.996301e-02,-2.781489e-03
-3.105325e-03,1.170990e-01,-5.967896e-01,-8.061379e-02,-2.455864e-03,1.545040e+00,1.277772e-03,-1.116286e+00,-1.890973e-01,-1.594891e-04
-5.313907e-03,3.670963e-02,-1.155187e+00,-1.400375e-01,4.949884e-03,-1.222913e-01,7.994910e-03,1.775027e+00,-7.987409e-01,1.205725e-03
-4.164970e-03,8.165181e-02,3.293286e-01,-3.942487e-01,4.091106e-03,-1.398956e-01,-2.630571e-03,-1.089892e+00,4.120218e-01,-2.234592e-03
6.377007e-03,7.594608e-01,2.615229e+00,5.494801e-01,1.031834e-03,-2.710422e-01,-4.754675e-03,-1.574805e+00,1.311179e+00,2.797867e-03
-7.806756e-04,-7.775831e-01,-1.146146e-01,-4.823990e-01,2.643101e-03,5.986386e-01,6.469696e-03,5.315090e-02,-4.665782e-01,2.975285e-03
-7.032539e-03,-1.358593e-01,-4.251812e-01,-7.161073e-01,-7.221759e-03,-3.866694e-01,4.153736e-03,-5.874196e-01,1.357341e+00,-1.752768e-03
1.518252e+00,-4.294001e-01,-1.429471e-01,-6.219508e-01,-2.449430e-01,3.133581e-01,-1.391933e+00,2.591041e-01,-3.163177e-01,-1.944594e+00
-7.765610e-01,-3.258180e-01,4.440891e-01,-2.651662e-01,-3.099042e-01,-9.292287e-01,3.563783e-01,-1.573196e+00,-7.147253e-01,-1.607183e-01
-3.061406e-03,-1.041406e-01,-1.230114e+00,-4.643171e-01,5.718868e-03,1.761745e+00,6.561466e-03,-3.256496e-02,-6.689139e-01,-9.637853e-05
-1.550413e-01,-3.755784e-02,2.545682e-02,9.042301e-01,-6.286709e-01,-8.935856e-02,1.678546e-01,-2.015407e+00,8.227684e-01,2.419069e-02
-8.209733e-01,1.810310e-01,1.684379e+00,-7.270237e-01,1.153655e+00,-2.005880e-01,-1.460044e+00,-3.767934e-01,1.667231e+00,1.040821e+00
