1.359080e+00,-6.274334e-01,-5.630283e-01,-1.283601e+00,-2.780503e-01,2.109134e-01,1.025440e-01,3.436731e-01,9.687343e-02,1.781435e+00
1.523444e+00,1.042425e+00,1.930780e-01,-2.045632e+00,1.150178e-01,-2.148008e-01,-1.745410e+00,1.117556e+00,-8.807428e-02,4.864589e-01
1.599167e+00,-7.241015e-01,6.229290e-02,-3.339049e+00,3.342455e-01,-2.287392e-01,-1.264596e+00,4.362572e-01,-1.220156e+00,5.897500e-01
-1.104723e-03,1.174072e+00,-9.918271e-01,-7.860577e-01,-4.851274e-03,-3.959777e-01,-6.090405e-04,-2.014977e+00,-1.137636e-01,-1.239340e-03
2.882568e-03,6.164855e-01,8.051646e-01,-2.110747e+00,-5.737137e-04,-2.366441e-01,1.065503e-03,6.972475e-01,2.252984e-01,2.912247e-03
6.895097e-04,1.460898e-01,3.912914e-01,-1.547015e+00,-1.652629e-03,7.072157e-01,-7.804463e-03,-1.075278e+00,7.664112e-01,-1.531276e-03
-8.208291e-04,-1.175286e-01,-9.888815e-01,-1.573949e-01,-1.817211e-04,-3.006868e-01,-6.092619e-03,-1.255927e+00,1.432640e+00,6.760721e-04
-9.699277e-01,7.145260e-01,-8.495280e-01,1.087460e+00,3.798534e-01,1.854549e+00,-1.089120e-01,-7.443457e-01,6.366348e-01,1.901705e+00
-3.741308e-03,9.110016e-01,4.714915e-01,-1.310362e+00,-6.230593e-03,-6.185050e-02,1.039650e-02,-4.279484e-01,4.644127e-01,-1.812737e-03
-3.734489e-03,5.881857e-02,1.988852e+00,2.676004e-01,-2.553024e-03,-1.588794e-01,-2.330802e-03,-9.883378e-01,-2.337131e+00,-2.125280e-03
3.662819e-03,4.070642e-01,-7.054980e-01,-3.940388e-01,8.451681e-03,-5.614521e-01,-1.034752e-02,9.665880e-02,-2.776301e-01,1.942045e-03
-2.241371e-05,1.469581e+00,1.230733e-01,5.990550e-01,-1.293707e-04,2.060199e+00,3.218406e-03,8.491430e-01,-4.747092e-01,-1.798883e-03
9.541735e-03,-1.741875e+00,-1.069265e+00,6.476453e-01,2.407932e-03,8.997322e-01,-1.195528e-02,8.025767e-01,-7.223323e-02,2.499382e-03
4.294166e-03,-1.190693e+00,-4.669489e-01,2.430854e-01,5.731825e-03,3.211161e-01,-4.642546e-03,1.585862e+00,4.083623e-01,2.072851e-03
-1.680060e-03,9.959846e-01,-1.447535e+00,8.344996e-01,-4.836760e-03,-2.148324e-01,-1.553413e-03,-7.860634e-01,-1.446534e+00,-4.096979e-04
1.520001e+00,8.184583e-01,1.163676e+00,-8.268771e-01,-2.446175e-01,1.134917e+00,-1.383417e+00,-1.038286e+00,-3.394370e-01,-1.944399e+00
-7.813305e-01,1.057891e+00,6.829132e-01,5.107553e-01,-3.202785e-01,1.710826e+00,3.506329e-01,1.560092e+00,-6.739077e-01,-1.605536e-01
-2.990548e-03,1.937159e+00,-1.755569e-01,4.116136e-02,-6.186676e-03,3.316732e-01,3.291917e-03,-3.908039e-01,6.809563e-01,6.901695e-06
-1.569926e-01,1.030357e+00,-8.915438e-01,1.834903e-01,-6.230380e-01,-9.607236e-01,1.859768e-01,5.086090e-01,-9.515443e-01,2.814006e-02
-8.171498e-01,-3.020300e+00,1.291859e+00,-2.004553e-01,1.148701e+00,2.266134e-01,-1.452560e+00,1.619258e+00,8.266909e-01,1.040456e+00
