1.366043e+00,8.696155e-01,3.757822e-01,7.074350e-02,-2.814726e-01,1.043585e-01,9.060541e-02,1.554919e+00,-3.101240e-01,1.777233e+00
1.522211e+00,-4.390977e-01,1.700341e+00,3.792641e-01,1.063153e-01,2.398868e-01,-1.748424e+00,5.508446e-01,3.975733e-02,4.913720e-01
1.595731e+00,1.498849e-01,2.741937e-01,1.061571e+00,3.321949e-01,5.750831e-01,-1.255695e+00,1.072014e-01,6.676304e-01,5.926157e-01
-1.357699e-03,3.071071e-01,-5.534258e-01,1.165315e+00,6.919051e-05,1.399831e+00,3.043605e-03,1.562173e+00,-5.006561e-01,-7.208888e-04
-1.314433e-04,7.161994e-01,1.914025e-01,5.213457e-01,5.026633e-04,9.524229e-01,4.504051e-03,5.179941e-01,-1.389528e-01,2.384753e-03
-1.321555e-03,-1.397863e+00,-1.063014e+00,-4.149146e-01,1.219357e-04,5.822030e-01,3.407551e-03,1.286276e+00,1.771145e+00,2.546609e-04
7.455924e-04,6.148457e-01,-1.625615e+00,1.000298e+00,-4.663455e-03,5.910590e-02,-7.782186e-03,1.572134e-01,-4.679002e-02,-1.152660e-03
-9.733987e-01,-1.096356e+00,1.082407e+00,-7.635809e-01,3.834060e-01,1.530359e+00,-1.251276e-01,-6.026213e-01,-6.685206e-01,1.904776e+00
-3.940070e-03,6.762582e-02,3.981636e-01,-6.616325e-01,1.060310e-03,-8.585950e-01,-2.979894e-03,-3.688216e-01,-2.917607e-01,2.296275e-03
-5.567020e-03,3.400603e-01,-1.512966e-01,-8.600320e-01,-1.793075e-03,5.123923e-01,2.789565e-03,-1.313207e+00,-4.499917e-01,-2.831231e-04
3.266919e-03,2.059566e-01,1.365809e-01,-1.149408e-01,-3.182808e-04,7.334165e-01,-8.326127e-03,2.008338e-01,5.557426e-01,1.745986e-03
1.052319e-03,2.057116e-01,1.237518e+00,-9.389824e-01,-5.613033e-03,1.423986e-01,-5.227568e-03,5.237646e-01,8.215906e-01,-4.233085e-03
-1.117540e-03,5.451296e-01,-6.008325e-01,-6.324954e-01,5.294695e-03,-4.989203e-01,-5.953804e-03,-9.631867e-01,7.661616e-02,4.159564e-03
3.202790e-03,4.487380e-02,3.976941e-01,-1.882470e-01,2.790383e-03,-6.602950e-01,2.713448e-03,8.711455e-01,2.007796e-01,2.321874e-03
-1.984391e-03,-1.056914e+00,8.679573e-01,-3.629124e-01,-8.996290e-04,9.154278e-01,8.992970e-03,2.245142e+00,8.532227e-01,1.618658e-03
1.520424e+00,-2.615221e-01,-2.381453e+00,-1.520480e+00,-2.466360e-01,5.109206e-01,-1.376102e+00,-6.914055e-01,-9.308074e-01,-1.947789e+00
-7.836743e-01,-4.341365e-01,7.746755e-02,-2.204191e-01,-2.962563e-01,8.899857e-01,3.500746e-01,3.209287e-01,-2.114727e-01,-1.617426e-01
-2.534855e-03,-7.031257e-01,-1.053639e+00,2.094881e-01,1.658544e-03,1.514464e-01,-1.070604e-02,-6.568204e-01,-3.274033e-01,-1.022170e-03
-1.561126e-01,-4.552668e-01,6.053633e-01,-4.309190e-01,-6.284872e-01,6.773550e-01,1.830501e-01,9.807486e-01,-9.512682e-02,2.250486e-02
-8.161339e-01,7.122670e-01,6.415114e-01,2.150492e-01,1.150712e+00,4.205474e-01,-1.451866e+00,8.373347e-01,6.997047e-01,1.041162e+00
