1.366956e+00,-9.624452e-01,-8.828600e-01,7.686264e-01,-2.820362e-01,-1.126594e+00,9.499323e-02,3.774691e-01,1.315195e+00,1.776354e+00
1.521247e+00,1.350588e-01,6.747047e-01,1.225549e-01,1.140879e-01,-1.102305e+00,-1.745775e+00,8.853198e-01,1.464799e+00,4.861063e-01
1.602198e+00,5.302319e-02,7.637434e-01,2.029245e-01,3.275195e-01,4.322867e-01,-1.268406e+00,-4.438074e-01,2.050464e+00,5.865355e-01
-1.844378e-03,6.947088e-01,-8.943436e-01,-1.724261e-01,-2.791328e-03,-3.308134e-02,3.930082e-03,1.197185e-01,9.804756e-01,-1.325325e-03
3.036535e-03,9.949326e-01,-1.759804e+00,1.921682e+00,-1.463854e-03,-5.506034e-01,8.559100e-03,-6.056383e-02,2.710255e-01,3.354126e-03
1.674701e-03,-5.969385e-01,-2.652761e-01,-1.034196e+00,-1.196736e-02,9.347598e-01,4.573640e-03,8.397468e-02,1.374675e+00,-2.674819e-03
2.343472e-03,-1.019292e+00,-1.623249e-01,6.113828e-01,2.147607e-04,-4.576546e-02,-5.920079e-03,-4.215582e-01,-1.051796e+00,-5.063384e-03
-9.735886e-01,-2.728821e-01,-1.515763e+00,-1.198300e+00,3.932201e-01,-7.161499e-01,-1.182548e-01,-6.920012e-01,-5.135063e-02,1.900838e+00
3.838476e-04,1.243643e-01,-9.981322e-01,2.817229e-01,6.182283e-05,1.570600e+00,3.318937e-03,-8.157656e-01,1.538257e-01,4.098054e-03
-1.835937e-03,-1.257487e+00,1.630300e+00,-1.005022e-01,2.053369e-04,-1.196870e+00,6.953826e-03,3.948401e-01,-2.821909e-01,-2.737662e-03
4.754018e-03,6.757020e-01,6.269052e-01,4.137540e-02,4.771494e-03,-4.928336e-01,-1.755861e-03,4.816498e-01,-6.068373e-01,3.945113e-03
-5.586703e-03,-6.908856e-01,-6.004584e-02,-1.574147e+00,-7.659192e-03,-1.186243e+00,4.980898e-03,2.953399e-01,2.382638e-01,-3.010197e-03
2.268714e-03,-1.168309e+00,-4.933611e-01,-3.340874e-01,3.111232e-03,-8.912996e-01,6.866732e-03,-5.188116e-01,-3.555311e-01,4.012539e-03
1.232888e-03,-1.058361e+00,-7.790717e-01,-6.228164e-01,-2.450371e-03,-1.804429e-01,4.713398e-03,-5.248938e-01,1.236594e+00,2.001563e-03
-5.300654e-04,-1.320119e+00,-2.042474e-02,-5.334508e-01,5.606032e-04,6.844521e-01,-1.866359e-03,-3.247441e-01,-1.079110e+00,-3.234290e-03
1.523747e+00,7.065068e-01,1.214320e+00,-8.098036e-02,-2.515787e-01,-7.574366e-01,-1.385839e+00,-5.212684e-01,-2.493650e-01,-1.948020e+00
-7.740475e-01,-3.680511e-01,-1.528110e+00,7.762623e-01,-3.088172e-01,1.167214e+00,3.654471e-01,7.445879e-01,2.682516e-01,-1.629607e-01
1.306251e-03,5.134918e-01,7.961633e-01,3.398956e-01,-4.842952e-03,6.041787e-01,-3.846766e-03,-1.198163e+00,-5.950556e-02,1.798974e-03
-1.528238e-01,4.066464e-01,-8.284808e-01,-8.723368e-02,-6.186923e-01,8.977238e-01,1.793879e-01,8.573619e-01,5.587146e-01,2.307430e-02
-8.137982e-01,-9.000229e-02,9.155211e-02,8.098932e-01,1.144721e+00,1.162096e-01,-1.464066e+00,-4.397564e-01,4.612871e-01,1.034554e+00
