1.364002e+00,1.189381e+00,1.033276e-01,4.328690e-01,-2.935268e-01,-6.950609e-01,9.161587e-02,-2.591426e-01,5.225824e-01,1.779348e+00
1.524661e+00,3.709482e-01,4.358603e-02,1.230653e+00,1.076670e-01,-4.027590e-01,-1.747195e+00,4.868597e-01,-6.029460e-01,4.867260e-01
1.600113e+00,6.340976e-01,-4.843261e-01,6.404707e-01,3.212886e-01,-3.577853e-01,-1.274219e+00,-7.317247e-01,-7.755814e-01,5.886330e-01
1.187178e-03,4.209176e-01,-5.709968e-02,-1.447514e+00,-3.640500e-03,7.387837e-03,4.306872e-03,-1.049018e+00,-9.492928e-01,2.227404e-03
6.191009e-04,-4.382901e-01,6.369128e-01,8.005802e-02,-2.375151e-03,7.581712e-01,3.654374e-03,1.015319e+00,1.473803e+00,-2.204538e-04
2.447861e-03,-4.078440e-01,1.770417e+00,-6.438836e-01,5.588513e-03,6.507953e-01,2.129983e-03,-4.819932e-01,1.256125e+00,-8.752110e-04
-4.508287e-04,1.684129e+00,3.680201e-01,-6.823219e-01,-4.950765e-03,1.824951e+00,3.766674e-03,1.211204e+00,-9.940615e-02,-4.811229e-04
-9.734683e-01,-3.160728e-01,9.499833e-01,-3.644995e-01,3.883878e-01,-1.019504e+00,-1.099538e-01,4.762246e-01,7.013829e-01,1.907166e+00
1.080779e-03,-2.849192e-01,-2.751103e-01,-1.017482e+00,7.740386e-03,-1.200433e+00,8.413237e-03,-1.385113e+00,9.760037e-01,2.270223e-03
4.745466e-03,-1.272771e-01,1.216561e+00,-1.135612e+00,7.118358e-03,-1.127200e+00,-4.318913e-03,-7.151284e-01,-3.573303e-01,-4.060865e-03
5.197239e-03,-8.463919e-01,6.850804e-01,1.058059e-01,5.945325e-03,-9.739553e-02,-3.290282e-04,-2.404807e-01,2.425553e-02,-2.071967e-03
2.686042e-03,-5.389327e-01,4.854842e-01,1.251795e-01,-3.815008e-03,-1.398859e+00,1.439807e-02,-3.339776e-01,3.110227e-01,-6.836947e-03
-1.938919e-03,-7.346422e-01,1.237372e+00,7.317039e-03,-3.407982e-03,2.561089e-01,-7.097939e-03,-1.461281e+00,-2.131185e-02,4.998429e-03
6.042088e-03,-4.754348e-01,4.661723e-02,-3.564473e-01,1.099022e-03,3.710715e-01,-7.028242e-03,-3.431098e-01,-4.828661e-01,7.096122e-04
-5.192445e-03,1.408055e+00,1.351437e+00,3.613384e-01,-2.306574e-03,-1.255936e+00,5.344273e-05,1.100506e+00,2.902231e-01,-2.919656e-03
1.522655e+00,-5.935818e-02,1.055637e+00,4.775457e-01,-2.509538e-01,-1.028310e+00,-1.383903e+00,4.495751e-01,5.848893e-01,-1.943267e+00
-7.760957e-01,1.154434e+00,-1.368242e+00,1.125452e+00,-3.153911e-01,-1.361046e+00,3.443888e-01,-3.080914e-01,-5.019175e-01,-1.577465e-01
-3.388456e-03,1.282294e-01,-2.496170e-01,-1.018938e+00,-4.013601e-03,-1.309074e+00,5.306033e-03,2.500569e-01,7.848197e-01,-2.604383e-03
-1.557428e-01,-1.310507e+00,1.715028e-01,1.128410e+00,-6.205833e-01,1.006016e+00,1.775420e-01,4.083270e-01,-2.955000e-01,2.345542e-02
-8.151394e-01,-6.634446e-01,1.148891e-01,-6.832277e-01,1.154471e+00,1.593933e+00,-1.460797e+00,6.404591e-01,3.688384e-01,1.040221e+00
