1.358556e+00,1.342492e+00,6.496266e-01,1.139148e-01,-2.847191e-01,-1.994058e+00,9.728218e-02,-5.886616e-01,9.018073e-01,1.776732e+00
1.527614e+00,-3.865675e-01,1.304434e+00,4.601089e-01,1.088335e-01,1.067828e+00,-1.736921e+00,-5.171691e-01,-3.302904e-01,4.873153e-01
1.604215e+00,6.703407e-01,-1.376352e+00,-5.947727e-01,3.371278e-01,1.532808e+00,-1.275720e+00,-2.461479e-01,-1.548126e-01,5.898730e-01
1.218633e-03,-8.834928e-01,-6.966662e-01,3.294689e-01,-2.136879e-04,-1.757208e+00,3.369022e-03,8.745855e-01,-5.588128e-01,-4.913773e-04
1.882029e-03,2.720622e-01,-3.146889e-01,-1.406057e+00,2.499172e-03,4.008416e-01,-4.184682e-03,-1.591058e-02,1.181676e-01,1.042310e-03
-2.000639e-03,-3.466809e-01,-6.212239e-01,9.035574e-01,-8.551645e-05,1.226346e+00,-2.025487e-03,-1.125331e-01,-1.479658e+00,7.629381e-04
1.196243e-03,2.905382e-01,1.322512e+00,9.411381e-01,-1.272671e-03,1.442813e+00,-2.429203e-03,7.736141e-01,6.080824e-01,-2.169069e-03
-9.768102e-01,-7.557879e-01,5.965122e-01,5.535978e-01,3.823929e-01,-2.598656e-01,-1.221765e-01,5.409353e-01,4.570134e-01,1.905939e+00
-2.109071e-04,-9.215261e-02,1.296263e+00,6.252037e-01,-9.043746e-03,1.051246e+00,1.988494e-03,7.310558e-01,-1.154426e+00,-3.596280e-04
-5.677687e-04,5.019144e-02,-1.986600e-01,1.627741e-01,-9.016222e-03,-1.035364e-01,-1.659900e-03,2.149755e-01,5.601110e-01,-1.245470e-03
1.482242e-06,-2.958220e-01,4.008771e-01,-3.448941e-01,4.147729e-03,-6.966014e-02,-5.596465e-03,6.232178e-01,-3.871832e-02,2.202560e-03
1.156690e-04,-1.034783e+00,7.790135e-01,7.373037e-01,-3.994286e-03,-7.105282e-01,1.885293e-03,-4.042421e-01,-2.747873e-02,-1.899889e-03
-2.650329e-03,2.953285e-01,3.966908e-01,4.361551e-01,4.824547e-03,-3.364094e-01,-5.158359e-04,-1.904383e-01,-1.094805e+00,-8.990395e-04
2.934205e-03,2.411066e-01,-7.069108e-01,-6.925835e-01,8.091643e-04,2.222378e-01,-2.081330e-02,-2.418498e-01,-3.098483e-01,4.077300e-03
-1.992371e-04,-4.426709e-01,6.312672e-01,-4.454091e-01,-6.167489e-03,-1.056444e-01,1.716391e-02,-2.474450e-01,9.134947e-02,3.656018e-04
1.529854e+00,-8.038157e-01,-8.187535e-01,-1.453516e+00,-2.486958e-01,-2.405571e-01,-1.389474e+00,1.118402e+00,-2.037936e+00,-1.946473e+00
-7.789240e-01,1.274496e+00,1.607959e+00,-6.211120e-01,-3.231633e-01,-8.652076e-01,3.392611e-01,-3.591184e-01,-1.146845e+00,-1.596416e-01
-5.773096e-03,-1.051551e+00,2.570580e-01,-2.658797e-01,-5.750652e-04,-6.278779e-01,-3.048824e-03,1.312501e-01,2.550851e-01,-3.792120e-04
-1.527341e-01,2.633735e-01,-3.301204e-01,4.153363e-01,-6.142333e-01,6.548358e-02,1.711488e-01,1.249856e+00,7.791222e-01,2.170130e-02
-8.169429e-01,1.300736e+00,-1.490829e+00,-2.753674e-01,1.153919e+00,-1.720199e-01,-1.450164e+00,6.930854e-01,1.066852e+00,1.039368e+00
