1.361850e+00,8.144919e-01,-2.451427e-01,1.664352e+00,-2.881959e-01,2.771538e-01,9.402184e-02,2.396275e+00,5.967623e-02,1.782277e+00
1.524048e+00,-6.777050e-01,-1.662728e-01,9.706976e-01,1.043721e-01,3.363155e-01,-1.747477e+00,6.681550e-01,-5.693232e-01,4.888220e-01
1.601432e+00,4.936864e-01,6.742981e-01,8.670732e-01,3.385958e-01,-6.065278e-01,-1.278025e+00,7.281769e-01,1.322155e-01,5.907949e-01
3.052220e-03,-7.162164e-01,-2.772234e-01,1.435121e+00,-9.567036e-03,-1.526919e+00,5.895069e-03,1.472610e+00,-1.477722e+00,9.226264e-04
2.076787e-03,-6.902292e-02,9.547666e-01,-1.133007e+00,1.799089e-03,-1.465392e-01,1.384565e-03,-9.153043e-01,-1.519082e+00,-1.085261e-03
4.460185e-03,-6.801067e-02,-5.543743e-01,8.040960e-01,1.497927e-03,-1.116331e+00,4.110011e-03,-1.555474e-01,-1.280602e+00,2.344964e-03
3.635655e-04,-5.953240e-01,-7.250685e-01,2.653945e-01,-2.205025e-03,8.233477e-01,1.782661e-02,-5.332119e-01,-5.692540e-01,-8.639643e-04
-9.744362e-01,1.257310e+00,-6.868189e-01,-5.212669e-01,3.941196e-01,5.629262e-01,-1.120659e-01,1.309507e+00,-1.764086e-01,1.904531e+00
-1.392018e-03,5.141887e-01,1.956115e+00,4.480049e-01,2.279846e-03,2.135960e-01,-4.150284e-03,-3.436906e-02,-3.798498e-01,1.634318e-03
-8.042526e-03,-7.034646e-01,-1.521111e+00,1.093699e+00,1.576874e-03,1.061061e+00,-8.326141e-03,3.250280e-01,2.488858e-01,7.539924e-04
4.482310e-04,-1.270008e+00,-3.513306e-01,7.104014e-01,-4.702664e-03,-3.122140e-01,7.414095e-03,-9.485917e-01,1.131542e+00,-2.864788e-03
-5.047734e-04,1.715330e-01,4.062072e-01,4.914116e-01,-1.047856e-02,-6.068755e-02,1.672010e-04,6.966443e-01,3.936522e-01,-1.318954e-03
7.777779e-04,-2.764714e+00,-1.915425e+00,3.871696e-03,4.068505e-03,1.588393e+00,-4.134116e-03,-2.652867e-01,-1.654522e-01,3.224153e-03
2.081854e-03,1.493678e+00,-1.562733e+00,-4.351294e-01,-5.693744e-03,7.078502e-01,-8.277813e-04,-6.684300e-02,5.255379e-01,-1.261722e-03
2.094692e-03,-3.514173e-01,-7.208633e-01,-4.853496e-01,4.243315e-03,1.136250e-01,5.879054e-03,-9.238890e-01,-5.944444e-01,-1.192924e-03
1.527867e+00,4.663684e-01,-2.894212e-01,2.489144e-01,-2.464345e-01,-8.726117e-01,-1.384788e+00,6.324720e-01,5.544722e-01,-1.948462e+00
-7.860344e-01,6.074519e-01,-1.142495e+00,-5.142118e-03,-3.045873e-01,6.617773e-01,3.483504e-01,8.697470e-01,6.607343e-01,-1.613656e-01
-1.294847e-03,1.493350e+00,-6.595564e-01,3.098990e-01,-2.311755e-05,1.176167e+00,-4.525328e-03,1.187894e+00,1.604998e+00,3.131553e-03
-1.583319e-01,7.684252e-01,-1.454238e-01,-3.881929e-01,-6.215235e-01,-3.208984e-01,1.763049e-01,7.429639e-01,1.131783e-01,2.681151e-02
-8.194843e-01,2.863603e-01,5.589567e-01,-1.216563e+00,1.151953e+00,-8.399942e-01,-1.471775e+00,-9.561890e-01,-1.728948e+00,1.038598e+00
