1.363727e+00,4.335706e-01,1.546497e+00,6.533221e-01,-2.768510e-01,9.825624e-01,8.373749e-02,-1.157978e+00,1.351187e+00,1.779133e+00
1.523753e+00,6.676900e-01,3.624151e-01,-5.114243e-01,1.129782e-01,-8.037582e-01,-1.758270e+00,-1.205789e+00,-6.591981e-01,4.868186e-01
1.600651e+00,1.105435e+00,1.297620e-01,-4.345176e-01,3.336026e-01,-5.421608e-01,-1.265607e+00,7.772030e-01,8.235047e-01,5.912480e-01
-2.363345e-03,1.445432e-01,-6.626795e-01,1.541311e-01,3.157485e-03,-6.049794e-01,-2.897668e-03,-7.260280e-01,-1.052900e+00,1.803072e-03
-5.852560e-03,-7.088741e-01,-2.316664e-01,-1.041559e-01,-9.608359e-03,-9.387892e-01,5.890258e-03,7.959892e-01,-3.098058e-01,-4.219880e-04
6.957266e-03,9.238273e-02,1.366981e+00,1.034859e+00,-3.146956e-03,-7.550813e-01,2.525917e-03,5.233385e-01,1.577992e-01,2.741154e-04
3.611163e-03,9.474704e-01,4.584359e-01,-8.204951e-01,-3.173866e-03,-9.147939e-01,-2.094110e-03,2.828901e-01,-1.602342e-02,-2.345423e-03
-9.771700e-01,-4.793349e-01,2.917035e-01,-1.039955e-01,3.836188e-01,-1.140917e+00,-1.168308e-01,-9.738474e-02,-5.716153e-01,1.903518e+00
-4.756598e-03,-1.701258e-01,-5.579744e-01,-2.532374e-01,-3.389073e-03,-4.611714e-01,-5.009196e-03,1.200613e-01,-7.343144e-02,5.162304e-03
3.846191e-03,-3.477017e-01,-7.448228e-01,-3.584930e-01,-7.154047e-03,-2.868424e-01,-9.682637e-03,1.792292e-02,4.810466e-01,-1.799320e-03
-1.598012e-04,1.893407e+00,1.939061e+00,-1.169593e+00,3.923514e-03,1.254051e+00,3.992432e-04,3.516691e-01,4.729738e-01,9.353098e-04
1.303706e-03,1.647485e+00,-3.434741e-01,-9.957455e-01,-6.892386e-03,8.857271e-01,-3.471771e-03,-7.006057e-01,-2.133943e-01,-9.677870e-04
-9.297212e-04,8.476123e-01,1.470452e-01,-8.306414e-01,-1.059672e-03,1.152484e+00,6.371617e-03,1.568346e+00,-6.007942e-01,3.552402e-03
1.419349e-03,2.654904e-01,7.595889e-01,4.330604e-02,-5.115629e-03,1.655980e+00,-6.472776e-03,7.460648e-01,-3.996368e-01,8.613965e-04
-2.899783e-03,-7.813388e-01,8.673283e-02,1.785508e+00,-2.708645e-03,1.179430e+00,2.710574e-03,-1.854748e+00,-3.883805e-01,-4.660794e-03
1.521860e+00,-1.468056e-01,1.668205e-01,-9.275575e-01,-2.402012e-01,5.651564e-01,-1.393723e+00,-4.104552e-01,-1.017837e+00,-1.945881e+00
-7.782994e-01,4.212054e-01,1.404138e+00,-5.499810e-01,-3.117254e-01,-1.076101e+00,3.520296e-01,1.202661e+00,7.562152e-01,-1.592958e-01
2.095277e-03,-2.669636e-01,-1.318044e-01,1.955180e-01,4.052326e-03,-2.702942e-01,2.942440e-03,-9.893522e-01,-2.405134e-01,1.631887e-03
-1.508433e-01,6.335135e-01,5.276320e-01,-5.749930e-03,-6.246896e-01,-1.402135e+00,1.755539e-01,-1.774660e-01,-1.525316e-02,2.042491e-02
-8.211684e-01,-2.791225e-01,7.356603e-01,1.775545e+00,1.151123e+00,-6.115049e-01,-1.453615e+00,-5.231091e-01,-9.021994e-01,1.035903e+00
