1.368068e+00,7.177517e-01,-8.509761e-01,-9.856076e-01,-2.848736e-01,5.406172e-01,9.841705e-02,-7.794109e-02,-2.899390e-01,1.781507e+00
1.521473e+00,-3.181454e-02,-6.268421e-01,-9.177271e-01,1.098200e-01,-2.382651e+00,-1.744185e+00,-5.331972e-01,8.537952e-01,4.854130e-01
1.604593e+00,-6.530106e-01,4.432796e-01,1.226370e+00,3.252104e-01,8.750288e-01,-1.272248e+00,-3.050199e-01,-2.779617e-01,5.878069e-01
-3.963535e-04,5.059322e-01,2.125086e+00,5.672004e-01,-6.709931e-03,-5.197967e-02,6.037548e-03,2.982003e-01,5.485513e-02,2.423247e-03
1.007270e-03,-7.428269e-01,-5.044263e-01,-4.192160e-02,-1.377444e-02,-4.298130e-01,-4.576385e-03,-9.867633e-01,6.662681e-01,2.040978e-03
1.700941e-03,9.668470e-01,3.632770e-01,-2.932385e-01,-7.401221e-03,-1.058614e+00,5.044239e-03,-3.879785e-01,3.731930e-01,1.061159e-03
-1.987423e-03,4.628211e-01,1.114446e-01,5.276748e-01,-1.568099e-03,-1.299456e-01,1.225245e-03,2.098593e-01,2.762874e-01,-4.082042e-04
-9.749541e-01,8.018847e-01,-1.466259e-01,-4.564172e-01,3.868744e-01,1.035419e+00,-1.110234e-01,1.430987e+00,-9.541332e-01,1.902445e+00
7.021963e-04,1.036449e+00,7.018973e-01,4.110833e-01,-6.432378e-03,1.621603e-01,-8.405708e-03,4.497457e-01,-6.436325e-01,3.245000e-03
-3.448256e-03,7.203352e-01,-1.080312e+00,1.987676e-01,-4.917749e-03,-9.862723e-01,4.120972e-03,-2.104949e+00,-7.510210e-01,-3.290321e-03
-1.883614e-03,-7.095723e-01,9.395535e-02,1.808440e-01,-1.070183e-04,3.498650e-01,4.616654e-03,-3.180295e-01,7.533017e-02,7.364081e-04
-4.749938e-03,4.334110e-01,3.678807e-01,-2.815399e-01,-5.118690e-03,1.314902e+00,-8.059217e-03,4.177512e-01,-3.440549e-01,-2.083298e-04
-2.011389e-03,-2.842424e-01,1.096830e+00,-1.007303e+00,3.715060e-03,-7.454398e-01,-3.587609e-03,7.067499e-01,-4.181388e-01,1.592417e-03
5.710226e-03,-2.138706e-01,1.494965e+00,7.814470e-01,1.003144e-02,-4.620621e-01,-1.987092e-03,-4.264801e-01,-1.102318e+00,1.282647e-04
-2.634318e-03,2.730049e-01,3.150858e-01,-1.064935e+00,1.809561e-03,1.928534e-01,-7.808858e-03,7.300861e-01,-1.969832e-01,-2.795034e-04
1.522329e+00,4.280136e-02,-1.895254e-02,2.079127e-01,-2.458190e-01,-3.476964e-01,-1.384522e+00,-1.209331e+00,-9.717061e-02,-1.945727e+00
-7.778718e-01,8.322415e-01,6.572951e-01,-4.984285e-01,-3.254531e-01,-2.809579e-01,3.597142e-01,4.109535e-02,-1.531726e+00,-1.604350e-01
-1.966419e-03,-1.374520e+00,-2.702614e+00,4.762768e-01,6.266607e-03,-2.154082e-03,-7.653044e-04,4.170548e-01,4.792804e-01,-2.085615e-03
-1.610166e-01,8.390152e-01,-4.305795e-01,1.051769e+00,-6.255138e-01,-4.333074e-01,1.656772e-01,1.134217e+00,2.006029e-01,2.193741e-02
-8.172583e-01,-1.863210e-01,8.777922e-01,-9.736223e-01,1.158416e+00,-1.013264e-01,-1.445854e+00,-4.076273e-02,-6.813564e-01,1.037288e+00
