1.363341e+00,-5.167580e-01,1.955546e-02,-2.060086e-01,-2.801318e-01,2.111927e-02,1.004478e-01,-7.114061e-01,-9.351922e-01,1.777978e+00
1.527411e+00,-1.498161e+00,-1.221304e+00,-2.874169e-01,1.152978e-01,-5.057224e-01,-1.755439e+00,-9.750043e-01,-1.712131e+00,4.882749e-01
1.601586e+00,-7.720354e-02,-1.878620e-01,-1.410791e+00,3.277570e-01,-8.745164e-02,-1.264961e+00,1.583924e+00,4.130566e-02,5.914154e-01
-7.284679e-04,-3.485154e-01,9.458655e-01,7.004382e-01,-1.477052e-02,6.534625e-01,1.550456e-03,-4.645829e-01,-3.544775e-01,5.527228e-03
3.662643e-03,-2.732323e-01,-1.014226e+00,-3.607261e-01,-4.751325e-03,2.589791e-01,-4.203408e-04,-2.285828e-01,4.292836e-01,3.755460e-03
-4.409397e-03,7.138487e-01,-1.846415e+00,2.659433e+00,-1.140771e-03,-1.521819e+00,-4.020151e-03,-1.853730e-01,-8.198483e-01,4.169047e-04
2.677712e-03,-1.010983e+00,-2.089013e+00,1.558463e+00,-2.756454e-03,-2.355415e-01,5.679554e-03,6.797055e-01,5.007973e-01,-1.756507e-03
-9.718229e-01,1.570987e-01,2.013690e-01,1.451358e+00,3.759140e-01,2.876011e-01,-1.188320e-01,-2.788356e-01,-5.052192e-01,1.906340e+00
-7.718425e-04,8.589945e-01,1.103355e+00,7.648168e-01,1.279724e-03,-1.426112e-01,-6.877928e-04,3.400761e-01,4.104543e-01,2.641189e-03
-3.018717e-03,-8.285510e-01,7.271017e-01,-7.281956e-01,2.258804e-03,-7.798200e-01,-4.730380e-03,-1.677480e+00,-1.536464e+00,1.451760e-04
2.705678e-03,1.232513e+00,4.939230e-01,5.536972e-01,1.014575e-02,2.132705e-01,1.539609e-03,1.985455e+00,7.986811e-01,4.529408e-03
-6.503728e-03,3.350045e-01,4.917327e-02,-6.644114e-01,-2.483007e-03,6.669631e-01,9.888836e-03,-6.062034e-01,-4.236891e-01,-1.239752e-03
3.016983e-03,4.284702e-01,-2.972974e-01,3.204303e-01,-2.360252e-03,1.468490e+00,8.327784e-04,-5.884148e-01,-6.539718e-01,-1.334947e-03
1.985299e-04,1.653461e-01,-2.799692e-01,5.665567e-01,-4.146760e-03,-2.086633e-01,1.264755e-03,9.597381e-01,3.995476e-02,1.033784e-03
2.359952e-03,9.063601e-01,-7.727184e-01,-6.118880e-01,1.337723e-04,-9.614684e-01,-5.645353e-04,1.917868e-01,-4.734849e-01,-1.607255e-03
1.528748e+00,-9.198595e-01,-9.363535e-01,3.593958e-01,-2.454567e-01,-1.416606e+00,-1.388554e+00,8.965859e-01,-1.209900e+00,-1.947477e+00
-7.821079e-01,8.167816e-02,-1.488420e-03,2.136843e-01,-3.124614e-01,-2.893726e-02,3.485091e-01,-7.642221e-01,6.180695e-01,-1.646407e-01
-4.188940e-03,3.842764e-02,8.421917e-02,-2.096575e-02,-6.911539e-03,-1.125097e-01,7.504924e-03,1.692463e+00,9.308006e-01,-1.263401e-03
-1.572330e-01,-8.522880e-01,-1.353383e+00,7.765746e-01,-6.267213e-01,-3.723470e-01,1.766422e-01,1.623153e-01,2.065141e+00,2.131384e-02
-8.155636e-01,-1.401545e+00,-7.551942e-02,1.675323e-01,1.159637e+00,-1.425542e+00,-1.455763e+00,-8.385846e-01,-2.323468e+00,1.040302e+00
