1.367837e+00,2.030669e-01,-6.426004e-02,-3.087618e-01,-2.875185e-01,-2.824125e-01,9.969975e-02,-4.536019e-01,-1.323078e-01,1.773683e+00
1.516743e+00,1.256309e-02,4.753617e-01,4.974139e-01,1.110635e-01,-9.278838e-01,-1.740419e+00,9.728979e-01,-4.276138e-02,4.896162e-01
1.600238e+00,9.053620e-01,-1.134935e+00,3.153727e-01,3.205051e-01,3.119003e-02,-1.257246e+00,-1.198938e+00,-7.193210e-01,5.895760e-01
5.104279e-03,-2.121765e-01,3.740583e-01,-1.342476e+00,-3.947469e-03,-1.245917e+00,-8.051873e-03,5.996523e-01,8.137656e-01,-7.138880e-05
9.324287e-03,3.369371e-01,-8.928361e-02,-1.893275e-01,1.286919e-03,2.838908e-01,-5.157212e-03,-2.738549e-01,-2.899568e-01,7.578582e-04
-1.695586e-03,-1.785560e-01,3.203040e-01,-2.072800e-01,9.061908e-03,-8.130064e-01,-4.707844e-03,3.672834e-01,-5.925012e-01,9.683921e-04
5.173627e-03,8.820972e-01,-8.254864e-01,1.425336e+00,-3.776415e-03,-1.633808e-02,-9.705971e-04,2.514183e-01,2.446592e-01,4.363431e-03
-9.713547e-01,8.160829e-02,2.585460e-01,6.362410e-01,3.846924e-01,-5.560597e-01,-1.244702e-01,-6.126677e-01,7.697668e-01,1.901621e+00
-3.121094e-03,-7.295879e-01,-2.130850e-01,6.807056e-01,-1.904596e-04,-2.614165e-01,-2.334263e-03,7.872547e-01,-7.030022e-01,3.699359e-03
3.011936e-04,6.972244e-01,-2.166447e-02,-5.037213e-02,-5.885366e-03,3.060172e-01,-6.327265e-03,8.673635e-01,3.501639e-01,-2.606296e-03
-1.216930e-03,-5.644026e-01,-1.270221e+00,-2.930503e-01,-2.109806e-03,1.341916e-01,-5.267841e-03,-1.016669e+00,-1.035114e+00,6.131589e-04
-3.109045e-03,-6.002087e-01,-1.466996e-01,-3.283797e-01,-3.173953e-03,-2.006875e-01,5.442019e-03,-5.126955e-01,-2.638371e-01,-4.859357e-03
4.462140e-03,1.511267e+00,5.144103e-01,-9.509185e-02,3.996943e-03,1.575839e-01,9.533692e-04,2.992842e-01,-1.136075e+00,1.759116e-03
8.451349e-03,9.647122e-01,-9.249769e-01,-1.441914e+00,-6.957831e-03,-8.761725e-01,-6.251437e-03,1.850461e-01,-3.962778e-02,-4.600106e-04
-1.213785e-03,6.608943e-02,1.881211e+00,-1.233202e+00,6.333142e-03,3.975893e-01,-1.179802e-02,1.172413e+00,5.148710e-01,2.273572e-04
1.525538e+00,2.323739e-01,-3.654863e-01,-6.976830e-01,-2.415633e-01,1.486586e+00,-1.382722e+00,1.413974e+00,1.021424e+00,-1.949368e+00
-7.722678e-01,-5.292385e-01,-8.212798e-01,9.427238e-02,-3.114570e-01,-8.045475e-02,3.456985e-01,6.081029e-01,4.831985e-01,-1.598232e-01
-5.575813e-03,8.073588e-01,1.206021e-02,-7.869529e-01,9.449987e-03,-1.689673e-01,-3.325052e-03,-1.560003e-01,-1.135384e+00,-2.908108e-03
-1.520603e-01,-9.682607e-01,3.024628e-01,-1.170564e-01,-6.305293e-01,-2.256108e-01,1.721400e-01,4.838152e-01,-7.277461e-01,2.610494e-02
-8.196085e-01,-4.440894e-01,-1.765521e+00,1.265544e+00,1.156179e+00,6.390095e-01,-1.447455e+00,2.276278e-01,9.937101e-02,1.042347e+00
