1.363479e+00,-4.479733e-01,3.461659e-02,-3.321298e-01,-2.828920e-01,-5.469451e-01,8.304385e-02,7.715011e-01,-4.027963e-01,1.779574e+00
1.527893e+00,-7.099843e-02,9.759236e-02,-8.156818e-02,1.102385e-01,6.741248e-01,-1.753590e+00,-1.484522e+00,3.827774e-01,4.919404e-01
1.594498e+00,-7.988447e-01,-1.040389e+00,5.563669e-01,3.284787e-01,-1.209365e-01,-1.259548e+00,3.022847e-01,-3.841498e-01,5.906762e-01
4.671548e-03,1.913116e-01,-1.109055e-01,3.809087e-01,-3.092263e-03,7.387868e-01,-1.167710e-03,6.369802e-01,-2.779919e-01,-1.483167e-03
3.494610e-03,1.263501e+00,1.252338e+00,1.113872e+00,-6.481123e-03,1.391748e-01,8.258910e-03,7.481996e-02,8.809724e-01,5.121263e-03
-5.819878e-04,1.366163e-01,-2.423320e-01,-9.277483e-01,-6.666263e-03,5.125283e-02,1.261695e-02,-4.442198e-01,-7.079623e-01,1.942369e-03
-6.433486e-04,1.026036e+00,-3.161278e-01,-5.646918e-02,-3.304326e-03,2.043862e-01,9.831455e-03,-1.677446e+00,-1.444917e+00,-1.592928e-03
-9.706031e-01,1.382003e+00,-1.223085e+00,1.634941e+00,3.913583e-01,7.608650e-01,-1.124551e-01,6.558420e-02,4.853247e-01,1.904685e+00
4.049000e-03,-2.594960e-01,7.790424e-01,-3.869703e-01,2.523920e-03,-1.002451e+00,7.229924e-04,-5.016445e-01,-1.843933e-01,1.731673e-03
-7.495285e-03,2.076408e-01,3.498051e-01,4.905283e-01,1.538314e-04,-3.799502e-01,2.400629e-03,-2.653798e-01,1.217079e+00,-3.320019e-03
6.682956e-03,1.139762e-01,-3.918868e-03,-5.741587e-02,-8.485621e-03,6.454657e-01,6.749034e-03,2.983132e-01,-2.875152e-01,3.068338e-03
-3.567463e-03,9.325234e-01,2.785850e-01,-8.500498e-02,6.225108e-03,2.639072e-01,4.400964e-03,-8.512397e-01,4.694966e-01,-6.921050e-04
1.919020e-03,-8.935318e-02,1.008928e+00,4.766517e-01,-3.558545e-04,-6.493032e-01,2.172251e-02,1.069344e+00,-9.969717e-02,6.291481e-03
-3.033201e-03,5.723611e-01,-1.335237e+00,3.421140e-01,-5.511347e-04,-3.494856e-01,-2.214434e-03,1.081827e+00,-6.890846e-01,4.328454e-03
-4.766028e-03,-8.418062e-01,3.773796e-01,-9.095183e-01,-4.436632e-03,4.911884e-01,-1.724477e-02,9.696473e-01,-9.907638e-01,2.647703e-03
1.524101e+00,6.339722e-01,8.593145e-01,4.605874e-01,-2.432656e-01,2.272146e-01,-1.387294e+00,5.229865e-01,7.794220e-02,-1.946210e+00
-7.869448e-01,-1.364067e+00,1.385492e-01,-7.179401e-01,-3.180270e-01,8.567968e-02,3.540622e-01,-4.352206e-01,6.063120e-02,-1.622750e-01
2.721659e-04,-6.036137e-01,4.319176e-01,-7.681321e-02,2.032132e-03,1.135758e-01,-6.589621e-03,2.148928e+00,-1.482057e-01,1.029554e-03
-1.599887e-01,-5.314523e-01,8.525543e-01,8.577056e-02,-6.296099e-01,4.888789e-01,1.690112e-01,1.621795e+00,-6.334437e-01,1.935147e-02
-8.235209e-01,-3.359071e-03,-4.471047e-01,-5.079937e-01,1.157145e+00,-9.674975e-01,-1.460658e+00,4.768777e-01,1.977426e+00,1.041941e+00
