1.360812e+00,-1.184492e-01,9.076527e-01,1.402750e+00,-2.843698e-01,-1.337532e+00,1.086870e-01,3.062662e-02,-1.175457e+00,1.779764e+00
1.525320e+00,-5.494338e-01,-3.215125e-01,-8.387992e-01,1.072664e-01,1.935816e-01,-1.749928e+00,2.165241e+00,7.835893e-02,4.843071e-01
1.597794e+00,-3.860967e-02,-9.541755e-02,-2.538799e-01,3.312732e-01,1.913864e-01,-1.261168e+00,-1.155019e-01,7.634354e-01,5.918934e-01
-4.150523e-03,-6.216306e-01,-3.619081e-01,4.841849e-01,6.204871e-03,1.545471e+00,1.452399e-02,7.575657e-01,-2.354325e+00,-2.699319e-03
1.682369e-05,8.370093e-01,5.874043e-01,-2.537750e-01,-6.288471e-05,6.186206e-02,8.273262e-04,1.117389e-02,1.237922e+00,-7.551437e-04
-6.220250e-04,-1.735510e+00,-1.445741e+00,5.758461e-01,-3.202315e-04,1.601537e+00,-6.311193e-03,7.980874e-02,-1.080293e+00,2.970127e-03
-2.602187e-03,-1.217295e+00,-1.315286e+00,1.621915e-01,1.744140e-03,-5.661997e-01,-1.220932e-02,-1.428415e+00,-1.811052e-01,-3.032437e-03
-9.716419e-01,9.042420e-03,-1.204613e+00,2.044544e+00,3.907654e-01,-5.048404e-01,-1.282708e-01,-2.416403e+00,1.495240e-01,1.902659e+00
-6.520781e-03,-1.422780e+00,1.834111e-01,-8.612284e-01,4.740727e-03,1.802514e+00,2.603246e-03,-9.293016e-01,6.420532e-01,-1.288461e-03
1.655694e-04,-1.075936e-01,-2.740746e-01,-2.055707e-01,-1.411262e-03,3.581037e-01,-3.645419e-03,7.438579e-01,8.076231e-01,5.842316e-04
-2.243072e-03,4.450634e-01,-5.670777e-01,-2.020460e-01,2.898659e-04,-2.424756e-01,-1.401279e-02,8.867307e-01,-1.056104e+00,1.615042e-03
-1.942221e-03,-4.561046e-01,7.162158e-01,-5.710288e-01,4.760438e-03,-2.185590e+00,1.178316e-02,9.244351e-01,2.777968e-02,-3.573945e-03
3.559333e-03,-1.092285e+00,1.472221e+00,-1.837933e+00,2.797049e-03,-6.002079e-01,-1.798177e-02,-2.429453e-01,-8.028118e-01,2.250455e-03
-1.323962e-04,-1.542544e+00,6.768740e-01,-1.077204e+00,-9.513717e-04,-8.134136e-01,-9.532666e-03,4.890671e-01,1.117922e+00,-1.756208e-03
-6.157101e-03,-5.384939e-01,1.601511e+00,7.433905e-01,8.558483e-04,8.591985e-02,-6.545207e-03,5.114346e-01,8.958571e-03,-1.066408e-03
1.519824e+00,7.339773e-01,1.591506e-01,1.809739e-01,-2.372181e-01,-1.254403e+00,-1.382444e+00,-2.558473e-01,1.794739e+00,-1.947421e+00
-7.710345e-01,3.302888e-01,-2.631987e-01,7.558391e-01,-3.101586e-01,-1.149480e+00,3.360342e-01,5.657324e-01,4.991342e-01,-1.634166e-01
3.606582e-03,-1.264325e+00,1.049165e+00,-1.768607e+00,2.259896e-03,-8.106563e-02,1.375314e-03,3.732875e-01,1.796781e-01,3.515026e-04
-1.626172e-01,1.292886e+00,-1.216711e-01,-2.257318e+00,-6.251639e-01,-6.633451e-01,1.729848e-01,2.044712e-01,3.619782e-01,2.730177e-02
-8.189179e-01,-3.536405e-01,-5.563425e-02,2.985313e-01,1.155843e+00,-1.158698e+00,-1.453979e+00,-1.196008e+00,-4.682093e-01,1.036910e+00
