Id,Bin
1,14
2,13
3,14
4,13
5,14
6,13
7,14
8,13
9,14
10,13
11,14
12,13
13,14
14,13
15,14
16,13
17,14
18,13
19,14
20,13
21,14
22,13
23,14
24,13
25,14
26,13
27,14
28,13
29,14
30,13
31,14
32,13
33,14
34,13
35,15
36,16
37,15
38,16
39,14
40,15
41,16
42,15
43,16
44,15
45,13
46,16
47,15
48,16
49,15
50,14
51,16
52,15
53,13
54,16
55,15
56,16
57,14
58,15
59,16
60,13
61,15
62,16
63,14
64,15
65,13
66,16
67,15
68,14
69,16
70,15
71,13
72,16
73,14
74,15
75,16
76,13
77,15
78,14
79,16
80,15
81,13
82,16
83,17
84,8
85,17
86,14
87,8
88,15
89,17
90,8
91,17
92,8
93,17
94,16
95,8
96,13
97,17
98,8
99,17
100,15
101,8
102,14
103,17
104,16
105,8
106,17
107,8
108,13
109,15
110,17
111,8
112,16
113,14
114,17
115,8
116,15
117,17
118,13
119,8
120,16
121,17
122,14
123,15
124,8
125,17
126,16
127,13
128,8
129,15
130,17
131,14
132,8
133,16
134,17
135,13
136,8
137,15
138,17
139,14
140,16
141,8
142,18
143,8
144,18
145,8
146,15
147,18
148,17
149,8
150,13
151,18
152,8
153,18
154,8
155,8
156,18
157,16
158,8
159,14
160,18
161,17
162,8
163,18
164,15
165,8
166,8
167,18
168,13
169,8
170,17
171,16
172,18
173,8
174,8
175,14
176,18
177,15
178,8
179,17
180,18
181,16
182,13
183,8
184,8
185,18
186,15
187,17
188,8
189,14
190,18
191,8
192,16
193,8
194,13
195,18
196,17
197,15
198,8
199,8
200,14
201,18
202,16
203,8
204,17
205,18
206,13
207,15
208,8
209,8
210,2
211,8
212,2
213,8
214,2
215,17
216,18
217,8
218,14
219,2
220,16
221,8
222,2
223,8
224,8
225,2
226,8
227,8
228,2
229,15
230,18
231,13
232,8
233,2
234,17
235,8
236,8
237,2
238,16
239,8
240,14
241,18
242,8
243,2
244,8
245,8
246,15
247,2
248,17
249,13
250,8
251,18
252,2
253,8
254,16
255,8
256,8
257,2
258,14
259,18
260,17
261,8
262,15
263,2
264,8
265,13
266,8
267,8
268,16
269,2
270,18
271,17
272,8
273,14
274,8
275,2
276,15
277,8
278,8
279,18
280,13
281,2
282,16
283,8
284,17
285,8
286,2
287,11
288,2
289,11
290,2
291,11
292,2
293,18
294,2
295,14
296,15
297,11
298,8
299,2
300,11
301,8
302,2
303,11
304,8
305,2
306,2
307,17
308,11
309,16
310,13
311,2
312,18
313,11
314,8
315,2
316,8
317,11
318,2
319,15
320,8
321,2
322,14
323,11
324,8
325,2
326,17
327,18
328,11
329,16
330,2
331,2
332,13
333,8
334,11
335,8
336,8
337,2
338,15
339,2
340,11
341,18
342,14
343,17
344,2
345,8
346,11
347,8
348,16
349,2
350,8
351,2
352,13
353,11
354,18
355,8
356,15
357,2
358,17
359,11
360,8
361,2
362,26
363,2
364,16
365,8
366,8
367,18
368,11
369,2
370,11
371,2
372,11
373,2
374,30
375,11
376,2
377,2
378,2
379,11
380,29
381,17
382,2
383,8
384,11
385,11
386,2
387,11
388,8
389,2
390,2
391,11
392,26
393,18
394,8
395,2
396,28
397,11
398,2
399,11
400,2
401,11
402,8
403,2
404,2
405,8
406,17
407,30
408,11
409,29
410,11
411,2
412,18
413,2
414,11
415,2
416,8
417,2
418,28
419,26
420,11
421,8
422,11
423,8
424,2
425,17
426,11
427,2
428,2
429,18
430,2
431,29
432,30
433,11
434,11
435,8
436,8
437,2
438,2
439,8
440,28
441,11
442,2
443,26
444,11
445,2
446,17
447,18
448,11
449,8
450,2
451,29
452,2
453,30
454,8
455,8
456,11
457,2
458,11
459,2
460,1
461,2
462,1
463,2
464,1
465,2
466,2
467,28
468,2
469,1
470,2
471,18
472,8
473,17
474,1
475,26
476,2
477,11
478,1
479,11
480,2
481,1
482,2
483,2
484,2
485,29
486,8
487,1
488,8
489,2
490,11
491,2
492,30
493,1
494,8
495,2
496,2
497,11
498,18
499,1
500,28
501,17
502,11
503,2
504,2
505,2
506,1
507,26
508,2
509,2
510,8
511,1
512,8
513,11
514,29
515,11
516,8
517,2
518,1
519,18
520,2
521,30
522,2
523,2
524,2
525,17
526,28
527,11
528,1
529,11
530,8
531,2
532,2
533,8
534,26
535,1
536,8
537,2
538,11
539,29
540,2
541,18
542,2
543,1
544,11
545,2
546,17
547,30
548,2
549,8
550,28
551,11
552,8
553,1
554,2
555,3
556,1
557,3
558,1
559,3
560,1
561,3
562,2
563,1
564,2
565,3
566,8
567,1
568,11
569,2
570,26
571,3
572,18
573,1
574,1
575,29
576,3
577,11
578,1
579,2
580,3
581,2
582,1
583,8
584,17
585,2
586,1
587,8
588,3
589,30
590,1
591,28
592,2
593,3
594,11
595,11
596,1
597,2
598,1
599,3
600,8
601,18
602,1
603,2
604,2
605,2
606,26
607,3
608,29
609,8
610,1
611,11
612,1
613,8
614,17
615,11
616,3
617,1
618,2
619,2
620,2
621,3
622,28
623,30
624,2
625,18
626,1
627,1
628,8
629,11
630,3
631,8
632,2
633,11
634,1
635,29
636,2
637,26
638,8
639,1
640,3
641,17
642,2
643,2
644,1
645,2
646,11
647,3
648,18
649,28
650,1
651,30
652,8
653,1
654,11
655,8
656,2
657,3
658,1
659,3
660,1
661,3
662,1
663,3
664,3
665,1
666,2
667,3
668,1
669,8
670,3
671,11
672,1
673,2
674,1
675,2
676,29
677,3
678,1
679,17
680,1
681,26
682,3
683,3
684,2
685,1
686,11
687,1
688,2
689,3
690,18
691,8
692,1
693,28
694,3
695,3
696,11
697,25
698,1
699,1
700,30
701,2
702,3
703,1
704,2
705,8
706,1
707,2
708,2
709,3
710,3
711,29
712,11
713,17
714,1
715,1
716,1
717,3
718,26
719,8
720,11
721,18
722,1
723,3
724,2
725,2
726,3
727,25
728,2
729,28
730,1
731,1
732,2
733,8
734,1
735,3
736,30
737,11
738,3
739,1
740,11
741,2
742,17
743,3
744,1
745,8
746,29
747,18
748,2
749,1
750,2
751,3
752,1
753,26
754,3
755,2
756,1
757,25
758,1
759,3
760,1
761,11
762,11
763,3
764,2
765,1
766,28
767,3
768,8
769,1
770,3
771,3
772,1
773,3
774,3
775,1
776,3
777,30
778,1
779,1
780,1
781,8
782,2
783,3
784,2
785,1
786,17
787,1
788,3
789,18
790,3
791,29
792,1
793,2
794,1
795,3
796,3
797,11
798,2
799,1
800,11
801,3
802,26
803,3
804,1
805,25
806,1
807,1
808,8
809,3
810,2
811,1
812,28
813,1
814,2
815,8
816,3
817,2
818,3
819,3
820,1
821,11
822,30
823,17
824,18
825,1
826,1
827,3
828,1
829,11
830,1
831,29
832,2
833,3
834,3
835,3
836,2
837,2
838,1
839,1
840,8
841,25
842,26
843,2
844,1
845,3
846,8
847,3
848,11
849,28
850,1
851,1
852,3
853,3
854,1
855,11
856,18
857,17
858,1
859,2
860,2
861,2
862,30
863,3
864,1
865,3
866,29
867,1
868,1
869,2
870,3
871,1
872,3
873,1
874,3
875,1
876,8
877,3
878,11
879,1
880,3
881,1
882,8
883,3
884,25
885,3
886,3
887,1
888,3
889,26
890,1
891,1
892,1
893,3
894,2
895,11
896,28
897,1
898,2
899,1
900,3
901,3
902,18
903,1
904,2
905,3
906,17
907,3
908,1
909,3
910,1
911,1
912,2
913,11
914,3
915,3
916,30
917,1
918,1
919,1
920,29
921,8
922,3
923,8
924,1
925,2
926,1
927,25
928,3
929,2
930,3
931,11
932,3
933,3
934,1
935,1
936,26
937,1
938,3
939,1
940,2
941,28
942,18
943,1
944,1
945,11
946,3
947,2
948,17
949,3
950,3
951,2
952,1
953,1
954,3
955,8
956,3
957,2
958,1
959,8
960,30
961,29
962,3
963,11
964,1
965,1
966,1
967,25
968,3
969,3
970,1
971,11
972,1
973,2
974,18
975,2
976,3
977,3
978,2
979,1
980,3
981,26
982,28
983,1
984,3
985,17
986,1
987,1
988,3
989,1
990,3
991,2
992,1
993,3
994,1
995,3
996,1
997,1
998,8
999,3
1000,3
1001,1
1002,11
1003,3
1004,8
1005,3
1006,1
1007,1
1008,3
1009,1
1010,29
1011,3
1012,30
1013,1
1014,11
1015,1
1016,3
1017,2
1018,3
1019,25
1020,1
1021,2
1022,3
1023,2
1024,3
1025,1
1026,3
1027,1
1028,18
1029,1
1030,3
1031,3
1032,1
1033,2
1034,1
1035,1
1036,1
1037,28
1038,3
1039,26
1040,1
1041,17
1042,8
1043,3
1044,11
1045,1
1046,3
1047,3
1048,3
1049,2
1050,8
1051,3
1052,11
1053,1
1054,1
1055,3
1056,1
1057,1
1058,29
1059,2
1060,1
1061,1
1062,2
1063,25
1064,30
1065,1
1066,3
1067,3
1068,2
1069,3
1070,18
1071,3
1072,1
1073,1
1074,3
1075,3
1076,1
1077,11
1078,2
1079,3
1080,8
1081,1
1082,28
1083,11
1084,17
1085,1
1086,1
1087,26
1088,3
1089,3
1090,1
1091,8
1092,1
1093,1
1094,2
1095,3
1096,3
1097,3
1098,3
1099,1
1100,2
1101,2
1102,29
1103,25
1104,1
1105,21
1106,1
1107,21
1108,1
1109,1
1110,21
1111,1
1112,21
1113,30
1114,18
1115,2
1116,3
1117,1
1118,1
1119,3
1120,21
1121,1
1122,1
1123,11
1124,3
1125,21
1126,11
1127,1
1128,1
1129,8
1130,21
1131,1
1132,1
1133,3
1134,1
1135,21
1136,3
1137,1
1138,17
1139,3
1140,28
1141,1
1142,8
1143,21
1144,1
1145,3
1146,2
1147,26
1148,1
1149,3
1150,2
1151,1
1152,21
1153,2
1154,3
1155,1
1156,1
1157,2
1158,1
1159,1
1160,21
1161,1
1162,1
1163,25
1164,3
1165,29
1166,18
1167,11
1168,11
1169,21
1170,3
1171,3
1172,3
1173,3
1174,1
1175,30
1176,1
1177,8
1178,21
1179,1
1180,1
1181,1
1182,1
1183,1
1184,2
1185,3
1186,2
1187,17
1188,21
1189,1
1190,8
1191,3
1192,28
1193,2
1194,1
1195,3
1196,1
1197,2
1198,3
1199,2
1200,21
1201,1
1202,3
1203,3
1204,1
1205,11
1206,11
1207,1
1208,1
1209,1
1210,21
1211,25
1212,18
1213,1
1214,3
1215,29
1216,1
1217,8
1218,1
1219,3
1220,21
1221,3
1222,2
1223,3
1224,1
1225,30
1226,2
1227,2
1228,12
1229,9
1230,1
1231,12
1232,9
1233,1
1234,12
1235,9
1236,12
1237,8
1238,9
1239,17
1240,3
1241,12
1242,21
1243,1
1244,3
1245,9
1246,2
1247,1
1248,12
1249,28
1250,3
1251,9
1252,11
1253,1
1254,12
1255,1
1256,9
1257,1
1258,11
1259,12
1260,1
1261,21
1262,2
1263,3
1264,9
1265,1
1266,3
1267,12
1268,2
1269,1
1270,25
1271,9
1272,3
1273,3
1274,8
1275,2
1276,12
1277,2
1278,1
1279,29
1280,21
1281,9
1282,2
1283,1
1284,1
1285,12
1286,3
1287,1
1288,1
1289,9
1290,30
1291,3
1292,12
1293,8
1294,3
1295,21
1296,1
1297,11
1298,2
1299,2
1300,9
1301,3
1302,3
1303,1
1304,12
1305,1
1306,11
1307,28
1308,1
1309,1
1310,9
1311,1
1312,21
1313,12
1314,2
1315,1
1316,2
1317,3
1318,2
1319,2
1320,9
1321,8
1322,3
1323,1
1324,3
1325,25
1326,3
1327,12
1328,2
1329,1
1330,21
1331,9
1332,29
1333,3
1334,1
1335,12
1336,1
1337,11
1338,1
1339,1
1340,1
1341,3
1342,9
1343,8
1344,2
1345,30
1346,2
1347,11
1348,21
1349,12
1350,1
1351,3
1352,1
1353,3
1354,2
1355,12
1356,9
1357,12
1358,9
1359,9
1360,3
1361,12
1362,6
1363,1
1364,9
1365,2
1366,12
1367,9
1368,12
1369,12
1370,3
1371,9
1372,1
1373,12
1374,6
1375,3
1376,2
1377,1
1378,21
1379,9
1380,9
1381,2
1382,12
1383,2
1384,25
1385,9
1386,1
1387,1
1388,1
1389,12
1390,12
1391,1
1392,3
1393,9
1394,11
1395,12
1396,3
1397,1
1398,29
1399,9
1400,9
1401,3
1402,21
1403,12
1404,2
1405,6
1406,12
1407,11
1408,1
1409,2
1410,3
1411,9
1412,12
1413,1
1414,2
1415,1
1416,1
1417,9
1418,6
1419,2
1420,3
1421,9
1422,12
1423,3
1424,12
1425,21
1426,9
1427,6
1428,1
1429,3
1430,6
1431,1
1432,3
1433,2
1434,12
1435,2
1436,9
1437,1
1438,1
1439,9
1440,1
1441,11
1442,6
1443,12
1444,1
1445,12
1446,2
1447,21
1448,3
1449,1
1450,9
1451,2
1452,9
1453,3
1454,3
1455,12
1456,2
1457,6
1458,29
1459,3
1460,6
1461,1
1462,9
1463,12
1464,2
1465,3
1466,12
1467,1
1468,2
1469,1
1470,1
1471,9
1472,21
1473,1
1474,1
1475,9
1476,6
1477,2
1478,6
1479,12
1480,12
1481,1
1482,1
1483,3
1484,6
1485,11
1486,2
1487,3
1488,12
1489,9
1490,12
1491,9
1492,9
1493,12
1494,3
1495,9
1496,9
1497,12
1498,3
1499,9
1500,12
1501,2
1502,12
1503,9
1504,21
1505,6
1506,12
1507,1
1508,9
1509,12
1510,3
1511,1
1512,9
1513,12
1514,6
1515,2
1516,9
1517,2
1518,2
1519,12
1520,1
1521,1
1522,12
1523,1
1524,9
1525,9
1526,6
1527,2
1528,3
1529,12
1530,1
1531,9
1532,3
1533,9
1534,1
1535,12
1536,21
1537,12
1538,2
1539,12
1540,9
1541,1
1542,2
1543,3
1544,12
1545,3
1546,11
1547,6
1548,9
1549,9
1550,1
1551,1
1552,6
1553,9
1554,3
1555,2
1556,2
1557,12
1558,6
1559,12
1560,3
1561,12
1562,9
1563,21
1564,12
1565,1
1566,9
1567,1
1568,3
1569,6
1570,6
1571,2
1572,9
1573,9
1574,1
1575,2
1576,1
1577,12
1578,12
1579,1
1580,1
1581,2
1582,9
1583,12
1584,6
1585,1
1586,9
1587,3
1588,2
1589,12
1590,3
1591,3
1592,3
1593,21
1594,9
1595,9
1596,2
1597,6
1598,12
1599,2
1600,6
1601,2
1602,12
1603,3
1604,9
1605,1
1606,1
1607,1
1608,12
1609,9
1610,1
1611,2
1612,1
1613,6
1614,12
1615,12
1616,6
1617,9
1618,2
1619,10
1620,5
1621,21
1622,1
1623,6
1624,10
1625,5
1626,9
1627,10
1628,3
1629,5
1630,1
1631,10
1632,9
1633,5
1634,6
1635,2
1636,3
1637,10
1638,3
1639,12
1640,5
1641,10
1642,12
1643,3
1644,5
1645,1
1646,12
1647,10
1648,9
1649,3
1650,6
1651,1
1652,5
1653,10
1654,2
1655,6
1656,12
1657,9
1658,5
1659,9
1660,2
1661,2
1662,2
1663,1
1664,1
1665,10
1666,3
1667,9
1668,5
1669,6
1670,3
1671,1
1672,2
1673,1
1674,10
1675,12
1676,12
1677,5
1678,12
1679,1
1680,10
1681,2
1682,9
1683,3
1684,9
1685,2
1686,5
1687,3
1688,9
1689,1
1690,1
1691,6
1692,10
1693,3
1694,6
1695,12
1696,3
1697,6
1698,5
1699,12
1700,3
1701,2
1702,12
1703,10
1704,6
1705,9
1706,1
1707,3
1708,5
1709,9
1710,1
1711,1
1712,6
1713,2
1714,10
1715,1
1716,6
1717,12
1718,9
1719,2
1720,5
1721,1
1722,12
1723,9
1724,1
1725,10
1726,2
1727,3
1728,6
1729,2
1730,3
1731,12
1732,3
1733,3
1734,5
1735,9
1736,12
1737,2
1738,1
1739,10
1740,2
1741,3
1742,9
1743,3
1744,2
1745,6
1746,9
1747,12
1748,5
1749,1
1750,1
1751,1
1752,10
1753,12
1754,1
1755,2
1756,10
1757,5
1758,10
1759,9
1760,5
1761,6
1762,10
1763,12
1764,5
1765,6
1766,5
1767,1
1768,10
1769,3
1770,2
1771,5
1772,9
1773,6
1774,6
1775,10
1776,5
1777,1
1778,10
1779,10
1780,3
1781,3
1782,12
1783,5
1784,2
1785,6
1786,12
1787,10
1788,9
1789,5
1790,3
1791,5
1792,1
1793,3
1794,10
1795,10
1796,5
1797,9
1798,6
1799,9
1800,10
1801,1
1802,12
1803,1
1804,5
1805,1
1806,5
1807,3
1808,2
1809,2
1810,2
1811,10
1812,2
1813,12
1814,3
1815,12
1816,1
1817,5
1818,1
1819,10
1820,6
1821,2
1822,10
1823,9
1824,9
1825,5
1826,5
1827,3
1828,9
1829,3
1830,10
1831,1
1832,2
1833,2
1834,1
1835,10
1836,3
1837,5
1838,6
1839,12
1840,12
1841,3
1842,10
1843,6
1844,12
1845,6
1846,5
1847,6
1848,2
1849,5
1850,9
1851,3
1852,1
1853,6
1854,10
1855,1
1856,10
1857,1
1858,9
1859,9
1860,6
1861,3
1862,5
1863,12
1864,6
1865,5
1866,2
1867,1
1868,10
1869,1
1870,3
1871,12
1872,5
1873,12
1874,10
1875,9
1876,3
1877,6
1878,3
1879,2
1880,2
1881,2
1882,10
1883,2
1884,5
1885,1
1886,2
1887,5
1888,3
1889,12
1890,9
1891,9
1892,3
1893,6
1894,2
1895,1
1896,10
1897,10
1898,1
1899,10
1900,5
1901,10
1902,5
1903,1
1904,10
1905,9
1906,5
1907,5
1908,10
1909,12
1910,5
1911,2
1912,1
1913,5
1914,10
1915,12
1916,5
1917,10
1918,10
1919,6
1920,3
1921,6
1922,5
1923,6
1924,6
1925,12
1926,1
1927,3
1928,10
1929,3
1930,6
1931,10
1932,5
1933,9
1934,5
1935,2
1936,10
1937,3
1938,9
1939,6
1940,3
1941,10
1942,5
1943,9
1944,5
1945,10
1946,5
1947,5
1948,12
1949,6
1950,10
1951,1
1952,1
1953,1
1954,3
1955,10
1956,2
1957,5
1958,12
1959,12
1960,10
1961,1
1962,2
1963,2
1964,10
1965,1
1966,2
1967,2
1968,9
1969,6
1970,5
1971,5
1972,5
1973,2
1974,9
1975,10
1976,3
1977,9
1978,10
1979,3
1980,5
1981,10
1982,3
1983,3
1984,1
1985,2
1986,10
1987,12
1988,6
1989,12
1990,5
1991,3
1992,5
1993,5
1994,12
1995,10
1996,6
1997,1
1998,10
1999,2
2000,6
2001,6
2002,9
2003,1
2004,1
2005,5
2006,9
2007,6
2008,6
2009,10
2010,5
2011,3
2012,10
2013,1
2014,1
2015,9
2016,6
2017,2
2018,5
2019,12
2020,10
2021,12
2022,5
2023,3
2024,3
2025,10
2026,3
2027,6
2028,5
2029,5
2030,2
2031,10
2032,2
2033,9
2034,12
2035,2
2036,1
2037,9
2038,3
2039,10
2040,2
2041,3
2042,10
2043,2
2044,10
2045,5
2046,1
2047,10
2048,5
2049,1
2050,10
2051,5
2052,6
2053,5
2054,5
2055,10
2056,2
2057,5
2058,12
2059,1
2060,10
2061,5
2062,5
2063,9
2064,12
2065,10
2066,10
2067,5
2068,2
2069,10
2070,10
2071,5
2072,10
2073,3
2074,5
2075,3
2076,3
2077,1
2078,9
2079,1
2080,10
2081,6
2082,6
2083,5
2084,10
2085,6
2086,6
2087,9
2088,12
2089,10
2090,3
2091,5
2092,5
2093,2
2094,5
2095,6
2096,6
2097,5
2098,12
2099,10
2100,10
2101,5
2102,1
2103,10
2104,1
2105,10
2106,1
2107,12
2108,6
2109,10
2110,3
2111,9
2112,3
2113,5
2114,5
2115,5
2116,9
2117,1
2118,10
2119,2
2120,5
2121,2
2122,2
2123,6
2124,5
2125,10
2126,2
2127,3
2128,9
2129,10
2130,2
2131,3
2132,10
2133,12
2134,12
2135,2
2136,5
2137,3
2138,1
2139,10
2140,5
2141,2
2142,5
2143,1
2144,3
2145,10
2146,10
2147,12
2148,1
2149,5
2150,9
2151,5
2152,9
2153,2
2154,1
2155,10
2156,5
2157,6
2158,10
2159,6
2160,6
2161,6
2162,3
2163,5
2164,6
2165,1
2166,9
2167,10
2168,10
2169,1
2170,5
2171,12
2172,10
2173,3
2174,4
2175,6
2176,6
2177,12
2178,5
2179,5
2180,3
2181,10
2182,5
2183,6
2184,12
2185,10
2186,9
2187,10
2188,7
2189,5
2190,7
2191,5
2192,1
2193,7
2194,2
2195,2
2196,5
2197,3
2198,5
2199,4
2200,7
2201,1
2202,2
2203,5
2204,5
2205,9
2206,2
2207,7
2208,10
2209,5
2210,5
2211,1
2212,10
2213,7
2214,2
2215,1
2216,12
2217,2
2218,5
2219,9
2220,7
2221,10
2222,5
2223,5
2224,10
2225,2
2226,7
2227,5
2228,2
2229,4
2230,5
2231,3
2232,4
2233,10
2234,1
2235,7
2236,1
2237,9
2238,5
2239,5
2240,12
2241,5
2242,6
2243,5
2244,6
2245,4
2246,7
2247,6
2248,3
2249,10
2250,6
2251,5
2252,10
2253,10
2254,6
2255,10
2256,7
2257,9
2258,6
2259,12
2260,1
2261,5
2262,9
2263,1
2264,4
2265,5
2266,5
2267,6
2268,5
2269,7
2270,3
2271,1
2272,6
2273,5
2274,5
2275,10
2276,10
2277,9
2278,7
2279,4
2280,1
2281,4
2282,2
2283,4
2284,4
2285,5
2286,12
2287,10
2288,5
2289,10
2290,2
2291,4
2292,7
2293,5
2294,1
2295,3
2296,10
2297,4
2298,12
2299,5
2300,2
2301,2
2302,1
2303,5
2304,5
2305,9
2306,10
2307,7
2308,5
2309,9
2310,1
2311,2
2312,4
2313,5
2314,10
2315,6
2316,9
2317,6
2318,10
2319,5
2320,4
2321,7
2322,6
2323,10
2324,1
2325,6
2326,1
2327,4
2328,5
2329,5
2330,6
2331,12
2332,4
2333,6
2334,10
2335,4
2336,5
2337,7
2338,7
2339,5
2340,12
2341,6
2342,7
2343,10
2344,5
2345,5
2346,7
2347,5
2348,7
2349,5
2350,1
2351,5
2352,7
2353,5
2354,1
2355,5
2356,9
2357,9
2358,4
2359,5
2360,3
2361,7
2362,10
2363,7
2364,6
2365,4
2366,5
2367,4
2368,7
2369,10
2370,4
2371,2
2372,9
2373,1
2374,5
2375,1
2376,5
2377,10
2378,10
2379,7
2380,4
2381,2
2382,5
2383,5
2384,7
2385,7
2386,4
2387,4
2388,5
2389,5
2390,4
2391,5
2392,5
2393,4
2394,1
2395,5
2396,2
2397,4
2398,7
2399,1
2400,4
2401,5
2402,10
2403,10
2404,7
2405,7
2406,6
2407,10
2408,6
2409,4
2410,6
2411,5
2412,9
2413,4
2414,10
2415,6
2416,5
2417,9
2418,6
2419,5
2420,7
2421,9
2422,5
2423,4
2424,1
2425,5
2426,5
2427,6
2428,7
2429,6
2430,1
2431,4
2432,7
2433,10
2434,5
2435,4
2436,5
2437,5
2438,6
2439,10
2440,4
2441,10
2442,4
2443,6
2444,7
2445,5
2446,4
2447,4
2448,7
2449,4
2450,5
2451,1
2452,4
2453,4
2454,10
2455,4
2456,4
2457,6
2458,5
2459,7
2460,5
2461,5
2462,10
2463,9
2464,1
2465,4
2466,9
2467,5
2468,2
2469,9
2470,7
2471,7
2472,5
2473,10
2474,5
2475,4
2476,10
2477,4
2478,5
2479,5
2480,4
2481,1
2482,1
2483,6
2484,6
2485,4
2486,4
2487,6
2488,10
2489,6
2490,7
2491,5
2492,7
2493,24
2494,7
2495,24
2496,4
2497,7
2498,4
2499,7
2500,24
2501,5
2502,10
2503,6
2504,6
2505,7
2506,5
2507,24
2508,7
2509,4
2510,24
2511,5
2512,7
2513,5
2514,7
2515,24
2516,10
2517,6
2518,6
2519,9
2520,1
2521,9
2522,7
2523,4
2524,4
2525,24
2526,10
2527,5
2528,5
2529,10
2530,7
2531,7
2532,9
2533,4
2534,24
2535,4
2536,4
2537,7
2538,6
2539,6
2540,5
2541,7
2542,4
2543,24
2544,5
2545,4
2546,4
2547,5
2548,5
2549,4
2550,7
2551,5
2552,4
2553,10
2554,4
2555,1
2556,24
2557,4
2558,10
2559,7
2560,7
2561,7
2562,1
2563,6
2564,4
2565,10
2566,24
2567,4
2568,5
2569,10
2570,9
2571,7
2572,5
2573,4
2574,6
2575,9
2576,6
2577,5
2578,6
2579,5
2580,24
2581,7
2582,5
2583,6
2584,6
2585,7
2586,4
2587,4
2588,1
2589,7
2590,9
2591,24
2592,5
2593,5
2594,4
2595,6
2596,6
2597,4
2598,10
2599,10
2600,7
2601,4
2602,5
2603,4
2604,7
2605,24
2606,6
2607,4
2608,6
2609,7
2610,10
2611,6
2612,5
2613,4
2614,5
2615,4
2616,7
2617,5
2618,4
2619,4
2620,4
2621,4
2622,24
2623,9
2624,5
2625,6
2626,7
2627,4
2628,7
2629,4
2630,9
2631,5
2632,6
2633,10
2634,5
2635,10
2636,24
2637,5
2638,4
2639,4
2640,4
2641,7
2642,7
2643,7
2644,19
2645,4
2646,4
2647,6
2648,7
2649,19
2650,1
2651,7
2652,5
2653,19
2654,7
2655,7
2656,6
2657,19
2658,24
2659,6
2660,6
2661,5
2662,4
2663,7
2664,10
2665,4
2666,6
2667,19
2668,4
2669,6
2670,5
2671,7
2672,7
2673,5
2674,19
2675,6
2676,7
2677,10
2678,6
2679,19
2680,5
2681,24
2682,9
2683,7
2684,6
2685,10
2686,7
2687,4
2688,6
2689,7
2690,4
2691,19
2692,5
2693,4
2694,7
2695,6
2696,7
2697,9
2698,5
2699,19
2700,5
2701,7
2702,24
2703,4
2704,6
2705,5
2706,4
2707,4
2708,4
2709,5
2710,19
2711,4
2712,6
2713,4
2714,4
2715,10
2716,7
2717,7
2718,7
2719,4
2720,10
2721,6
2722,4
2723,19
2724,7
2725,4
2726,4
2727,4
2728,6
2729,24
2730,7
2731,5
2732,10
2733,5
2734,19
2735,5
2736,7
2737,6
2738,5
2739,9
2740,5
2741,7
2742,4
2743,4
2744,7
2745,6
2746,6
2747,19
2748,24
2749,4
2750,6
2751,6
2752,6
2753,5
2754,6
2755,7
2756,10
2757,7
2758,6
2759,4
2760,5
2761,4
2762,7
2763,4
2764,10
2765,6
2766,19
2767,6
2768,4
2769,7
2770,6
2771,24
2772,5
2773,10
2774,7
2775,6
2776,5
2777,19
2778,6
2779,4
2780,4
2781,7
2782,5
2783,5
2784,7
2785,4
2786,4
2787,4
2788,6
2789,5
2790,4
2791,4
2792,7
2793,6
2794,9
2795,19
2796,5
2797,10
2798,24
2799,4
2800,4
2801,7
2802,7
2803,19
2804,7
2805,19
2806,7
2807,7
2808,19
2809,6
2810,7
2811,7
2812,4
2813,5
2814,4
2815,4
2816,19
2817,4
2818,19
2819,6
2820,7
2821,4
2822,4
2823,19
2824,6
2825,5
2826,7
2827,10
2828,5
2829,7
2830,19
2831,4
2832,24
2833,7
2834,6
2835,6
2836,4
2837,19
2838,7
2839,6
2840,19
2841,7
2842,4
2843,6
2844,6
2845,5
2846,7
2847,6
2848,19
2849,7
2850,5
2851,10
2852,7
2853,7
2854,5
2855,6
2856,4
2857,6
2858,19
2859,6
2860,5
2861,4
2862,24
2863,6
2864,7
2865,19
2866,5
2867,19
2868,4
2869,5
2870,4
2871,6
2872,7
2873,7
2874,6
2875,7
2876,4
2877,4
2878,6
2879,4
2880,7
2881,19
2882,4
2883,4
2884,7
2885,19
2886,7
2887,6
2888,4
2889,4
2890,4
2891,24
2892,4
2893,19
2894,6
2895,10
2896,6
2897,4
2898,7
2899,4
2900,5
2901,7
2902,5
2903,5
2904,5
2905,4
2906,5
2907,7
2908,19
2909,19
2910,4
2911,7
2912,5
2913,4
2914,6
2915,7
2916,4
2917,7
2918,6
2919,7
2920,24
2921,6
2922,6
2923,19
2924,6
2925,4
2926,6
2927,6
2928,4
2929,7
2930,4
2931,4
2932,19
2933,4
2934,6
2935,6
2936,7
2937,5
2938,19
2939,10
2940,5
2941,4
2942,7
2943,7
2944,6
2945,6
2946,6
2947,6
2948,5
2949,5
2950,24
2951,4
2952,4
2953,19
2954,7
2955,19
2956,7
2957,4
2958,5
2959,5
2960,4
2961,7
2962,19
2963,7
2964,7
2965,4
2966,19
2967,6
2968,7
2969,6
2970,19
2971,7
2972,4
2973,4
2974,7
2975,19
2976,7
2977,4
2978,19
2979,7
2980,5
2981,19
2982,4
2983,4
2984,7
2985,4
2986,4
2987,19
2988,5
2989,6
2990,7
2991,6
2992,24
2993,4
2994,19
2995,4
2996,7
2997,6
2998,19
2999,6
3000,4
3001,19
3002,7
3003,7
3004,4
3005,19
3006,7
3007,4
3008,7
3009,4
3010,7
3011,5
3012,7
3013,6
3014,7
3015,6
3016,6
3017,5
3018,19
3019,5
3020,6
3021,7
3022,19
3023,5
3024,6
3025,19
3026,4
3027,6
3028,4
3029,19
3030,24
3031,6
3032,5
3033,6
3034,4
3035,7
3036,7
3037,6
3038,5
3039,7
3040,4
3041,19
3042,7
3043,4
3044,4
3045,7
3046,7
3047,19
3048,4
3049,6
3050,4
3051,19
3052,19
3053,6
3054,4
3055,6
3056,4
3057,7
3058,4
3059,7
3060,7
3061,4
3062,4
3063,4
3064,6
3065,5
3066,24
3067,5
3068,19
3069,7
3070,6
3071,5
3072,4
3073,19
3074,4
3075,5
3076,7
3077,6
3078,4
3079,5
3080,19
3081,7
3082,7
3083,4
3084,19
3085,7
3086,4
3087,4
3088,7
3089,5
3090,6
3091,4
3092,4
3093,19
3094,6
3095,19
3096,6
3097,7
3098,24
3099,6
3100,4
3101,6
3102,4
3103,6
3104,4
3105,6
3106,7
3107,5
3108,7
3109,7
3110,6
3111,6
3112,19
3113,19
3114,4
3115,5
3116,7
3117,5
3118,19
3119,6
3120,6
3121,4
3122,7
3123,27
3124,7
3125,4
3126,7
3127,27
3128,4
3129,7
3130,7
3131,27
3132,5
3133,7
3134,6
3135,5
3136,7
3137,27
3138,6
3139,7
3140,7
3141,19
3142,27
3143,24
3144,6
3145,4
3146,7
3147,4
3148,4
3149,27
3150,4
3151,7
3152,7
3153,4
3154,19
3155,5
3156,19
3157,4
3158,4
3159,27
3160,6
3161,7
3162,4
3163,4
3164,5
3165,7
3166,19
3167,4
3168,7
3169,27
3170,4
3171,4
3172,6
3173,4
3174,7
3175,7
3176,7
3177,7
3178,27
3179,7
3180,5
3181,6
3182,7
3183,6
3184,5
3185,4
3186,19
3187,19
3188,5
3189,4
3190,24
3191,27
3192,6
3193,19
3194,6
3195,7
3196,4
3197,6
3198,4
3199,6
3200,7
3201,6
3202,27
3203,7
3204,5
3205,5
3206,6
3207,4
3208,7
3209,4
3210,6
3211,7
3212,19
3213,4
3214,7
3215,7
3216,27
3217,4
3218,6
3219,19
3220,6
3221,7
3222,7
3223,6
3224,6
3225,7
3226,5
3227,27
3228,19
3229,24
3230,4
3231,7
3232,4
3233,19
3234,5
3235,4
3236,4
3237,7
3238,5
3239,4
3240,6
3241,4
3242,4
3243,4
3244,6
3245,5
3246,27
3247,7
3248,19
3249,7
3250,4
3251,5
3252,7
3253,4
3254,6
3255,7
3256,19
3257,6
3258,27
3259,4
3260,4
3261,4
3262,4
3263,7
3264,5
3265,4
3266,6
3267,19
3268,4
3269,7
3270,7
3271,24
3272,7
3273,4
3274,6
3275,27
3276,4
3277,6
3278,6
3279,19
3280,4
3281,19
3282,7
3283,7
3284,20
3285,6
3286,4
3287,7
3288,6
3289,20
3290,5
3291,7
3292,7
3293,6
3294,20
3295,5
3296,7
3297,6
3298,7
3299,20
3300,5
3301,4
3302,7
3303,5
3304,7
3305,20
3306,6
3307,7
3308,20
3309,6
3310,4
3311,7
3312,5
3313,20
3314,19
3315,4
3316,7
3317,7
3318,4
3319,19
3320,20
3321,19
3322,4
3323,6
3324,6
3325,24
3326,7
3327,20
3328,4
3329,4
3330,20
3331,7
3332,4
3333,6
3334,4
3335,7
3336,7
3337,7
3338,5
3339,4
3340,4
3341,7
3342,20
3343,7
3344,4
3345,4
3346,7
3347,6
3348,6
3349,4
3350,7
3351,6
3352,20
3353,19
3354,5
3355,20
3356,4
3357,19
3358,4
3359,5
3360,5
3361,7
3362,19
3363,4
3364,7
3365,4
3366,20
3367,7
3368,4
3369,7
3370,24
3371,5
3372,6
3373,20
3374,6
3375,6
3376,6
3377,4
3378,5
3379,7
3380,20
3381,7
3382,6
3383,4
3384,6
3385,7
3386,19
3387,4
3388,7
3389,7
3390,4
3391,6
3392,4
3393,6
3394,20
3395,7
3396,19
3397,7
3398,19
3399,20
3400,4
3401,7
3402,6
3403,5
3404,6
3405,6
3406,4
3407,5
3408,5
3409,4
3410,20
3411,4
3412,7
3413,19
3414,7
3415,7
3416,4
3417,5
3418,6
3419,4
3420,24
3421,7
3422,4
3423,6
3424,20
3425,6
3426,20
3427,4
3428,4
3429,4
3430,4
3431,7
3432,7
3433,7
3434,19
3435,4
3436,7
3437,4
3438,4
3439,5
3440,4
3441,19
3442,7
3443,5
3444,20
3445,6
3446,19
3447,4
3448,7
3449,20
3450,6
3451,7
3452,20
3453,20
3454,7
3455,7
3456,4
3457,20
3458,7
3459,7
3460,4
3461,20
3462,7
3463,5
3464,6
3465,4
3466,6
3467,20
3468,20
3469,5
3470,7
3471,6
3472,7
3473,7
3474,7
3475,24
3476,6
3477,20
3478,6
3479,4
3480,5
3481,6
3482,7
3483,7
3484,19
3485,4
3486,20
3487,4
3488,5
3489,20
3490,4
3491,6
3492,6
3493,7
3494,19
3495,20
3496,6
3497,20
3498,19
3499,7
3500,6
3501,7
3502,4
3503,7
3504,7
3505,7
3506,7
3507,20
3508,6
3509,7
3510,7
3511,4
3512,4
3513,6
3514,5
3515,4
3516,4
3517,4
3518,20
3519,20
3520,20
3521,4
3522,7
3523,4
3524,4
3525,7
3526,5
3527,19
3528,6
3529,6
3530,19
3531,7
3532,24
3533,20
3534,4
3535,4
3536,5
3537,7
3538,7
3539,6
3540,20
3541,4
3542,20
3543,19
3544,4
3545,4
3546,4
3547,7
3548,7
3549,4
3550,6
3551,20
3552,7
3553,5
3554,5
3555,7
3556,7
3557,7
3558,4
3559,20
3560,6
3561,6
3562,6
3563,4
3564,4
3565,4
3566,20
3567,19
3568,7
3569,7
3570,6
3571,6
3572,7
3573,19
3574,6
3575,6
3576,20
3577,6
3578,7
3579,5
3580,5
3581,5
3582,20
3583,7
3584,6
3585,4
3586,4
3587,7
3588,4
3589,4
3590,7
3591,20
3592,19
3593,20
3594,5
3595,6
3596,7
3597,7
3598,6
3599,6
3600,4
3601,6
3602,4
3603,7
3604,19
3605,4
3606,7
3607,4
3608,7
3609,20
3610,4
3611,19
3612,4
3613,23
3614,20
3615,23
3616,4
3617,7
3618,5
3619,6
3620,20
3621,20
3622,6
3623,23
3624,20
3625,20
3626,7
3627,4
3628,23
3629,4
3630,20
3631,5
3632,4
3633,7
3634,23
3635,4
3636,4
3637,20
3638,20
3639,23
3640,7
3641,7
3642,5
3643,20
3644,7
3645,23
3646,5
3647,4
3648,7
3649,19
3650,6
3651,20
3652,6
3653,4
3654,19
3655,23
3656,6
3657,20
3658,6
3659,4
3660,5
3661,20
3662,20
3663,20
3664,6
3665,6
3666,5
3667,23
3668,4
3669,19
3670,4
3671,6
3672,20
3673,7
3674,7
3675,7
3676,6
3677,7
3678,7
3679,4
3680,23
3681,4
3682,7
3683,7
3684,6
3685,20
3686,20
3687,6
3688,6
3689,20
3690,4
3691,6
3692,23
3693,7
3694,5
3695,20
3696,7
3697,4
3698,4
3699,19
3700,6
3701,20
3702,5
3703,4
3704,23
3705,4
3706,19
3707,7
3708,4
3709,6
3710,4
3711,20
3712,5
3713,4
3714,5
3715,20
3716,4
3717,4
3718,19
3719,23
3720,7
3721,7
3722,20
3723,4
3724,7
3725,20
3726,6
3727,4
3728,4
3729,7
3730,7
3731,5
3732,6
3733,5
3734,23
3735,20
3736,7
3737,4
3738,20
3739,4
3740,7
3741,19
3742,20
3743,6
3744,4
3745,4
3746,6
3747,4
3748,7
3749,6
3750,6
3751,6
3752,23
3753,20
3754,6
3755,5
3756,7
3757,6
3758,5
3759,4
3760,4
3761,20
3762,20
3763,5
3764,4
3765,6
3766,7
3767,5
3768,6
3769,23
3770,4
3771,6
3772,6
3773,7
3774,5
3775,7
3776,20
3777,20
3778,23
3779,20
3780,23
3781,20
3782,4
3783,7
3784,23
3785,5
3786,20
3787,4
3788,19
3789,20
3790,7
3791,23
3792,6
3793,20
3794,23
3795,20
3796,7
3797,4
3798,4
3799,23
3800,20
3801,4
3802,5
3803,7
3804,4
3805,4
3806,20
3807,23
3808,6
3809,20
3810,7
3811,4
3812,7
3813,4
3814,23
3815,5
3816,4
3817,4
3818,6
3819,23
3820,7
3821,20
3822,5
3823,6
3824,4
3825,23
3826,5
3827,5
3828,20
3829,20
3830,20
3831,4
3832,4
3833,6
3834,20
3835,20
3836,23
3837,4
3838,20
3839,4
3840,4
3841,23
3842,7
3843,19
3844,5
3845,23
3846,5
3847,6
3848,6
3849,7
3850,7
3851,4
3852,6
3853,20
3854,6
3855,7
3856,6
3857,7
3858,20
3859,6
3860,4
3861,23
3862,7
3863,20
3864,5
3865,20
3866,6
3867,23
3868,7
3869,4
3870,23
3871,20
3872,20
3873,5
3874,7
3875,5
3876,4
3877,20
3878,20
3879,4
3880,5
3881,5
3882,4
3883,6
3884,6
3885,4
3886,23
3887,6
3888,6
3889,5
3890,7
3891,23
3892,20
3893,4
3894,5
3895,5
3896,4
3897,7
3898,20
3899,4
3900,4
3901,23
3902,6
3903,4
3904,4
3905,6
3906,20
3907,7
3908,4
3909,7
3910,7
3911,20
3912,4
3913,20
3914,5
3915,4
3916,4
3917,4
3918,20
3919,7
3920,5
3921,23
3922,23
3923,7
3924,20
3925,6
3926,20
3927,7
3928,20
3929,6
3930,4
3931,4
3932,5
3933,5
3934,6
3935,23
3936,6
3937,7
3938,6
3939,7
3940,5
3941,4
3942,5
3943,23
3944,4
3945,5
3946,20
3947,23
3948,20
3949,23
3950,20
3951,6
3952,6
3953,20
3954,4
3955,5
3956,4
3957,23
3958,20
3959,4
3960,5
3961,23
3962,4
3963,6
3964,23
3965,20
3966,20
3967,20
3968,23
3969,7
3970,20
3971,20
3972,6
3973,4
3974,6
3975,23
3976,7
3977,7
3978,20
3979,20
3980,7
3981,5
3982,23
3983,23
3984,6
3985,7
3986,20
3987,5
3988,23
3989,4
3990,23
3991,4
3992,4
3993,7
3994,7
3995,6
3996,4
3997,20
3998,4
3999,4
4000,20
4001,4
4002,5
4003,20
4004,23
4005,5
4006,20
4007,5
4008,20
4009,4
4010,5
4011,20
4012,4
4013,23
4014,6
4015,23
4016,23
4017,20
4018,20
4019,6
4020,4
4021,20
4022,4
4023,7
4024,7
4025,23
4026,4
4027,5
4028,5
4029,4
4030,6
4031,7
4032,20
4033,7
4034,22
4035,4
4036,4
4037,20
4038,23
4039,6
4040,6
4041,7
4042,23
4043,6
4044,4
4045,5
4046,7
4047,20
4048,20
4049,23
4050,4
4051,20
4052,6
4053,20
4054,4
4055,5
4056,6
4057,23
4058,5
4059,5
4060,6
4061,5
4062,4
4063,6
4064,23
4065,5
4066,20
4067,20
4068,7
4069,4
4070,7
4071,20
4072,5
4073,23
4074,4
4075,20
4076,4
4077,6
4078,31
4079,23
4080,5
4081,20
4082,4
4083,7
4084,4
4085,7
4086,23
4087,4
4088,31
4089,6
4090,20
4091,4
4092,7
4093,5
4094,4
4095,4
4096,22
4097,20
4098,6
4099,4
4100,31
4101,4
4102,31
4103,7
4104,4
4105,5
4106,6
4107,4
4108,7
4109,31
4110,6
4111,4
4112,4
4113,5
4114,7
4115,23
4116,31
4117,31
4118,31
4119,5
4120,31
4121,31
4122,31
4123,20
4124,4
4125,4
4126,31
4127,31
4128,31
4129,20
4130,31
4131,31
4132,4
4133,31
4134,5
4135,31
4136,5
4137,6
4138,31
4139,4
4140,6
4141,31
4142,6
4143,5
4144,31
4145,5
4146,6
4147,20
4148,31
4149,31
4150,7
4151,4
4152,31
4153,5
4154,31
4155,7
4156,7
4157,31
4158,6
4159,7
4160,31
4161,4
4162,31
4163,31
4164,31
4165,4
4166,5
4167,31
4168,31
4169,31
4170,7
4171,5
4172,22
4173,6
4174,4
4175,31
4176,4
4177,7
4178,4
4179,6
4180,31
4181,6
4182,5
4183,31
4184,31
4185,31
4186,22
4187,20
4188,4
4189,4
4190,31
4191,4
4192,31
4193,5
4194,4
4195,5
4196,6
4197,31
4198,31
4199,4
4200,6
4201,20
4202,4
4203,31
4204,4
4205,31
4206,31
4207,31
4208,4
4209,31
4210,4
4211,4
4212,31
4213,7
4214,7
4215,5
4216,4
4217,5
4218,31
4219,31
4220,31
4221,31
4222,6
4223,7
4224,31
4225,31
4226,6
4227,31
4228,4
4229,4
4230,31
4231,31
4232,6
4233,5
4234,31
4235,6
4236,20
4237,4
4238,31
4239,5
4240,31
4241,5
4242,22
4243,4
4244,4
4245,5
4246,7
4247,31
4248,6
4249,31
4250,31
4251,22
4252,6
4253,31
4254,4
4255,5
4256,4
4257,5
4258,31
4259,4
4260,4
4261,6
4262,31
4263,31
4264,31
4265,6
4266,31
4267,6
4268,31
4269,31
4270,7
4271,5
4272,31
4273,31
4274,31
4275,31
4276,5
4277,31
4278,4
4279,4
4280,6
4281,4
4282,4
4283,4
4284,4
4285,4
4286,7
4287,31
4288,31
4289,31
4290,31
4291,31
4292,31
4293,31
4294,31
4295,31
4296,5
4297,31
4298,31
4299,31
4300,4
4301,31
4302,4
4303,6
4304,31
4305,31
4306,31
4307,5
4308,31
4309,31
4310,31
4311,31
4312,6
4313,31
4314,31
4315,31
4316,4
4317,31
4318,4
4319,22
4320,4
4321,7
4322,22
4323,4
4324,31
4325,31
4326,4
4327,5
4328,31
4329,5
4330,31
4331,4
4332,31
4333,6
4334,31
4335,31
4336,31
4337,31
4338,31
4339,5
4340,6
4341,22
4342,5
4343,31
4344,4
4345,31
4346,4
4347,31
4348,31
4349,4
4350,6
4351,31
4352,5
4353,6
4354,31
4355,31
4356,31
4357,6
4358,31
4359,31
4360,6
4361,31
4362,31
4363,5
4364,5
4365,31
4366,7
4367,31
4368,31
4369,31
4370,4
4371,4
4372,31
4373,31
4374,4
4375,31
4376,31
4377,31
4378,6
4379,31
4380,31
4381,31
4382,5
4383,4
4384,4
4385,31
4386,4
4387,6
4388,31
4389,31
4390,4
4391,4
4392,31
4393,22
4394,31
4395,6
4396,31
4397,31
4398,4
4399,7
4400,31
4401,4
4402,4
4403,31
4404,31
4405,6
4406,31
4407,4
4408,5
4409,22
4410,31
4411,31
4412,6
4413,4
4414,31
4415,4
4416,31
4417,31
4418,4
4419,4
4420,31
4421,31
4422,31
4423,4
4424,31
4425,31
4426,31
4427,31
4428,31
4429,5
4430,6
4431,6
4432,4
4433,6
4434,31
4435,31
4436,5
4437,31
4438,5
4439,6
4440,31
4441,31
4442,4
4443,31
4444,5
4445,31
4446,31
4447,31
4448,6
4449,4
4450,31
4451,31
4452,31
4453,31
4454,31
4455,31
4456,31
4457,4
4458,31
4459,31
4460,31
4461,31
4462,31
4463,5
4464,22
4465,31
4466,4
4467,31
4468,6
4469,4
4470,31
4471,6
4472,31
4473,6
4474,31
4475,31
4476,31
4477,32
4478,22
4479,31
4480,31
4481,4
4482,31
4483,31
4484,31
4485,31
4486,4
4487,31
4488,4
4489,4
4490,31
4491,31
4492,4
4493,31
4494,6
4495,31
4496,5
4497,31
4498,31
4499,6
4500,4
4501,4
4502,4
4503,31
4504,22
4505,31
4506,31
4507,4
4508,31
4509,31
4510,4
4511,31
4512,31
4513,31
4514,32
4515,4
4516,31
4517,31
4518,31
4519,31
4520,31
4521,31
4522,32
4523,6
4524,31
4525,6
4526,31
4527,31
4528,4
4529,31
4530,31
4531,31
4532,31
4533,32
4534,31
4535,5
4536,31
4537,5
4538,4
4539,31
4540,6
4541,31
4542,6
4543,5
4544,4
4545,31
4546,4
4547,31
4548,6
4549,22
4550,32
4551,31
4552,31
4553,6
4554,31
4555,31
4556,31
4557,4
4558,31
4559,31
4560,4
4561,5
4562,32
4563,31
4564,4
4565,31
4566,6
4567,6
4568,31
4569,31
4570,22
4571,31
4572,6
4573,31
4574,31
4575,31
4576,32
4577,31
4578,31
4579,31
4580,4
4581,31
4582,31
4583,4
4584,4
4585,4
4586,4
4587,6
4588,31
4589,31
4590,32
4591,4
4592,4
4593,31
4594,31
4595,31
4596,31
4597,32
4598,32
4599,4
4600,6
4601,31
4602,31
4603,31
4604,31
4605,31
4606,31
4607,31
4608,6
4609,31
4610,31
4611,4
4612,6
4613,32
4614,4
4615,22
4616,4
4617,4
4618,31
4619,31
4620,31
4621,31
4622,4
4623,32
4624,31
4625,6
4626,31
4627,31
4628,31
4629,31
4630,31
4631,31
4632,31
4633,5
4634,31
4635,31
4636,31
4637,6
4638,22
4639,5
4640,31
4641,31
4642,31
4643,4
4644,31
4645,32
4646,31
4647,31
4648,4
4649,6
4650,31
4651,31
4652,31
4653,6
4654,32
4655,31
4656,4
4657,31
4658,6
4659,31
4660,31
4661,31
4662,6
4663,31
4664,31
4665,31
4666,31
4667,32
4668,31
4669,31
4670,31
4671,31
4672,22
4673,31
4674,32
4675,4
4676,31
4677,31
4678,31
4679,4
4680,31
4681,31
4682,6
4683,31
4684,31
4685,31
4686,32
4687,31
4688,4
4689,31
4690,32
4691,6
4692,4
4693,31
4694,31
4695,4
4696,32
4697,22
4698,31
4699,6
4700,31
4701,31
4702,31
4703,4
4704,4
4705,32
4706,4
4707,31
4708,31
4709,6
4710,31
4711,31
4712,22
4713,32
4714,31
4715,32
4716,31
4717,31
4718,6
4719,31
4720,4
4721,31
4722,4
4723,31
4724,4
4725,4
4726,31
4727,31
4728,32
4729,33
4730,31
4731,31
4732,31
4733,31
4734,22
4735,33
4736,31
4737,32
4738,32
4739,6
4740,4
4741,31
4742,6
4743,31
4744,32
4745,32
4746,6
4747,31
4748,33
4749,31
4750,31
4751,32
4752,33
4753,4
4754,33
4755,32
4756,6
4757,4
4758,31
4759,31
4760,31
4761,31
4762,33
4763,31
4764,4
4765,33
4766,22
4767,32
4768,4
4769,31
4770,6
4771,33
4772,4
4773,6
4774,6
4775,31
4776,22
4777,32
4778,31
4779,33
4780,4
4781,31
4782,33
4783,31
4784,32
4785,31
4786,32
4787,4
4788,32
4789,6
4790,31
4791,32
4792,31
4793,33
4794,31
4795,6
4796,4
4797,33
4798,33
4799,33
4800,33
4801,33
4802,33
4803,4
4804,32
4805,33
4806,33
4807,22
4808,33
4809,4
4810,33
4811,33
4812,33
4813,31
4814,4
4815,33
4816,33
4817,31
4818,32
4819,31
4820,33
4821,33
4822,31
4823,31
4824,33
4825,4
4826,33
4827,32
4828,31
4829,6
4830,33
4831,6
4832,33
4833,33
4834,33
4835,31
4836,4
4837,33
4838,32
4839,31
4840,32
4841,32
4842,33
4843,33
4844,33
4845,22
4846,33
4847,4
4848,32
4849,33
4850,33
4851,22
4852,32
4853,4
4854,4
4855,31
4856,31
4857,33
4858,32
4859,22
4860,31
4861,33
4862,31
4863,6
4864,4
4865,33
4866,32
4867,33
4868,4
4869,32
4870,31
4871,33
4872,4
4873,33
4874,31
4875,6
4876,33
4877,33
4878,6
4879,33
4880,22
4881,6
4882,32
4883,33
4884,31
4885,33
4886,33
4887,33
4888,31
4889,33
4890,33
4891,4
4892,32
4893,32
4894,33
4895,6
4896,4
4897,4
4898,31
4899,32
4900,33
4901,32
4902,32
4903,33
4904,33
4905,31
4906,33
4907,32
4908,33
4909,32
4910,22
4911,32
4912,33
4913,6
4914,31
4915,33
4916,33
4917,31
4918,33
4919,33
4920,6
4921,33
4922,33
4923,32
4924,4
4925,22
4926,33
4927,32
4928,22
4929,4
4930,31
4931,4
4932,4
4933,33
4934,32
4935,4
4936,31
4937,33
4938,6
4939,33
4940,33
4941,32
4942,33
4943,32
4944,33
4945,32
4946,22
4947,33
4948,32
4949,4
4950,33
4951,31
4952,32
4953,4
4954,33
4955,33
4956,32
4957,6
4958,33
4959,4
4960,6
4961,33
4962,33
4963,33
4964,33
4965,32
4966,33
4967,33
4968,33
4969,31
4970,32
4971,33
4972,33
4973,33
4974,31
4975,33
4976,33
4977,32
4978,33
4979,33
4980,33
4981,33
4982,22
4983,4
4984,33
4985,33
4986,4
4987,33
4988,33
4989,32
4990,33
4991,33
4992,33
4993,32
4994,33
4995,32
4996,33
4997,32
4998,33
4999,33
5000,32
5001,33
5002,6
5003,4
5004,33
5005,32
5006,33
5007,33
5008,4
5009,33
5010,33
5011,22
5012,6
5013,32
5014,31
5015,33
5016,31
5017,4
5018,4
5019,33
5020,32
5021,33
5022,32
5023,32
5024,33
5025,33
5026,22
5027,33
5028,33
5029,33
5030,33
5031,6
5032,4
5033,22
5034,32
5035,33
5036,33
5037,4
5038,4
5039,33
5040,32
5041,33
5042,33
5043,33
5044,33
5045,33
5046,33
5047,33
5048,33
5049,32
5050,32
5051,33
5052,22
5053,32
5054,6
5055,6
5056,31
5057,33
5058,32
5059,32
5060,33
5061,33
5062,33
5063,33
5064,32
5065,33
5066,32
5067,32
5068,33
5069,33
5070,4
5071,4
5072,33
5073,33
5074,33
5075,33
5076,33
5077,33
5078,32
5079,32
5080,33
5081,33
5082,32
5083,33
5084,22
5085,4
5086,33
5087,4
5088,6
5089,6
5090,32
5091,22
5092,33
5093,33
5094,33
5095,22
5096,33
5097,4
5098,33
5099,33
5100,32
5101,32
5102,32
5103,33
5104,32
5105,33
5106,33
5107,4
5108,33
5109,6
5110,32
5111,32
5112,32
5113,33
5114,33
5115,32
5116,33
5117,4
5118,22
5119,4
5120,33
5121,32
5122,33
5123,33
5124,32
5125,33
5126,33
5127,33
5128,33
5129,34
5130,33
5131,33
5132,33
5133,33
5134,33
5135,33
5136,33
5137,33
5138,6
5139,4
5140,33
5141,33
5142,33
5143,32
5144,33
5145,33
5146,32
5147,33
5148,32
5149,33
5150,33
5151,33
5152,32
5153,33
5154,32
5155,33
5156,33
5157,32
5158,33
5159,4
5160,33
5161,22
5162,32
5163,33
5164,33
5165,33
5166,33
5167,33
5168,22
5169,33
5170,32
5171,4
5172,33
5173,4
5174,22
5175,33
5176,33
5177,6
5178,32
5179,32
5180,34
5181,33
5182,33
5183,33
5184,33
5185,33
5186,33
5187,4
5188,32
5189,4
5190,32
5191,33
5192,33
5193,4
5194,33
5195,33
5196,34
5197,22
5198,6
5199,33
5200,33
5201,33
5202,33
5203,33
5204,33
5205,33
5206,33
5207,33
5208,32
5209,32
5210,33
5211,32
5212,32
5213,4
5214,32
5215,4
5216,33
5217,33
5218,32
5219,33
5220,33
5221,22
5222,34
5223,33
5224,33
5225,32
5226,33
5227,32
5228,33
5229,33
5230,33
5231,33
5232,32
5233,33
5234,22
5235,33
5236,33
5237,32
5238,34
5239,33
5240,33
5241,33
5242,32
5243,33
5244,33
5245,4
5246,22
5247,33
5248,32
5249,22
5250,33
5251,33
5252,4
5253,33
5254,33
5255,4
5256,33
5257,32
5258,4
5259,6
5260,33
5261,32
5262,32
5263,34
5264,33
5265,33
5266,33
5267,32
5268,22
5269,4
5270,34
5271,33
5272,33
5273,32
5274,33
5275,32
5276,33
5277,33
5278,6
5279,4
5280,22
5281,32
5282,33
5283,34
5284,33
5285,33
5286,33
5287,33
5288,33
5289,34
5290,33
5291,33
5292,33
5293,32
5294,33
5295,33
5296,33
5297,33
5298,22
5299,33
5300,33
5301,32
5302,33
5303,34
5304,32
5305,33
5306,33
5307,33
5308,33
5309,33
5310,32
5311,33
5312,32
5313,33
5314,32
5315,4
5316,33
5317,33
5318,33
5319,33
5320,33
5321,34
5322,32
5323,33
5324,33
5325,33
5326,4
5327,33
5328,32
5329,4
5330,33
5331,33
5332,33
5333,33
5334,22
5335,6
5336,34
5337,34
5338,33
5339,33
5340,32
5341,33
5342,33
5343,4
5344,4
5345,35
5346,33
5347,32
5348,32
5349,6
5350,22
5351,35
5352,33
5353,34
5354,33
5355,33
5356,35
5357,22
5358,33
5359,33
5360,33
5361,32
5362,33
5363,35
5364,4
5365,33
5366,33
5367,34
5368,35
5369,32
5370,33
5371,32
5372,34
5373,35
5374,33
5375,32
5376,35
5377,32
5378,33
5379,32
5380,34
5381,22
5382,33
5383,35
5384,34
5385,33
5386,35
5387,4
5388,33
5389,32
5390,33
5391,35
5392,33
5393,32
5394,33
5395,35
5396,4
5397,34
5398,35
5399,33
5400,32
5401,35
5402,33
5403,33
5404,32
5405,33
5406,35
5407,33
5408,35
5409,4
5410,22
5411,35
5412,32
5413,33
5414,6
5415,4
5416,33
5417,34
5418,33
5419,34
5420,22
5421,34
5422,32
5423,22
5424,35
5425,32
5426,22
5427,35
5428,35
5429,34
5430,32
5431,33
5432,35
5433,32
5434,32
5435,4
5436,32
5437,33
5438,35
5439,33
5440,33
5441,35
5442,35
5443,34
5444,33
5445,35
5446,32
5447,33
5448,32
5449,22
5450,4
5451,35
5452,33
5453,35
5454,33
5455,35
5456,34
5457,35
5458,32
5459,35
5460,35
5461,35
5462,32
5463,35
5464,35
5465,32
5466,4
5467,35
5468,34
5469,34
5470,35
5471,33
5472,35
5473,33
5474,35
5475,35
5476,34
5477,35
5478,34
5479,33
5480,35
5481,33
5482,35
5483,32
5484,22
5485,35
5486,33
5487,35
5488,35
5489,35
5490,32
5491,33
5492,34
5493,35
5494,35
5495,34
5496,22
5497,35
5498,22
5499,4
5500,4
5501,32
5502,35
5503,35
5504,32
5505,33
5506,22
5507,35
5508,35
5509,33
5510,32
5511,35
5512,32
5513,34
5514,35
5515,32
5516,35
5517,35
5518,35
5519,4
5520,35
5521,33
5522,33
5523,4
5524,32
5525,35
5526,4
5527,34
5528,33
5529,35
5530,35
5531,34
5532,22
5533,35
5534,34
5535,35
5536,32
5537,34
5538,33
5539,34
5540,32
5541,35
5542,35
5543,35
5544,32
5545,34
5546,33
5547,35
5548,35
5549,4
5550,35
5551,34
5552,35
5553,35
5554,22
5555,35
5556,34
5557,33
5558,32
5559,35
5560,35
5561,33
5562,35
5563,33
5564,32
5565,35
5566,22
5567,35
5568,35
5569,32
5570,35
5571,35
5572,33
5573,34
5574,34
5575,35
5576,32
5577,35
5578,32
5579,34
5580,4
5581,35
5582,34
5583,32
5584,22
5585,35
5586,35
5587,34
5588,4
5589,32
5590,4
5591,34
5592,4
5593,35
5594,35
5595,33
5596,35
5597,32
5598,35
5599,33
5600,35
5601,35
5602,32
5603,34
5604,32
5605,33
5606,22
5607,35
5608,34
5609,35
5610,35
5611,35
5612,32
5613,35
5614,35
5615,35
5616,4
5617,22
5618,34
5619,35
5620,35
5621,35
5622,35
5623,35
5624,35
5625,35
5626,35
5627,22
5628,32
5629,35
5630,32
5631,34
5632,32
5633,34
5634,35
5635,33
5636,35
5637,33
5638,35
5639,34
5640,35
5641,34
5642,35
5643,35
5644,22
5645,35
5646,35
5647,35
5648,35
5649,35
5650,33
5651,35
5652,34
5653,32
5654,34
5655,35
5656,35
5657,4
5658,35
5659,35
5660,35
5661,35
5662,35
5663,35
5664,32
5665,35
5666,4
5667,32
5668,35
5669,32
5670,35
5671,22
5672,35
5673,34
5674,34
5675,32
5676,35
5677,4
5678,35
5679,32
5680,35
5681,33
5682,35
5683,35
5684,32
5685,35
5686,35
5687,22
5688,34
5689,35
5690,35
5691,34
5692,35
5693,34
5694,34
5695,32
5696,35
5697,35
5698,22
5699,35
5700,35
5701,35
5702,22
5703,34
5704,34
5705,4
5706,34
5707,35
5708,32
5709,35
5710,35
5711,32
5712,35
5713,34
5714,35
5715,35
5716,35
5717,34
5718,35
5719,22
5720,35
5721,35
5722,35
5723,33
5724,35
5725,35
5726,35
5727,32
5728,4
5729,35
5730,32
5731,35
5732,35
5733,35
5734,34
5735,34
5736,4
5737,35
5738,34
5739,4
5740,34
5741,35
5742,34
5743,35
5744,32
5745,35
5746,34
5747,35
5748,35
5749,32
5750,35
5751,35
5752,32
5753,35
5754,35
5755,32
5756,34
5757,32
5758,32
5759,35
5760,35
5761,34
5762,35
5763,34
5764,35
5765,22
5766,22
5767,35
5768,22
5769,35
5770,35
5771,32
5772,35
5773,32
5774,34
5775,4
5776,35
5777,35
5778,34
5779,35
5780,35
5781,32
5782,35
5783,35
5784,35
5785,35
5786,35
5787,35
5788,35
5789,35
5790,35
5791,35
5792,35
5793,35
5794,22
5795,34
5796,35
5797,35
5798,34
5799,4
5800,35
5801,34
5802,35
5803,34
5804,34
5805,32
5806,35
5807,34
5808,35
5809,35
5810,35
5811,4
5812,35
5813,35
5814,35
5815,34
5816,35
5817,35
5818,4
5819,35
5820,35
5821,34
5822,35
5823,35
5824,35
5825,32
5826,35
5827,35
5828,34
5829,35
5830,35
5831,35
5832,35
5833,34
5834,35
5835,22
5836,35
5837,35
5838,34
5839,32
5840,35
5841,32
5842,35
5843,22
5844,32
5845,35
5846,35
5847,32
5848,32
5849,35
5850,35
5851,35
5852,32
5853,34
5854,35
5855,35
5856,34
5857,32
5858,35
5859,34
5860,35
5861,35
5862,22
5863,32
5864,35
5865,34
5866,34
5867,35
5868,32
5869,34
5870,35
5871,35
5872,35
5873,35
5874,4
5875,34
5876,35
5877,35
5878,35
5879,22
5880,35
5881,36
5882,4
5883,35
5884,35
5885,32
5886,34
5887,35
5888,35
5889,35
5890,35
5891,35
5892,35
5893,4
5894,36
5895,35
5896,32
5897,35
5898,34
5899,35
5900,35
5901,34
5902,35
5903,34
5904,35
5905,34
5906,22
5907,34
5908,35
5909,35
5910,34
5911,35
5912,35
5913,35
5914,22
5915,34
5916,35
5917,35
5918,35
5919,35
5920,35
5921,22
5922,34
5923,36
5924,32
5925,35
5926,32
5927,32
5928,35
5929,34
5930,35
5931,32
5932,32
5933,35
5934,35
5935,36
5936,34
5937,35
5938,32
5939,35
5940,35
5941,34
5942,35
5943,35
5944,35
5945,35
5946,4
5947,32
5948,4
5949,35
5950,35
5951,35
5952,35
5953,35
5954,35
5955,35
5956,35
5957,35
5958,32
5959,35
5960,32
5961,34
5962,35
5963,35
5964,34
5965,35
5966,36
5967,35
5968,35
5969,35
5970,35
5971,35
5972,34
5973,35
5974,34
5975,35
5976,35
5977,34
5978,36
5979,35
5980,32
5981,4
5982,32
5983,35
5984,35
5985,22
5986,35
5987,35
5988,35
5989,34
5990,35
5991,36
5992,35
5993,22
5994,35
5995,35
5996,35
5997,35
5998,35
5999,35
6000,34
6001,22
6002,35
6003,35
6004,35
6005,34
6006,35
6007,35
6008,35
6009,34
6010,35
6011,35
6012,35
6013,36
6014,35
6015,36
6016,35
6017,4
6018,32
6019,35
6020,32
6021,34
6022,34
6023,32
6024,32
6025,4
6026,35
6027,36
6028,35
6029,35
6030,35
6031,35
6032,32
6033,35
6034,32
6035,35
6036,34
6037,35
6038,35
6039,34
6040,35
6041,36
6042,35
6043,32
6044,32
6045,35
6046,4
6047,35
6048,34
6049,35
6050,35
6051,34
6052,35
6053,35
6054,22
6055,34
6056,35
6057,35
6058,32
6059,35
6060,35
6061,35
6062,22
6063,35
6064,35
6065,35
6066,35
6067,35
6068,35
6069,36
6070,36
6071,34
6072,34
6073,34
6074,35
6075,36
6076,35
6077,32
6078,34
6079,37
6080,35
6081,35
6082,36
6083,35
6084,37
6085,35
6086,35
6087,4
6088,35
6089,34
6090,35
6091,34
6092,37
6093,37
6094,22
6095,37
6096,37
6097,37
6098,37
6099,4
6100,37
6101,36
6102,37
6103,35
6104,34
6105,37
6106,35
6107,37
6108,32
6109,4
6110,35
6111,32
6112,35
6113,32
6114,37
6115,37
6116,34
6117,37
6118,35
6119,35
6120,32
6121,32
6122,37
6123,34
6124,35
6125,37
6126,37
6127,35
6128,37
6129,34
6130,36
6131,35
6132,32
6133,37
6134,35
6135,36
6136,36
6137,37
6138,22
6139,22
6140,37
6141,36
6142,37
6143,34
6144,36
6145,35
6146,37
6147,32
6148,34
6149,37
6150,35
6151,35
6152,35
6153,34
6154,37
6155,35
6156,37
6157,37
6158,36
6159,35
6160,34
6161,37
6162,34
6163,37
6164,35
6165,32
6166,37
6167,37
6168,35
6169,22
6170,4
6171,37
6172,37
6173,35
6174,34
6175,37
6176,37
6177,35
6178,35
6179,37
6180,34
6181,34
6182,4
6183,36
6184,36
6185,32
6186,35
6187,35
6188,37
6189,36
6190,36
6191,35
6192,37
6193,37
6194,35
6195,37
6196,37
6197,35
6198,34
6199,36
6200,36
6201,32
6202,32
6203,37
6204,37
6205,32
6206,35
6207,32
6208,22
6209,35
6210,34
6211,34
6212,32
6213,37
6214,37
6215,37
6216,37
6217,32
6218,35
6219,37
6220,36
6221,34
6222,35
6223,37
6224,34
6225,4
6226,35
6227,35
6228,32
6229,37
6230,37
6231,22
6232,37
6233,35
6234,36
6235,34
6236,37
6237,36
6238,36
6239,35
6240,37
6241,35
6242,37
6243,37
6244,37
6245,32
6246,4
6247,37
6248,37
6249,37
6250,34
6251,36
6252,37
6253,36
6254,37
6255,37
6256,34
6257,37
6258,4
6259,37
6260,34
6261,37
6262,37
6263,37
6264,35
6265,37
6266,35
6267,36
6268,35
6269,37
6270,37
6271,37
6272,37
6273,32
6274,37
6275,35
6276,37
6277,37
6278,37
6279,34
6280,35
6281,37
6282,37
6283,37
6284,34
6285,22
6286,37
6287,37
6288,35
6289,36
6290,37
6291,37
6292,37
6293,36
6294,4
6295,36
6296,32
6297,32
6298,37
6299,37
6300,34
6301,37
6302,36
6303,32
6304,37
6305,34
6306,35
6307,36
6308,35
6309,34
6310,37
6311,37
6312,22
6313,32
6314,37
6315,35
6316,34
6317,37
6318,36
6319,35
6320,37
6321,36
6322,37
6323,37
6324,32
6325,37
6326,34
6327,34
6328,37
6329,37
6330,32
6331,34
6332,37
6333,4
6334,37
6335,36
6336,35
6337,32
6338,37
6339,37
6340,37
6341,37
6342,34
6343,35
6344,35
6345,37
6346,37
6347,37
6348,36
6349,36
6350,37
6351,37
6352,37
6353,36
6354,32
6355,35
6356,36
6357,37
6358,34
6359,34
6360,37
6361,36
6362,37
6363,22
6364,37
6365,37
6366,4
6367,32
6368,36
6369,37
6370,37
6371,37
6372,36
6373,35
6374,22
6375,32
6376,35
6377,34
6378,37
6379,37
6380,37
6381,37
6382,35
6383,37
6384,37
6385,37
6386,37
6387,37
6388,37
6389,37
6390,36
6391,37
6392,37
6393,34
6394,37
6395,37
6396,32
6397,34
6398,37
6399,36
6400,37
6401,32
6402,35
6403,37
6404,34
6405,37
6406,37
6407,37
6408,37
6409,34
6410,36
6411,4
6412,36
6413,37
6414,32
6415,32
6416,36
6417,34
6418,37
6419,37
6420,37
6421,37
6422,37
6423,36
6424,37
6425,37
6426,37
6427,37
6428,37
6429,36
6430,32
6431,34
6432,37
6433,37
6434,35
6435,37
6436,37
6437,36
6438,35
6439,22
6440,37
6441,37
6442,34
6443,4
6444,37
6445,37
6446,37
6447,36
6448,37
6449,34
6450,32
6451,37
6452,32
6453,37
6454,35
6455,37
6456,37
6457,37
6458,37
6459,37
6460,37
6461,22
6462,37
6463,37
6464,37
6465,34
6466,36
6467,36
6468,37
6469,36
6470,36
6471,32
6472,36
6473,37
6474,37
6475,35
6476,37
6477,36
6478,37
6479,37
6480,37
6481,37
6482,35
6483,37
6484,37
6485,34
6486,36
6487,32
6488,37
6489,34
6490,34
6491,37
6492,37
6493,35
6494,37
6495,34
6496,34
6497,37
6498,32
6499,37
6500,37
6501,37
6502,22
6503,36
6504,4
6505,37
6506,34
6507,37
6508,32
6509,37
6510,37
6511,36
6512,37
6513,4
6514,36
6515,37
6516,34
6517,37
6518,32
6519,37
6520,36
6521,36
6522,37
6523,37
6524,37
6525,37
6526,36
6527,37
6528,37
6529,37
6530,37
6531,37
6532,37
6533,37
6534,36
6535,34
6536,32
6537,37
6538,37
6539,37
6540,37
6541,37
6542,36
6543,32
6544,32
6545,37
6546,37
6547,36
6548,37
6549,37
6550,37
6551,37
6552,35
6553,36
6554,37
6555,37
6556,37
6557,34
6558,37
6559,36
6560,37
6561,37
6562,37
6563,37
6564,32
6565,37
6566,37
6567,37
6568,37
6569,37
6570,37
6571,37
6572,37
6573,37
6574,37
6575,34
6576,32
6577,4
6578,37
6579,22
6580,37
6581,37
6582,36
6583,36
6584,36
6585,36
6586,37
6587,36
6588,37
6589,37
6590,37
6591,36
6592,32
6593,37
6594,37
6595,37
6596,37
6597,4
6598,37
6599,34
6600,37
6601,34
6602,37
6603,34
6604,36
6605,37
6606,34
6607,36
6608,34
6609,37
6610,37
6611,37
6612,37
6613,34
6614,37
6615,37
6616,37
6617,37
6618,36
6619,37
6620,37
6621,34
6622,37
6623,32
6624,32
6625,34
6626,37
6627,37
6628,37
6629,36
6630,37
6631,36
6632,37
6633,37
6634,32
6635,37
6636,36
6637,37
6638,36
6639,34
6640,36
6641,37
6642,37
6643,37
6644,37
6645,37
6646,4
6647,37
6648,37
6649,36
6650,37
6651,37
6652,36
6653,22
6654,22
6655,37
6656,32
6657,37
6658,37
6659,37
6660,37
6661,37
6662,36
6663,37
6664,37
6665,37
6666,36
6667,37
6668,32
6669,37
6670,37
6671,37
6672,37
6673,37
6674,37
6675,36
6676,37
6677,37
6678,37
6679,37
6680,32
6681,37
6682,37
6683,37
6684,37
6685,37
6686,32
6687,37
6688,36
6689,37
6690,37
6691,37
6692,37
6693,37
6694,37
6695,36
6696,38
6697,37
6698,36
6699,36
6700,37
6701,37
6702,37
6703,34
6704,37
6705,37
6706,34
6707,37
6708,37
6709,34
6710,36
6711,37
6712,37
6713,37
6714,34
6715,32
6716,37
6717,34
6718,36
6719,37
6720,37
6721,32
6722,37
6723,34
6724,36
6725,34
6726,37
6727,37
6728,37
6729,37
6730,37
6731,37
6732,4
6733,37
6734,22
6735,37
6736,37
6737,37
6738,36
6739,34
6740,37
6741,37
6742,34
6743,37
6744,37
6745,32
6746,36
6747,36
6748,37
6749,37
6750,37
6751,37
6752,37
6753,36
6754,37
6755,38
6756,37
6757,32
6758,37
6759,32
6760,38
6761,36
6762,37
6763,37
6764,32
6765,37
6766,37
6767,37
6768,37
6769,37
6770,36
6771,37
6772,36
6773,37
6774,37
6775,36
6776,36
6777,37
6778,37
6779,37
6780,37
6781,37
6782,37
6783,37
6784,37
6785,32
6786,37
6787,37
6788,37
6789,37
6790,37
6791,36
6792,37
6793,37
6794,37
6795,37
6796,37
6797,37
6798,37
6799,37
6800,37
6801,36
6802,32
6803,37
6804,39
6805,37
6806,37
6807,22
6808,37
6809,37
6810,39
6811,4
6812,37
6813,34
6814,34
6815,36
6816,37
6817,39
6818,38
6819,32
6820,37
6821,34
6822,38
6823,37
6824,36
6825,34
6826,37
6827,39
6828,37
6829,4
6830,37
6831,34
6832,38
6833,39
6834,32
6835,34
6836,39
6837,37
6838,36
6839,37
6840,39
6841,37
6842,36
6843,37
6844,37
6845,39
6846,37
6847,36
6848,37
6849,39
6850,34
6851,37
6852,39
6853,37
6854,37
6855,37
6856,36
6857,39
6858,36
6859,39
6860,32
6861,32
6862,37
6863,39
6864,34
6865,37
6866,36
6867,36
6868,37
6869,37
6870,39
6871,39
6872,37
6873,36
6874,37
6875,38
6876,39
6877,37
6878,37
6879,39
6880,37
6881,39
6882,38
6883,37
6884,39
6885,37
6886,34
6887,37
6888,22
6889,39
6890,38
6891,39
6892,39
6893,37
6894,39
6895,37
6896,39
6897,39
6898,36
6899,37
6900,39
6901,39
6902,36
6903,32
6904,36
6905,39
6906,4
6907,32
6908,39
6909,39
6910,39
6911,39
6912,39
6913,39
6914,37
6915,39
6916,36
6917,37
6918,39
6919,37
6920,37
6921,39
6922,39
6923,39
6924,37
6925,32
6926,32
6927,39
6928,36
6929,37
6930,39
6931,39
6932,39
6933,34
6934,34
6935,39
6936,34
6937,39
6938,37
6939,34
6940,37
6941,36
6942,38
6943,39
6944,39
6945,37
6946,39
6947,39
6948,36
6949,37
6950,34
6951,36
6952,39
6953,38
6954,37
6955,37
6956,37
6957,39
6958,39
6959,39
6960,32
6961,36
6962,37
6963,34
6964,39
6965,39
6966,36
6967,32
6968,37
6969,37
6970,39
6971,38
6972,39
6973,39
6974,37
6975,39
6976,39
6977,39
6978,34
6979,39
6980,36
6981,36
6982,32
6983,37
6984,39
6985,37
6986,4
6987,37
6988,36
6989,38
6990,37
6991,39
6992,39
6993,39
6994,32
6995,39
6996,39
6997,39
6998,39
6999,39
7000,39
7001,37
7002,39
7003,38
7004,36
7005,39
7006,39
7007,34
7008,39
7009,39
7010,39
7011,37
7012,37
7013,38
7014,32
7015,39
7016,22
7017,39
7018,39
7019,39
7020,39
7021,37
7022,39
7023,39
7024,39
7025,39
7026,32
7027,38
7028,39
7029,37
7030,39
7031,37
7032,36
7033,36
7034,39
7035,36
7036,39
7037,39
7038,39
7039,39
7040,37
7041,37
7042,39
7043,34
7044,39
7045,39
7046,38
7047,39
7048,39
7049,39
7050,39
7051,39
7052,39
7053,37
7054,39
7055,34
7056,36
7057,39
7058,39
7059,36
7060,34
7061,39
7062,37
7063,37
7064,39
7065,32
7066,39
7067,37
7068,36
7069,39
7070,39
7071,34
7072,38
7073,39
7074,36
7075,39
7076,37
7077,39
7078,38
7079,34
7080,37
7081,36
7082,38
7083,32
7084,4
7085,39
7086,39
7087,34
7088,39
7089,37
7090,39
7091,39
7092,39
7093,36
7094,39
7095,39
7096,39
7097,39
7098,36
7099,39
7100,39
7101,39
7102,39
7103,32
7104,39
7105,39
7106,22
7107,38
7108,39
7109,39
7110,34
7111,39
7112,39
7113,37
7114,37
7115,39
7116,39
7117,39
7118,39
7119,39
7120,39
7121,36
7122,39
7123,39
7124,38
7125,39
7126,39
7127,39
7128,39
7129,37
7130,32
7131,39
7132,39
7133,38
7134,34
7135,36
7136,37
7137,39
7138,37
7139,39
7140,32
7141,37
7142,39
7143,39
7144,39
7145,39
7146,39
7147,39
7148,39
7149,36
7150,38
7151,37
7152,39
7153,39
7154,39
7155,37
7156,39
7157,39
7158,37
7159,39
7160,38
7161,39
7162,39
7163,39
7164,34
7165,39
7166,39
7167,38
7168,39
7169,39
7170,36
7171,36
7172,39
7173,39
7174,39
7175,39
7176,39
7177,37
7178,39
7179,39
7180,39
7181,39
7182,39
7183,39
7184,39
7185,39
7186,39
7187,39
7188,38
7189,32
7190,39
7191,39
7192,39
7193,32
7194,39
7195,32
7196,39
7197,39
7198,39
7199,37
7200,39
7201,39
7202,37
7203,22
7204,39
7205,39
7206,36
7207,39
7208,39
7209,39
7210,36
7211,39
7212,37
7213,36
7214,36
7215,39
7216,37
7217,39
7218,34
7219,39
7220,39
7221,34
7222,39
7223,39
7224,36
7225,37
7226,32
7227,39
7228,38
7229,39
7230,39
7231,39
7232,38
7233,38
7234,39
7235,39
7236,34
7237,39
7238,36
7239,37
7240,39
7241,39
7242,39
7243,39
7244,39
7245,4
7246,39
7247,39
7248,39
7249,39
7250,39
7251,39
7252,39
7253,39
7254,36
7255,39
7256,39
7257,38
7258,39
7259,39
7260,34
7261,39
7262,39
7263,36
7264,39
7265,39
7266,39
7267,39
7268,39
7269,39
7270,39
7271,39
7272,39
7273,39
7274,32
7275,34
7276,39
7277,39
7278,39
7279,39
7280,39
7281,39
7282,39
7283,37
7284,37
7285,39
7286,38
7287,36
7288,39
7289,39
7290,39
7291,37
7292,37
7293,34
7294,39
7295,39
7296,39
7297,39
7298,38
7299,39
7300,39
7301,39
7302,36
7303,39
7304,38
7305,39
7306,39
7307,39
7308,39
7309,39
7310,39
7311,39
7312,39
7313,39
7314,39
7315,39
7316,39
7317,39
7318,39
7319,39
7320,39
7321,39
7322,39
7323,39
7324,36
7325,39
7326,39
7327,39
7328,39
7329,32
7330,39
7331,39
7332,39
7333,38
7334,39
7335,39
7336,39
7337,34
7338,39
7339,39
7340,32
7341,39
7342,39
7343,32
7344,39
7345,39
7346,39
7347,39
7348,39
7349,39
7350,39
7351,39
7352,39
7353,39
7354,39
7355,38
7356,39
7357,39
7358,39
7359,39
7360,39
7361,39
7362,34
7363,39
7364,39
7365,39
7366,39
7367,39
7368,39
7369,36
7370,39
7371,38
7372,39
7373,39
7374,39
7375,39
7376,37
7377,37
7378,39
7379,39
7380,39
7381,38
7382,39
7383,39
7384,39
7385,39
7386,37
7387,39
7388,39
7389,39
7390,39
7391,39
7392,39
7393,39
7394,39
7395,39
7396,39
7397,39
7398,39
7399,39
7400,4
7401,39
7402,39
7403,39
7404,39
7405,39
7406,39
7407,39
7408,39
7409,39
7410,39
7411,39
7412,39
7413,39
7414,39
7415,39
7416,39
7417,39
7418,39
7419,39
7420,39
7421,39
7422,39
7423,39
7424,37
7425,39
7426,39
7427,39
7428,39
7429,39
7430,32
7431,39
7432,39
7433,39
7434,39
7435,39
7436,39
7437,39
7438,34
7439,39
7440,39
7441,39
7442,39
7443,36
7444,39
7445,39
7446,36
7447,39
7448,39
7449,36
7450,39
7451,36
7452,39
7453,39
7454,39
7455,38
7456,36
7457,39
7458,39
7459,39
7460,39
7461,39
7462,36
7463,39
7464,38
7465,38
7466,39
7467,39
7468,39
7469,39
7470,34
7471,39
7472,39
7473,39
7474,39
7475,36
7476,39
7477,39
7478,39
7479,38
7480,39
7481,37
7482,39
7483,39
7484,39
7485,32
7486,39
7487,34
7488,37
7489,39
7490,39
7491,38
7492,39
7493,39
7494,39
7495,39
7496,34
7497,36
7498,37
7499,39
7500,39
7501,39
7502,39
7503,39
7504,39
7505,39
7506,39
7507,38
7508,32
7509,37
7510,34
7511,32
7512,38
7513,39
7514,36
7515,39
7516,39
7517,39
7518,39
7519,39
7520,39
7521,38
7522,32
7523,39
7524,38
7525,39
7526,39
7527,39
7528,4
7529,39
7530,39
7531,36
7532,39
7533,39
7534,39
7535,34
7536,39
7537,39
7538,39
7539,39
7540,34
7541,37
7542,39
7543,38
7544,39
7545,32
7546,38
7547,37
7548,39
7549,38
7550,36
7551,39
7552,39
7553,39
7554,39
7555,39
7556,39
7557,39
7558,22
7559,34
7560,37
7561,39
7562,39
7563,39
7564,39
7565,39
7566,36
7567,36
7568,39
7569,38
7570,38
7571,36
7572,39
7573,36
7574,39
7575,39
7576,38
7577,39
7578,36
7579,38
7580,36
7581,37
7582,34
7583,39
7584,39
7585,39
7586,39
7587,39
7588,32
7589,36
7590,32
7591,39
7592,34
7593,36
7594,39
7595,37
7596,38
7597,39
7598,32
7599,36
7600,39
7601,39
7602,39
7603,39
7604,38
7605,38
7606,32
7607,39
7608,34
7609,38
7610,39
7611,39
7612,39
7613,39
7614,36
7615,39
7616,38
7617,39
7618,39
7619,39
7620,39
7621,22
7622,34
7623,34
7624,39
7625,39
7626,38
7627,39
7628,39
7629,34
7630,38
7631,38
7632,39
7633,37
7634,39
7635,38
7636,39
7637,39
7638,38
7639,39
7640,39
7641,39
7642,34
7643,39
7644,38
7645,39
7646,38
7647,39
7648,32
7649,39
7650,39
7651,38
7652,38
7653,36
7654,36
7655,39
7656,39
7657,32
7658,34
7659,32
7660,36
7661,36
7662,39
7663,36
7664,36
7665,39
7666,39
7667,34
7668,39
7669,39
7670,36
7671,38
7672,32
7673,37
7674,38
7675,36
7676,38
7677,39
7678,32
7679,39
7680,36
7681,39
7682,39
7683,36
7684,39
7685,39
7686,38
7687,38
7688,38
7689,39
7690,39
7691,39
7692,38
7693,34
7694,39
7695,34
7696,36
7697,39
7698,38
7699,39
7700,39
7701,4
7702,38
7703,39
7704,39
7705,39
7706,32
7707,38
7708,38
7709,32
7710,39
7711,34
7712,39
7713,32
7714,39
7715,39
7716,38
7717,39
7718,39
7719,34
7720,38
7721,32
7722,38
7723,36
7724,36
7725,39
7726,39
7727,36
7728,36
7729,34
7730,36
7731,38
7732,36
7733,39
7734,34
7735,39
7736,38
7737,39
7738,39
7739,38
7740,40
7741,36
7742,39
7743,39
7744,38
7745,4
7746,38
7747,38
7748,36
7749,39
7750,39
7751,39
7752,38
7753,34
7754,39
7755,39
7756,34
7757,40
7758,38
7759,39
7760,38
7761,36
7762,32
7763,32
7764,39
7765,39
7766,38
7767,40
7768,32
7769,32
7770,38
7771,39
7772,39
7773,39
7774,36
7775,39
7776,39
7777,38
7778,34
7779,38
7780,34
7781,39
7782,36
7783,36
7784,39
7785,32
7786,38
7787,36
7788,36
7789,39
7790,40
7791,38
7792,34
7793,39
7794,39
7795,36
7796,38
7797,38
7798,40
7799,36
7800,38
7801,39
7802,39
7803,38
7804,34
7805,38
7806,36
7807,32
7808,32
7809,39
7810,39
7811,34
7812,38
7813,39
7814,39
7815,32
7816,22
7817,38
7818,36
7819,39
7820,34
7821,38
7822,40
7823,38
7824,40
7825,39
7826,32
7827,36
7828,39
7829,40
7830,34
7831,39
7832,38
7833,39
7834,39
7835,34
7836,38
7837,38
7838,36
7839,38
7840,36
7841,38
7842,39
7843,36
7844,40
7845,38
7846,36
7847,32
7848,38
7849,40
7850,39
7851,32
7852,36
7853,38
7854,40
7855,32
7856,34
7857,39
7858,34
7859,40
7860,39
7861,38
7862,39
7863,36
7864,36
7865,38
7866,34
7867,32
7868,38
7869,36
7870,39
7871,38
7872,39
7873,39
7874,40
7875,40
7876,39
7877,36
7878,34
7879,40
7880,40
7881,34
7882,32
7883,39
7884,38
7885,38
7886,38
7887,38
7888,38
7889,36
7890,32
7891,36
7892,38
7893,32
7894,39
7895,36
7896,38
7897,34
7898,38
7899,36
7900,40
7901,38
7902,34
7903,32
7904,39
7905,40
7906,40
7907,40
7908,40
7909,40
7910,36
7911,36
7912,34
7913,4
7914,39
7915,36
7916,39
7917,32
7918,40
7919,34
7920,36
7921,36
7922,40
7923,40
7924,38
7925,38
7926,38
7927,38
7928,39
7929,38
7930,32
7931,38
7932,34
7933,40
7934,38
7935,38
7936,40
7937,40
7938,38
7939,32
7940,36
7941,34
7942,38
7943,32
7944,40
7945,36
7946,36
7947,40
7948,40
7949,34
7950,32
7951,36
7952,36
7953,40
7954,40
7955,36
7956,40
7957,40
7958,40
7959,40
7960,40
7961,38
7962,38
7963,34
7964,38
7965,36
7966,38
7967,34
7968,36
7969,40
7970,38
7971,34
7972,32
7973,38
7974,32
7975,38
7976,40
7977,34
7978,40
7979,38
7980,36
7981,40
7982,32
7983,38
7984,36
7985,40
7986,34
7987,40
7988,40
7989,38
7990,36
7991,40
7992,40
7993,38
7994,32
7995,38
7996,36
7997,40
7998,32
7999,38
8000,34
8001,38
8002,36
8003,32
8004,40
8005,34
8006,38
8007,36
8008,36
8009,40
8010,38
8011,40
8012,40
8013,32
8014,34
8015,38
8016,40
8017,36
8018,40
8019,38
8020,40
8021,32
8022,36
8023,40
8024,34
8025,38
8026,40
8027,32
8028,40
8029,38
8030,36
8031,38
8032,38
8033,40
8034,34
8035,34
8036,38
8037,40
8038,34
8039,36
8040,38
8041,40
8042,36
8043,36
8044,32
8045,40
8046,38
8047,34
8048,32
8049,40
8050,40
8051,36
8052,38
8053,40
8054,32
8055,36
8056,40
8057,40
8058,38
8059,38
8060,36
8061,40
8062,36
8063,38
8064,40
8065,38
8066,34
8067,34
8068,38
8069,40
8070,34
8071,34
8072,32
8073,36
8074,40
8075,32
8076,38
8077,38
8078,36
8079,40
8080,36
8081,40
8082,40
8083,32
8084,38
8085,38
8086,40
8087,38
8088,36
8089,40
8090,40
8091,36
8092,40
8093,38
8094,36
8095,34
8096,32
8097,38
8098,32
8099,34
8100,40
8101,34
8102,38
8103,40
8104,34
8105,38
8106,36
8107,40
8108,36
8109,32
8110,38
8111,40
8112,40
8113,36
8114,40
8115,38
8116,40
8117,38
8118,32
8119,36
8120,32
8121,36
8122,40
8123,38
8124,40
8125,38
8126,34
8127,38
8128,34
8129,34
8130,40
8131,38
8132,36
8133,38
8134,40
8135,34
8136,36
8137,40
8138,38
8139,38
8140,32
8141,36
8142,38
8143,40
8144,40
8145,40
8146,32
8147,32
8148,40
8149,38
8150,36
8151,36
8152,40
8153,34
8154,38
8155,34
8156,36
8157,40
8158,38
8159,40
8160,34
8161,36
8162,38
8163,40
8164,32
8165,40
8166,36
8167,38
8168,32
8169,38
8170,40
8171,36
8172,34
8173,40
8174,38
8175,38
8176,38
8177,40
8178,40
8179,34
8180,36
8181,34
8182,38
8183,40
8184,36
8185,40
8186,34
8187,32
8188,32
8189,36
8190,38
8191,38
8192,38
8193,36
8194,40
8195,34
8196,40
8197,36
8198,40
8199,40
8200,38
8201,38
8202,38
8203,32
8204,34
8205,36
8206,36
8207,40
8208,40
8209,32
8210,36
8211,34
8212,38
8213,32
8214,38
8215,36
8216,40
8217,38
8218,34
8219,40
8220,40
8221,40
8222,36
8223,38
8224,32
8225,38
8226,34
8227,38
8228,40
8229,36
8230,38
8231,36
8232,32
8233,40
8234,34
8235,36
8236,38
8237,40
8238,40
8239,34
8240,38
8241,36
8242,38
8243,40
8244,32
8245,40
8246,36
8247,38
8248,32
8249,34
8250,40
8251,38
8252,40
8253,36
8254,38
8255,36
8256,40
8257,34
8258,36
8259,40
8260,40
8261,38
8262,34
8263,36
8264,34
8265,32
8266,38
8267,40
8268,38
8269,34
8270,38
8271,40
8272,40
8273,38
8274,40
8275,36
8276,32
8277,36
8278,36
8279,38
8280,36
8281,40
8282,34
8283,34
8284,32
8285,38
8286,38
8287,40
8288,38
8289,40
8290,34
8291,32
8292,40
8293,40
8294,38
8295,40
8296,38
8297,36
8298,38
8299,36
8300,36
8301,32
8302,36
8303,34
8304,36
8305,38
8306,40
8307,32
8308,38
8309,34
8310,40
8311,38
8312,40
8313,38
8314,40
8315,34
8316,36
8317,36
8318,36
8319,40
8320,34
8321,38
8322,32
8323,36
8324,38
8325,40
8326,38
8327,38
8328,40
8329,34
8330,40
8331,40
8332,34
8333,32
8334,40
8335,36
8336,36
8337,32
8338,34
8339,36
8340,38
8341,38
8342,38
8343,38
8344,36
8345,40
8346,40
8347,36
8348,32
8349,40
8350,40
8351,40
8352,34
8353,34
8354,38
8355,38
8356,38
8357,38
8358,36
8359,34
8360,36
8361,40
8362,36
8363,32
8364,36
8365,38
8366,40
8367,34
8368,34
8369,40
8370,38
8371,40
8372,38
8373,38
8374,38
8375,36
8376,36
8377,32
8378,40
8379,36
8380,38
8381,36
8382,40
8383,34
8384,34
8385,38
8386,40
8387,38
8388,40
8389,32
8390,38
8391,40
8392,32
8393,36
8394,36
8395,40
8396,36
8397,38
8398,34
8399,36
8400,40
8401,34
8402,38
8403,32
8404,34
8405,38
8406,40
8407,36
8408,38
8409,38
8410,40
8411,40
8412,36
8413,38
8414,34
8415,32
8416,36
8417,36
8418,34
8419,40
8420,38
8421,38
8422,36
8423,40
8424,38
8425,32
8426,38
8427,40
8428,40
8429,34
8430,40
8431,34
8432,38
8433,36
8434,36
8435,40
8436,38
8437,36
8438,34
8439,38
8440,40
8441,38
8442,32
8443,36
8444,40
8445,34
8446,36
8447,36
8448,40
8449,38
8450,40
8451,40
8452,34
8453,38
8454,36
8455,32
8456,38
8457,36
8458,34
8459,40
8460,38
8461,38
8462,36
8463,34
8464,32
8465,40
8466,38
8467,36
8468,40
8469,40
8470,38
8471,40
8472,34
8473,36
8474,38
8475,32
8476,36
8477,34
8478,40
8479,38
8480,38
8481,40
8482,36
8483,40
8484,38
8485,36
8486,34
8487,38
8488,34
8489,40
8490,36
8491,40
8492,40
8493,38
8494,32
8495,38
8496,38
8497,34
8498,36
8499,36
8500,34
8501,36
8502,40
8503,32
8504,38
8505,38
8506,40
8507,34
8508,40
8509,36
8510,40
8511,36
8512,40
8513,32
8514,36
8515,38
8516,38
8517,38
8518,34
8519,38
8520,34
8521,36
8522,36
8523,36
8524,38
8525,38
8526,40
8527,40
8528,34
8529,40
8530,40
8531,34
8532,40
8533,38
8534,36
8535,38
8536,38
8537,36
8538,38
8539,34
8540,34
8541,32
8542,38
8543,38
8544,36
8545,40
8546,36
8547,32
8548,40
8549,40
8550,34
8551,36
8552,38
8553,40
8554,40
8555,38
8556,36
8557,32
8558,36
8559,38
8560,34
8561,36
8562,38
8563,38
8564,34
8565,38
8566,40
8567,36
8568,40
8569,34
8570,38
8571,40
8572,36
8573,40
8574,40
8575,34
8576,38
8577,36
8578,38
8579,36
8580,36
8581,34
8582,38
8583,38
8584,32
8585,38
8586,36
8587,40
8588,40
8589,34
8590,38
8591,36
8592,40
8593,32
8594,40
8595,40
8596,38
8597,36
8598,38
8599,34
8600,34
8601,36
8602,38
8603,38
8604,36
8605,34
8606,34
8607,40
8608,38
8609,36
8610,38
8611,40
8612,40
8613,34
8614,40
8615,40
8616,36
8617,36
8618,38
8619,38
8620,34
8621,36
8622,38
8623,36
8624,38
8625,34
8626,38
8627,32
8628,40
8629,36
8630,36
8631,38
8632,40
8633,34
8634,40
8635,40
8636,40
8637,34
8638,38
8639,36
8640,36
8641,34
8642,36
8643,38
8644,34
8645,38
8646,36
8647,40
8648,38
8649,36
8650,38
8651,34
8652,38
8653,40
8654,40
8655,36
8656,40
8657,40
8658,36
8659,34
8660,38
8661,36
8662,38
8663,36
8664,34
8665,38
8666,38
8667,32
8668,34
8669,40
8670,36
8671,38
8672,34
8673,38
8674,40
8675,40
8676,40
8677,40
8678,36
8679,36
8680,34
8681,38
8682,34
8683,36
8684,36
8685,38
8686,40
8687,34
8688,38
8689,36
8690,36
8691,38
8692,40
8693,34
8694,38
8695,38
8696,36
8697,40
8698,40
8699,40
8700,34
8701,38
8702,36
8703,40
8704,36
8705,38
8706,34
8707,36
8708,38
8709,36
8710,34
8711,40
8712,36
8713,38
8714,34
8715,40
8716,36
8717,38
8718,40
8719,40
8720,38
8721,40
8722,34
8723,36
8724,38
8725,34
8726,36
8727,38
8728,40
8729,34
8730,38
8731,36
8732,34
8733,40
8734,38
8735,36
8736,38
8737,40
8738,36
8739,38
8740,40
8741,40
8742,36
8743,36
8744,34
8745,40
8746,38
8747,36
8748,34
8749,38
8750,34
8751,36
8752,40
8753,38
8754,34
8755,38
8756,36
8757,40
8758,34
8759,38
8760,40
8761,38
8762,36
8763,40
8764,40
8765,34
8766,36
8767,36
8768,38
8769,40
8770,36
8771,38
8772,36
8773,40
8774,38
8775,36
8776,38
8777,40
8778,34
8779,38
8780,36
8781,40
8782,38
8783,34
8784,40
8785,38
8786,40
8787,34
8788,36
8789,34
8790,36
8791,34
8792,36
8793,40
8794,34
8795,38
8796,36
8797,38
8798,40
8799,38
8800,36
8801,40
8802,38
8803,40
8804,38
8805,36
8806,38
8807,40
8808,36
8809,40
8810,36
8811,36
8812,34
8813,36
8814,34
8815,40
8816,34
8817,38
8818,34
8819,40
8820,38
8821,34
8822,38
8823,40
8824,38
8825,36
8826,40
8827,40
8828,38
8829,38
8830,38
8831,36
8832,36
8833,36
8834,40
8835,36
8836,36
8837,40
8838,36
8839,36
8840,40
8841,38
8842,38
8843,40
8844,38
8845,34
8846,40
8847,38
8848,38
8849,38
8850,34
8851,40
8852,34
8853,34
8854,34
8855,36
8856,36
8857,40
8858,36
8859,36
8860,40
8861,36
8862,36
8863,40
8864,36
8865,38
8866,40
8867,38
8868,38
8869,38
8870,38
8871,38
8872,38
8873,40
8874,34
8875,34
8876,40
8877,34
8878,34
8879,36
8880,36
8881,40
8882,36
8883,36
8884,36
8885,40
8886,36
8887,40
8888,40
8889,36
8890,38
8891,38
8892,38
8893,38
8894,38
8895,38
8896,38
8897,40
8898,40
8899,40
8900,34
8901,34
8902,40
8903,34
8904,34
8905,36
8906,36
8907,38
8908,36
8909,36
8910,36
8911,38
8912,40
8913,36
8914,38
8915,36
8916,38
8917,38
8918,38
8919,38
8920,40
8921,40
8922,40
8923,40
8924,40
8925,38
8926,38
8927,40
8928,38
8929,38
8930,36
8931,36
8932,34
8933,36
8934,34
8935,36
8936,38
8937,36
8938,34
8939,36
8940,38
8941,36
8942,38
8943,40
8944,40
8945,40
8946,40
8947,38
8948,38
8949,38
8950,38
8951,40
8952,38
8953,38
8954,38
8955,36
8956,36
8957,36
8958,36
8959,36
8960,36
8961,36
8962,34
8963,40
8964,34
8965,34
8966,40
8967,40
8968,40
8969,38
8970,40
8971,38
8972,38
8973,38
8974,40
8975,38
8976,38
8977,38
8978,36
8979,36
8980,40
8981,36
8982,36
8983,36
8984,36
8985,36
8986,40
8987,40
8988,34
8989,34
8990,38
8991,38
8992,40
8993,38
8994,38
8995,38
8996,40
8997,38
8998,40
8999,38
9000,36
9001,40
9002,36
9003,36
9004,36
9005,40
9006,36
9007,40
9008,36
9009,36
9010,38
9011,36
9012,34
9013,38
9014,40
9015,38
9016,38
9017,40
9018,38
9019,38
9020,40
9021,38
9022,40
9023,36
9024,36
9025,38
9026,36
9027,40
9028,36
9029,36
9030,38
9031,36
9032,38
9033,36
9034,40
9035,40
9036,34
9037,38
9038,38
9039,40
9040,38
9041,38
9042,40
9043,40
9044,36
9045,36
9046,38
9047,36
9048,40
9049,36
9050,38
9051,36
9052,38
9053,36
9054,40
9055,36
9056,40
9057,38
9058,36
9059,38
9060,40
9061,38
9062,38
9063,40
9064,38
9065,36
9066,38
9067,36
9068,40
9069,40
9070,36
9071,38
9072,36
9073,38
9074,36
9075,40
9076,38
9077,36
9078,40
9079,36
9080,38
9081,40
9082,38
9083,38
9084,40
9085,36
9086,36
9087,38
9088,36
9089,40
9090,40
9091,38
9092,36
9093,38
9094,36
9095,40
9096,38
9097,36
9098,40
9099,38
9100,36
9101,38
9102,38
9103,38
9104,40
9105,36
9106,38
9107,36
9108,40
9109,40
9110,38
9111,36
9112,36
9113,38
9114,40
9115,36
9116,38
9117,40
9118,38
9119,36
9120,38
9121,40
9122,38
9123,36
9124,40
9125,36
9126,38
9127,40
9128,36
9129,38
9130,40
9131,36
9132,40
9133,38
9134,36
9135,40
9136,38
9137,38
9138,36
9139,38
9140,38
9141,40
9142,40
9143,36
9144,38
9145,36
9146,40
9147,38
9148,40
9149,36
9150,38
9151,36
9152,38
9153,40
9154,40
9155,36
9156,38
9157,38
9158,38
9159,38
9160,40
9161,40
9162,36
9163,38
9164,40
9165,36
9166,40
9167,38
9168,36
9169,38
9170,38
9171,40
9172,36
9173,40
9174,38
9175,38
9176,36
9177,38
9178,40
9179,40
9180,36
9181,38
9182,40
9183,38
9184,36
9185,40
9186,38
9187,38
9188,36
9189,38
9190,40
9191,40
9192,38
9193,38
9194,40
9195,38
9196,36
9197,40
9198,38
9199,36
9200,38
9201,40
9202,40
9203,38
9204,36
9205,38
9206,38
9207,40
9208,40
9209,38
9210,36
9211,38
9212,38
9213,40
9214,36
9215,38
9216,38
9217,40
9218,36
9219,40
9220,38
9221,38
9222,40
9223,38
9224,40
9225,38
9226,40
9227,36
9228,38
9229,38
9230,40
9231,36
9232,38
9233,38
9234,40
9235,40
9236,38
9237,38
9238,38
9239,40
9240,36
9241,38
9242,40
9243,38
9244,36
9245,38
9246,40
9247,38
9248,38
9249,40
9250,40
9251,40
9252,38
9253,38
9254,38
9255,40
9256,36
9257,38
9258,40
9259,38
9260,40
9261,38
9262,38
9263,38
9264,40
9265,40
9266,38
9267,40
9268,36
9269,38
9270,40
9271,38
9272,40
9273,38
9274,40
9275,38
9276,40
9277,38
9278,40
9279,38
9280,38
9281,38
9282,40
9283,38
9284,40
9285,38
9286,40
9287,38
9288,40
9289,38
9290,40
9291,38
9292,40
9293,38
9294,38
9295,40
9296,38
9297,40
9298,40
9299,38
9300,40
9301,38
9302,38
9303,40
9304,38
9305,40
9306,38
9307,40
9308,38
9309,38
9310,40
9311,40
9312,40
9313,38
9314,38
9315,40
9316,38
9317,40
9318,38
9319,40
9320,38
9321,38
9322,40
9323,40
9324,38
9325,38
9326,40
9327,40
9328,40
9329,38
9330,40
9331,38
9332,38
9333,40
9334,40
9335,38
9336,40
9337,40
9338,38
9339,38
9340,40
9341,38
9342,40
9343,40
9344,40
9345,38
9346,40
9347,38
9348,40
9349,40
9350,38
9351,40
9352,40
9353,38
9354,40
9355,38
9356,40
9357,40
9358,40
9359,40
9360,40
9361,38
9362,40
9363,40
9364,40
9365,38
9366,40
9367,40
9368,40
9369,40
9370,40
9371,40
9372,40
9373,40
9374,40
9375,40
9376,40
9377,40
9378,40
9379,40
9380,40
9381,40
9382,40
9383,40
9384,40
9385,40
9386,40
9387,40
9388,40
9389,40
9390,40
