Id,bin
1,24
2,24
3,24
4,24
5,24
6,24
7,24
8,24
9,24
10,24
11,24
12,24
13,24
14,24
15,24
16,24
17,24
18,24
19,24
20,24
21,24
22,24
23,24
24,24
25,24
26,24
27,24
28,24
29,24
30,24
31,24
32,24
33,24
34,11
35,11
36,11
37,11
38,11
39,24
40,11
41,11
42,11
43,11
44,11
45,24
46,11
47,11
48,11
49,24
50,11
51,11
52,11
53,24
54,11
55,11
56,24
57,11
58,11
59,24
60,11
61,11
62,24
63,11
64,24
65,11
66,11
67,24
68,11
69,11
70,24
71,11
72,24
73,11
74,11
75,24
76,11
77,24
78,11
79,11
80,24
81,9
82,9
83,9
84,9
85,9
86,9
87,11
88,9
89,9
90,9
91,24
92,9
93,11
94,9
95,9
96,9
97,11
98,24
99,9
100,9
101,9
102,11
103,9
104,24
105,9
106,11
107,9
108,24
109,9
110,11
111,9
112,9
113,11
114,24
115,9
116,9
117,11
118,24
119,9
120,11
121,9
122,24
123,9
124,11
125,9
126,24
127,11
128,9
129,9
130,11
131,30
132,9
133,11
134,9
135,24
136,9
137,11
138,10
139,10
140,10
141,10
142,10
143,10
144,9
145,10
146,10
147,30
148,10
149,10
150,11
151,9
152,10
153,10
154,10
155,30
156,9
157,10
158,11
159,10
160,10
161,9
162,10
163,11
164,30
165,10
166,9
167,10
168,10
169,11
170,9
171,30
172,10
173,10
174,9
175,11
176,10
177,30
178,10
179,9
180,11
181,10
182,9
183,10
184,30
185,10
186,11
187,9
188,10
189,30
190,10
191,11
192,9
193,10
194,9
195,30
196,11
197,10
198,10
199,9
200,11
201,30
202,10
203,21
204,21
205,21
206,9
207,21
208,21
209,21
210,21
211,10
212,21
213,21
214,30
215,21
216,9
217,21
218,30
219,10
220,21
221,21
222,21
223,10
224,11
225,9
226,21
227,21
228,30
229,10
230,21
231,9
232,21
233,30
234,10
235,21
236,21
237,30
238,9
239,10
240,21
241,30
242,21
243,10
244,9
245,21
246,30
247,21
248,30
249,10
250,21
251,9
252,10
253,21
254,30
255,30
256,21
257,9
258,10
259,21
260,30
261,21
262,30
263,10
264,9
265,21
266,10
267,21
268,9
269,30
270,30
271,21
272,10
273,9
274,21
275,12
276,12
277,30
278,12
279,12
280,12
281,10
282,12
283,30
284,12
285,21
286,12
287,12
288,12
289,9
290,12
291,10
292,21
293,12
294,30
295,12
296,12
297,30
298,21
299,12
300,9
301,10
302,12
303,21
304,12
305,30
306,12
307,10
308,30
309,21
310,12
311,30
312,12
313,30
314,10
315,21
316,12
317,30
318,12
319,21
320,30
321,12
322,10
323,30
324,12
325,21
326,30
327,12
328,10
329,12
330,21
331,30
332,30
333,30
334,12
335,10
336,21
337,12
338,12
339,30
340,21
341,30
342,10
343,30
344,12
345,21
346,12
347,10
348,30
349,30
350,30
351,12
352,21
353,12
354,10
355,15
356,15
357,15
358,15
359,15
360,30
361,15
362,21
363,15
364,15
365,12
366,30
367,15
368,30
369,15
370,10
371,15
372,12
373,21
374,15
375,15
376,30
377,15
378,12
379,15
380,30
381,21
382,10
383,15
384,30
385,12
386,15
387,30
388,15
389,21
390,15
391,12
392,2
393,30
394,15
395,30
396,12
397,15
398,21
399,30
400,15
401,2
402,12
403,15
404,2
405,30
406,15
407,30
408,12
409,30
410,2
411,15
412,21
413,15
414,12
415,30
416,15
417,30
418,2
419,2
420,12
421,30
422,15
423,15
424,12
425,30
426,2
427,2
428,30
429,15
430,12
431,30
432,15
433,2
434,2
435,15
436,30
437,30
438,12
439,15
440,18
441,18
442,18
443,2
444,18
445,18
446,18
447,18
448,12
449,30
450,2
451,18
452,15
453,18
454,18
455,30
456,18
457,30
458,2
459,15
460,18
461,12
462,18
463,2
464,18
465,15
466,18
467,30
468,12
469,18
470,2
471,30
472,18
473,15
474,30
475,18
476,2
477,12
478,18
479,15
480,2
481,18
482,30
483,30
484,18
485,15
486,12
487,30
488,2
489,18
490,2
491,15
492,18
493,12
494,18
495,30
496,15
497,30
498,2
499,18
500,2
501,30
502,12
503,18
504,15
505,18
506,30
507,2
508,2
509,2
510,15
511,18
512,30
513,30
514,18
515,15
516,12
517,2
518,18
519,30
520,2
521,15
522,18
523,30
524,30
525,2
526,2
527,18
528,15
529,2
530,30
531,25
532,18
533,25
534,25
535,25
536,25
537,2
538,25
539,25
540,15
541,25
542,18
543,2
544,25
545,30
546,25
547,30
548,25
549,2
550,25
551,18
552,2
553,30
554,15
555,25
556,25
557,2
558,18
559,25
560,25
561,15
562,2
563,30
564,25
565,2
566,18
567,30
568,25
569,30
570,2
571,25
572,15
573,18
574,2
575,25
576,25
577,2
578,18
579,15
580,30
581,25
582,2
583,30
584,30
585,2
586,25
587,18
588,2
589,25
590,2
591,18
592,25
593,2
594,2
595,30
596,30
597,25
598,15
599,18
600,30
601,25
602,2
603,2
604,18
605,25
606,2
607,2
608,25
609,30
610,30
611,18
612,2
613,25
614,2
615,30
616,2
617,2
618,18
619,25
620,2
621,25
622,30
623,30
624,2
625,18
626,4
627,2
628,4
629,4
630,25
631,4
632,2
633,4
634,4
635,30
636,4
637,2
638,4
639,18
640,4
641,25
642,2
643,4
644,4
645,30
646,4
647,25
648,30
649,2
650,4
651,2
652,18
653,2
654,4
655,4
656,25
657,2
658,30
659,4
660,18
661,4
662,2
663,25
664,2
665,30
666,4
667,30
668,4
669,2
670,18
671,25
672,2
673,4
674,2
675,4
676,25
677,30
678,18
679,2
680,4
681,30
682,2
683,4
684,2
685,25
686,2
687,30
688,4
689,2
690,25
691,4
692,2
693,2
694,2
695,30
696,4
697,18
698,30
699,25
700,2
701,4
702,30
703,4
704,25
705,2
706,2
707,2
708,2
709,4
710,25
711,30
712,2
713,30
714,4
715,2
716,2
717,30
718,2
719,2
720,4
721,25
722,2
723,4
724,2
725,25
726,2
727,30
728,4
729,4
730,4
731,4
732,4
733,4
734,30
735,2
736,4
737,4
738,2
739,4
740,2
741,4
742,25
743,4
744,30
745,4
746,4
747,2
748,4
749,4
750,4
751,2
752,25
753,2
754,2
755,4
756,30
757,2
758,4
759,4
760,4
761,30
762,2
763,25
764,4
765,30
766,4
767,2
768,4
769,2
770,2
771,4
772,4
773,2
774,2
775,30
776,4
777,2
778,2
779,4
780,4
781,30
782,4
783,25
784,2
785,30
786,4
787,4
788,2
789,2
790,2
791,2
792,4
793,2
794,30
795,4
796,4
797,2
798,4
799,2
800,2
801,2
802,4
803,30
804,30
805,4
806,2
807,2
808,4
809,4
810,30
811,2
812,2
813,2
814,2
815,4
816,4
817,4
818,2
819,2
820,2
821,30
822,2
823,30
824,4
825,4
826,2
827,2
828,30
829,4
830,2
831,4
832,2
833,28
834,28
835,28
836,28
837,4
838,28
839,2
840,28
841,2
842,28
843,2
844,28
845,28
846,2
847,2
848,4
849,4
850,30
851,30
852,28
853,28
854,28
855,2
856,30
857,4
858,28
859,4
860,28
861,2
862,2
863,2
864,28
865,4
866,2
867,28
868,2
869,2
870,28
871,4
872,4
873,30
874,28
875,2
876,30
877,30
878,28
879,2
880,4
881,4
882,2
883,28
884,2
885,2
886,28
887,2
888,2
889,4
890,28
891,4
892,28
893,2
894,30
895,4
896,2
897,30
898,30
899,2
900,28
901,2
902,2
903,4
904,28
905,4
906,2
907,28
908,2
909,2
910,2
911,4
912,4
913,28
914,30
915,2
916,2
917,30
918,28
919,4
920,30
921,4
922,2
923,28
924,2
925,2
926,2
927,4
928,28
929,4
930,2
931,2
932,2
933,28
934,4
935,30
936,30
937,2
938,2
939,28
940,30
941,4
942,2
943,6
944,4
945,6
946,6
947,6
948,6
949,2
950,28
951,6
952,6
953,6
954,2
955,6
956,2
957,2
958,28
959,4
960,6
961,4
962,2
963,6
964,6
965,30
966,30
967,2
968,6
969,28
970,6
971,2
972,4
973,4
974,6
975,30
976,28
977,2
978,2
979,6
980,6
981,2
982,2
983,4
984,2
985,28
986,6
987,4
988,6
989,30
990,28
991,30
992,6
993,2
994,4
995,2
996,2
997,6
998,2
999,2
1000,4
1001,30
1002,28
1003,6
1004,2
1005,4
1006,6
1007,28
1008,2
1009,6
1010,2
1011,4
1012,30
1013,1
1014,2
1015,2
1016,6
1017,30
1018,2
1019,28
1020,6
1021,2
1022,1
1023,30
1024,2
1025,28
1026,1
1027,6
1028,2
1029,6
1030,28
1031,2
1032,2
1033,30
1034,2
1035,1
1036,6
1037,4
1038,30
1039,2
1040,2
1041,2
1042,28
1043,6
1044,1
1045,6
1046,30
1047,1
1048,28
1049,2
1050,2
1051,2
1052,6
1053,2
1054,2
1055,30
1056,1
1057,19
1058,19
1059,19
1060,19
1061,1
1062,19
1063,6
1064,2
1065,19
1066,1
1067,19
1068,30
1069,19
1070,19
1071,19
1072,6
1073,2
1074,1
1075,1
1076,2
1077,19
1078,2
1079,19
1080,2
1081,30
1082,19
1083,6
1084,1
1085,19
1086,2
1087,1
1088,19
1089,30
1090,1
1091,2
1092,6
1093,19
1094,2
1095,19
1096,2
1097,30
1098,1
1099,6
1100,2
1101,19
1102,1
1103,2
1104,1
1105,19
1106,6
1107,19
1108,1
1109,30
1110,2
1111,2
1112,19
1113,2
1114,2
1115,1
1116,2
1117,6
1118,1
1119,19
1120,2
1121,1
1122,19
1123,2
1124,30
1125,6
1126,19
1127,2
1128,1
1129,1
1130,1
1131,19
1132,6
1133,2
1134,2
1135,2
1136,2
1137,30
1138,19
1139,2
1140,6
1141,19
1142,1
1143,1
1144,2
1145,2
1146,1
1147,19
1148,30
1149,6
1150,2
1151,1
1152,19
1153,2
1154,1
1155,2
1156,2
1157,1
1158,6
1159,19
1160,2
1161,2
1162,30
1163,2
1164,1
1165,19
1166,6
1167,1
1168,2
1169,19
1170,30
1171,2
1172,1
1173,13
1174,13
1175,13
1176,1
1177,2
1178,13
1179,13
1180,6
1181,13
1182,19
1183,2
1184,13
1185,2
1186,13
1187,1
1188,13
1189,2
1190,13
1191,19
1192,2
1193,13
1194,6
1195,1
1196,13
1197,30
1198,1
1199,2
1200,13
1201,19
1202,2
1203,2
1204,13
1205,1
1206,13
1207,6
1208,30
1209,1
1210,19
1211,13
1212,2
1213,13
1214,2
1215,2
1216,1
1217,13
1218,6
1219,19
1220,2
1221,1
1222,2
1223,13
1224,2
1225,1
1226,2
1227,13
1228,19
1229,30
1230,6
1231,13
1232,1
1233,19
1234,13
1235,2
1236,1
1237,30
1238,1
1239,2
1240,2
1241,2
1242,2
1243,13
1244,6
1245,19
1246,13
1247,2
1248,2
1249,1
1250,1
1251,13
1252,1
1253,6
1254,19
1255,13
1256,30
1257,2
1258,2
1259,2
1260,2
1261,19
1262,13
1263,6
1264,1
1265,30
1266,2
1267,1
1268,1
1269,2
1270,13
1271,19
1272,13
1273,6
1274,2
1275,2
1276,1
1277,2
1278,13
1279,19
1280,1
1281,2
1282,1
1283,2
1284,30
1285,13
1286,6
1287,2
1288,2
1289,19
1290,1
1291,2
1292,13
1293,2
1294,20
1295,20
1296,20
1297,20
1298,1
1299,20
1300,6
1301,2
1302,20
1303,19
1304,13
1305,20
1306,1
1307,2
1308,20
1309,20
1310,1
1311,20
1312,2
1313,13
1314,2
1315,20
1316,19
1317,2
1318,20
1319,6
1320,20
1321,1
1322,30
1323,13
1324,2
1325,2
1326,20
1327,1
1328,20
1329,2
1330,30
1331,1
1332,19
1333,20
1334,13
1335,6
1336,20
1337,2
1338,20
1339,2
1340,1
1341,13
1342,19
1343,2
1344,2
1345,20
1346,2
1347,1
1348,1
1349,6
1350,20
1351,13
1352,2
1353,2
1354,19
1355,20
1356,30
1357,20
1358,1
1359,13
1360,2
1361,1
1362,6
1363,20
1364,19
1365,2
1366,2
1367,2
1368,1
1369,13
1370,2
1371,20
1372,2
1373,2
1374,20
1375,6
1376,1
1377,1
1378,13
1379,1
1380,20
1381,2
1382,20
1383,30
1384,1
1385,13
1386,2
1387,19
1388,2
1389,1
1390,2
1391,2
1392,20
1393,1
1394,1
1395,2
1396,13
1397,2
1398,2
1399,20
1400,1
1401,1
1402,20
1403,1
1404,13
1405,2
1406,1
1407,1
1408,1
1409,20
1410,1
1411,2
1412,2
1413,13
1414,7
1415,1
1416,2
1417,20
1418,2
1419,14
1420,14
1421,14
1422,2
1423,14
1424,14
1425,14
1426,1
1427,2
1428,1
1429,14
1430,1
1431,20
1432,13
1433,14
1434,2
1435,14
1436,1
1437,14
1438,1
1439,14
1440,20
1441,2
1442,14
1443,13
1444,2
1445,1
1446,14
1447,2
1448,20
1449,2
1450,14
1451,1
1452,14
1453,1
1454,13
1455,14
1456,30
1457,1
1458,1
1459,2
1460,20
1461,2
1462,1
1463,1
1464,14
1465,2
1466,14
1467,20
1468,13
1469,1
1470,14
1471,2
1472,2
1473,1
1474,14
1475,2
1476,1
1477,1
1478,20
1479,2
1480,1
1481,14
1482,13
1483,1
1484,14
1485,20
1486,2
1487,1
1488,14
1489,1
1490,1
1491,7
1492,7
1493,13
1494,20
1495,14
1496,2
1497,1
1498,1
1499,2
1500,2
1501,14
1502,2
1503,2
1504,1
1505,20
1506,13
1507,1
1508,1
1509,14
1510,1
1511,14
1512,20
1513,2
1514,13
1515,1
1516,1
1517,1
1518,14
1519,7
1520,1
1521,2
1522,2
1523,20
1524,7
1525,1
1526,14
1527,2
1528,1
1529,13
1530,2
1531,14
1532,2
1533,1
1534,20
1535,1
1536,14
1537,1
1538,1
1539,13
1540,1
1541,2
1542,20
1543,14
1544,2
1545,17
1546,1
1547,17
1548,17
1549,2
1550,17
1551,17
1552,17
1553,1
1554,17
1555,14
1556,17
1557,20
1558,7
1559,13
1560,17
1561,7
1562,1
1563,7
1564,1
1565,2
1566,17
1567,17
1568,1
1569,14
1570,1
1571,2
1572,1
1573,17
1574,20
1575,17
1576,13
1577,17
1578,14
1579,2
1580,1
1581,17
1582,1
1583,1
1584,2
1585,17
1586,20
1587,1
1588,14
1589,1
1590,17
1591,1
1592,13
1593,17
1594,1
1595,2
1596,14
1597,7
1598,7
1599,20
1600,17
1601,7
1602,1
1603,2
1604,17
1605,1
1606,14
1607,13
1608,17
1609,1
1610,1
1611,1
1612,1
1613,20
1614,2
1615,1
1616,17
1617,14
1618,1
1619,17
1620,1
1621,13
1622,1
1623,20
1624,2
1625,17
1626,14
1627,17
1628,1
1629,7
1630,1
1631,7
1632,7
1633,1
1634,14
1635,1
1636,3
1637,13
1638,17
1639,7
1640,1
1641,1
1642,2
1643,1
1644,2
1645,17
1646,14
1647,20
1648,17
1649,3
1650,1
1651,1
1652,1
1653,14
1654,17
1655,1
1656,1
1657,1
1658,1
1659,3
1660,17
1661,7
1662,1
1663,14
1664,7
1665,7
1666,13
1667,1
1668,17
1669,7
1670,1
1671,2
1672,1
1673,3
1674,1
1675,14
1676,1
1677,17
1678,27
1679,27
1680,27
1681,27
1682,27
1683,3
1684,27
1685,2
1686,27
1687,1
1688,27
1689,17
1690,14
1691,27
1692,1
1693,3
1694,1
1695,27
1696,1
1697,27
1698,1
1699,17
1700,27
1701,1
1702,1
1703,7
1704,27
1705,3
1706,7
1707,14
1708,1
1709,7
1710,27
1711,17
1712,3
1713,7
1714,27
1715,7
1716,27
1717,1
1718,14
1719,17
1720,1
1721,27
1722,7
1723,1
1724,3
1725,1
1726,1
1727,27
1728,3
1729,1
1730,17
1731,27
1732,14
1733,1
1734,27
1735,1
1736,1
1737,17
1738,27
1739,3
1740,3
1741,7
1742,7
1743,14
1744,7
1745,27
1746,7
1747,1
1748,1
1749,1
1750,17
1751,1
1752,27
1753,7
1754,1
1755,7
1756,3
1757,1
1758,27
1759,1
1760,14
1761,3
1762,17
1763,27
1764,1
1765,17
1766,1
1767,27
1768,1
1769,14
1770,3
1771,1
1772,1
1773,7
1774,3
1775,27
1776,1
1777,7
1778,7
1779,17
1780,1
1781,1
1782,27
1783,7
1784,14
1785,7
1786,3
1787,17
1788,27
1789,1
1790,1
1791,7
1792,3
1793,1
1794,1
1795,3
1796,27
1797,17
1798,1
1799,1
1800,3
1801,27
1802,1
1803,7
1804,14
1805,7
1806,3
1807,1
1808,1
1809,17
1810,7
1811,27
1812,29
1813,29
1814,29
1815,29
1816,29
1817,1
1818,1
1819,29
1820,7
1821,29
1822,3
1823,7
1824,29
1825,27
1826,29
1827,17
1828,29
1829,3
1830,29
1831,1
1832,1
1833,27
1834,29
1835,3
1836,1
1837,1
1838,7
1839,29
1840,1
1841,17
1842,29
1843,3
1844,1
1845,27
1846,29
1847,3
1848,1
1849,1
1850,29
1851,7
1852,7
1853,27
1854,17
1855,29
1856,3
1857,7
1858,7
1859,29
1860,3
1861,3
1862,1
1863,27
1864,1
1865,1
1866,29
1867,1
1868,7
1869,7
1870,17
1871,1
1872,29
1873,1
1874,27
1875,29
1876,3
1877,3
1878,3
1879,7
1880,1
1881,29
1882,3
1883,27
1884,29
1885,1
1886,1
1887,7
1888,7
1889,1
1890,1
1891,7
1892,29
1893,3
1894,17
1895,3
1896,7
1897,3
1898,3
1899,1
1900,1
1901,29
1902,7
1903,7
1904,29
1905,1
1906,3
1907,1
1908,3
1909,1
1910,1
1911,29
1912,3
1913,3
1914,3
1915,1
1916,29
1917,1
1918,7
1919,3
1920,1
1921,7
1922,7
1923,7
1924,3
1925,29
1926,3
1927,1
1928,1
1929,7
1930,7
1931,3
1932,29
1933,1
1934,3
1935,3
1936,3
1937,29
1938,3
1939,7
1940,7
1941,1
1942,1
1943,26
1944,1
1945,26
1946,29
1947,26
1948,3
1949,3
1950,26
1951,26
1952,3
1953,26
1954,1
1955,26
1956,26
1957,3
1958,1
1959,29
1960,26
1961,7
1962,3
1963,1
1964,7
1965,7
1966,26
1967,3
1968,7
1969,26
1970,3
1971,7
1972,26
1973,29
1974,26
1975,7
1976,3
1977,26
1978,1
1979,3
1980,1
1981,1
1982,29
1983,3
1984,26
1985,1
1986,1
1987,3
1988,3
1989,26
1990,7
1991,1
1992,26
1993,29
1994,3
1995,1
1996,26
1997,3
1998,26
1999,3
2000,29
2001,3
2002,7
2003,7
2004,7
2005,26
2006,3
2007,3
2008,3
2009,7
2010,1
2011,1
2012,7
2013,26
2014,29
2015,1
2016,7
2017,1
2018,26
2019,7
2020,3
2021,3
2022,3
2023,3
2024,29
2025,26
2026,1
2027,26
2028,3
2029,1
2030,7
2031,29
2032,3
2033,3
2034,26
2035,1
2036,1
2037,3
2038,7
2039,3
2040,7
2041,7
2042,26
2043,1
2044,29
2045,1
2046,7
2047,3
2048,7
2049,26
2050,3
2051,7
2052,3
2053,29
2054,3
2055,3
2056,26
2057,7
2058,3
2059,1
2060,3
2061,1
2062,26
2063,29
2064,1
2065,3
2066,1
2067,26
2068,7
2069,7
2070,3
2071,3
2072,1
2073,3
2074,7
2075,29
2076,7
2077,26
2078,3
2079,1
2080,7
2081,3
2082,7
2083,16
2084,16
2085,16
2086,16
2087,26
2088,16
2089,29
2090,3
2091,16
2092,1
2093,1
2094,16
2095,16
2096,3
2097,7
2098,1
2099,1
2100,16
2101,26
2102,3
2103,7
2104,16
2105,3
2106,16
2107,3
2108,29
2109,16
2110,3
2111,3
2112,26
2113,1
2114,16
2115,16
2116,7
2117,7
2118,29
2119,3
2120,16
2121,26
2122,7
2123,7
2124,7
2125,3
2126,16
2127,1
2128,3
2129,3
2130,1
2131,3
2132,16
2133,26
2134,1
2135,7
2136,1
2137,29
2138,16
2139,3
2140,16
2141,3
2142,26
2143,3
2144,3
2145,16
2146,1
2147,7
2148,7
2149,29
2150,16
2151,26
2152,3
2153,3
2154,7
2155,7
2156,16
2157,1
2158,1
2159,7
2160,3
2161,29
2162,3
2163,7
2164,16
2165,26
2166,3
2167,3
2168,1
2169,7
2170,7
2171,16
2172,26
2173,7
2174,29
2175,16
2176,3
2177,3
2178,3
2179,1
2180,3
2181,16
2182,3
2183,26
2184,1
2185,1
2186,3
2187,7
2188,16
2189,3
2190,7
2191,7
2192,3
2193,7
2194,7
2195,1
2196,26
2197,16
2198,3
2199,7
2200,3
2201,7
2202,3
2203,29
2204,3
2205,16
2206,26
2207,7
2208,3
2209,1
2210,16
2211,1
2212,7
2213,1
2214,3
2215,3
2216,26
2217,3
2218,16
2219,3
2220,3
2221,23
2222,23
2223,1
2224,23
2225,3
2226,3
2227,23
2228,23
2229,7
2230,16
2231,7
2232,23
2233,26
2234,7
2235,23
2236,7
2237,3
2238,23
2239,7
2240,23
2241,7
2242,16
2243,23
2244,3
2245,23
2246,1
2247,7
2248,3
2249,3
2250,23
2251,1
2252,3
2253,3
2254,1
2255,16
2256,23
2257,3
2258,3
2259,23
2260,3
2261,7
2262,23
2263,7
2264,16
2265,26
2266,1
2267,23
2268,3
2269,3
2270,23
2271,3
2272,7
2273,16
2274,7
2275,23
2276,3
2277,3
2278,7
2279,3
2280,1
2281,3
2282,7
2283,23
2284,7
2285,16
2286,1
2287,1
2288,23
2289,3
2290,3
2291,3
2292,3
2293,7
2294,7
2295,3
2296,23
2297,16
2298,23
2299,1
2300,3
2301,3
2302,23
2303,3
2304,3
2305,16
2306,7
2307,7
2308,3
2309,1
2310,3
2311,3
2312,23
2313,7
2314,7
2315,7
2316,3
2317,16
2318,1
2319,23
2320,3
2321,7
2322,1
2323,3
2324,3
2325,23
2326,3
2327,16
2328,7
2329,3
2330,3
2331,23
2332,1
2333,7
2334,3
2335,3
2336,7
2337,3
2338,23
2339,1
2340,16
2341,3
2342,23
2343,3
2344,3
2345,3
2346,1
2347,7
2348,7
2349,7
2350,16
2351,3
2352,7
2353,3
2354,7
2355,23
2356,1
2357,3
2358,7
2359,16
2360,23
2361,3
2362,3
2363,1
2364,3
2365,8
2366,8
2367,3
2368,8
2369,8
2370,1
2371,8
2372,3
2373,8
2374,23
2375,7
2376,8
2377,3
2378,3
2379,7
2380,16
2381,8
2382,8
2383,3
2384,3
2385,8
2386,23
2387,1
2388,8
2389,7
2390,8
2391,7
2392,7
2393,3
2394,16
2395,8
2396,23
2397,7
2398,3
2399,7
2400,8
2401,7
2402,3
2403,3
2404,3
2405,3
2406,3
2407,8
2408,23
2409,7
2410,1
2411,1
2412,16
2413,8
2414,7
2415,3
2416,8
2417,3
2418,23
2419,3
2420,3
2421,8
2422,1
2423,16
2424,8
2425,7
2426,7
2427,3
2428,23
2429,3
2430,8
2431,7
2432,3
2433,3
2434,7
2435,8
2436,3
2437,7
2438,16
2439,3
2440,3
2441,23
2442,3
2443,1
2444,8
2445,7
2446,7
2447,1
2448,7
2449,8
2450,23
2451,16
2452,3
2453,3
2454,7
2455,3
2456,8
2457,1
2458,7
2459,3
2460,3
2461,8
2462,23
2463,3
2464,3
2465,16
2466,3
2467,8
2468,3
2469,7
2470,7
2471,7
2472,23
2473,7
2474,1
2475,7
2476,3
2477,8
2478,3
2479,1
2480,3
2481,16
2482,3
2483,7
2484,8
2485,23
2486,3
2487,1
2488,8
2489,3
2490,7
2491,7
2492,3
2493,3
2494,16
2495,7
2496,23
2497,3
2498,3
2499,8
2500,3
2501,7
2502,3
2503,3
2504,3
2505,8
2506,23
2507,7
2508,7
2509,16
2510,5
2511,5
2512,5
2513,5
2514,5
2515,7
2516,7
2517,1
2518,5
2519,8
2520,5
2521,3
2522,5
2523,7
2524,3
2525,5
2526,23
2527,3
2528,3
2529,3
2530,5
2531,7
2532,1
2533,3
2534,8
2535,3
2536,16
2537,5
2538,5
2539,3
2540,5
2541,23
2542,8
2543,5
2544,3
2545,7
2546,1
2547,7
2548,5
2549,3
2550,7
2551,3
2552,8
2553,5
2554,7
2555,23
2556,3
2557,3
2558,7
2559,5
2560,3
2561,3
2562,1
2563,7
2564,5
2565,7
2566,8
2567,3
2568,16
2569,3
2570,3
2571,7
2572,1
2573,5
2574,3
2575,23
2576,5
2577,8
2578,7
2579,7
2580,5
2581,3
2582,3
2583,3
2584,3
2585,23
2586,8
2587,5
2588,3
2589,3
2590,3
2591,3
2592,7
2593,5
2594,7
2595,3
2596,7
2597,8
2598,1
2599,7
2600,1
2601,5
2602,3
2603,3
2604,7
2605,1
2606,3
2607,7
2608,5
2609,8
2610,3
2611,3
2612,3
2613,7
2614,5
2615,23
2616,7
2617,3
2618,3
2619,7
2620,3
2621,8
2622,5
2623,3
2624,3
2625,7
2626,3
2627,3
2628,1
2629,5
2630,8
2631,3
2632,3
2633,7
2634,3
2635,1
2636,5
2637,3
2638,7
2639,7
2640,1
2641,7
2642,8
2643,1
2644,5
2645,7
2646,3
2647,3
2648,3
2649,3
2650,3
2651,3
2652,7
2653,5
2654,3
2655,1
2656,3
2657,1
2658,8
2659,1
2660,1
2661,1
2662,1
2663,1
2664,7
2665,3
2666,1
2667,7
2668,5
2669,7
2670,1
2671,3
2672,1
2673,1
2674,3
2675,8
2676,1
2677,5
2678,1
2679,3
2680,7
2681,1
2682,7
2683,1
2684,1
2685,3
2686,1
2687,3
2688,3
2689,3
2690,7
2691,5
2692,1
2693,8
2694,7
2695,3
2696,1
2697,3
2698,3
2699,3
2700,7
2701,1
2702,7
2703,5
2704,3
2705,3
2706,1
2707,8
2708,3
2709,1
2710,5
2711,3
2712,3
2713,1
2714,7
2715,7
2716,7
2717,1
2718,3
2719,3
2720,8
2721,1
2722,3
2723,3
2724,1
2725,5
2726,7
2727,7
2728,1
2729,3
2730,1
2731,3
2732,7
2733,3
2734,1
2735,5
2736,8
2737,7
2738,3
2739,3
2740,7
2741,1
2742,3
2743,3
2744,3
2745,3
2746,7
2747,5
2748,1
2749,3
2750,8
2751,7
2752,3
2753,1
2754,1
2755,3
2756,5
2757,3
2758,1
2759,3
2760,3
2761,1
2762,7
2763,1
2764,8
2765,7
2766,3
2767,3
2768,7
2769,1
2770,5
2771,1
2772,7
2773,3
2774,7
2775,1
2776,7
2777,3
2778,8
2779,3
2780,5
2781,3
2782,3
2783,3
2784,1
2785,3
2786,7
2787,7
2788,3
2789,7
2790,3
2791,3
2792,1
2793,5
2794,8
2795,3
2796,7
2797,1
2798,1
2799,1
2800,22
2801,22
2802,3
2803,22
2804,22
2805,22
2806,1
2807,5
2808,22
2809,7
2810,3
2811,22
2812,7
2813,3
2814,22
2815,3
2816,3
2817,8
2818,1
2819,3
2820,22
2821,22
2822,3
2823,7
2824,3
2825,7
2826,22
2827,5
2828,3
2829,1
2830,22
2831,3
2832,22
2833,7
2834,3
2835,8
2836,22
2837,3
2838,1
2839,7
2840,5
2841,22
2842,7
2843,7
2844,3
2845,3
2846,22
2847,7
2848,3
2849,1
2850,3
2851,1
2852,22
2853,1
2854,41
2855,38
2856,40
2857,38
2858,38
2859,42
2860,40
2861,44
2862,43
2863,47
2864,42
2865,41
2866,42
2867,43
2868,35
2869,40
2870,38
2871,38
2872,40
2873,42
2874,43
2875,35
2876,44
2877,38
2878,47
2879,38
2880,44
2881,42
2882,44
2883,42
2884,38
2885,40
2886,35
2887,38
2888,43
2889,41
2890,47
2891,41
2892,44
2893,47
2894,40
2895,35
2896,41
2897,42
2898,47
2899,38
2900,40
2901,44
2902,38
2903,42
2904,35
2905,47
2906,43
2907,38
2908,42
2909,35
2910,44
2911,44
2912,47
2913,43
2914,40
2915,40
2916,42
2917,38
2918,35
2919,43
2920,38
2921,42
2922,38
2923,35
2924,38
2925,40
2926,44
2927,47
2928,42
2929,42
2930,41
2931,41
2932,35
2933,44
2934,41
2935,43
2936,38
2937,35
2938,40
2939,47
2940,42
2941,40
2942,42
2943,38
2944,38
2945,44
2946,43
2947,42
2948,40
2949,47
2950,35
2951,35
2952,35
2953,35
2954,35
2955,47
2956,35
2957,40
2958,35
2959,35
2960,42
2961,47
2962,35
2963,38
2964,35
2965,35
2966,44
2967,42
2968,35
2969,43
2970,43
2971,42
2972,35
2973,47
2974,35
2975,38
2976,38
2977,35
2978,42
2979,41
2980,35
2981,41
2982,40
2983,40
2984,44
2985,35
2986,47
2987,35
2988,41
2989,38
2990,42
2991,35
2992,40
2993,40
2994,42
2995,44
2996,42
2997,43
2998,35
2999,35
3000,35
3001,43
3002,38
3003,43
3004,35
3005,38
3006,44
3007,42
3008,42
3009,35
3010,35
3011,42
3012,38
3013,40
3014,40
3015,35
3016,47
3017,47
3018,40
3019,43
3020,35
3021,41
3022,43
3023,35
3024,47
3025,42
3026,44
3027,42
3028,40
3029,41
3030,38
3031,46
3032,47
3033,44
3034,42
3035,38
3036,35
3037,41
3038,38
3039,46
3040,42
3041,47
3042,46
3043,42
3044,40
3045,43
3046,40
3047,35
3048,41
3049,40
3050,40
3051,46
3052,42
3053,42
3054,38
3055,43
3056,35
3057,46
3058,42
3059,40
3060,38
3061,42
3062,44
3063,44
3064,46
3065,43
3066,41
3067,42
3068,44
3069,35
3070,42
3071,43
3072,46
3073,40
3074,47
3075,47
3076,38
3077,41
3078,38
3079,47
3080,42
3081,40
3082,42
3083,40
3084,46
3085,35
3086,35
3087,47
3088,38
3089,46
3090,41
3091,42
3092,41
3093,40
3094,35
3095,43
3096,46
3097,46
3098,46
3099,46
3100,35
3101,46
3102,46
3103,46
3104,35
3105,46
3106,44
3107,46
3108,42
3109,42
3110,44
3111,46
3112,40
3113,38
3114,44
3115,43
3116,35
3117,46
3118,46
3119,41
3120,46
3121,40
3122,38
3123,41
3124,42
3125,46
3126,40
3127,35
3128,35
3129,46
3130,46
3131,35
3132,46
3133,41
3134,43
3135,46
3136,42
3137,46
3138,40
3139,42
3140,46
3141,35
3142,47
3143,35
3144,47
3145,47
3146,35
3147,46
3148,42
3149,38
3150,38
3151,46
3152,41
3153,47
3154,46
3155,43
3156,38
3157,44
3158,44
3159,44
3160,46
3161,40
3162,43
3163,35
3164,46
3165,35
3166,42
3167,46
3168,40
3169,41
3170,35
3171,42
3172,46
3173,42
3174,43
3175,46
3176,41
3177,35
3178,46
3179,40
3180,38
3181,35
3182,41
3183,38
3184,38
3185,46
3186,46
3187,43
3188,35
3189,42
3190,35
3191,46
3192,42
3193,40
3194,42
3195,46
3196,44
3197,40
3198,35
3199,46
3200,41
3201,44
3202,40
3203,41
3204,47
3205,47
3206,46
3207,46
3208,46
3209,47
3210,35
3211,47
3212,38
3213,41
3214,38
3215,46
3216,40
3217,42
3218,38
3219,35
3220,43
3221,35
3222,46
3223,46
3224,46
3225,42
3226,41
3227,43
3228,41
3229,40
3230,35
3231,46
3232,46
3233,46
3234,46
3235,40
3236,44
3237,46
3238,43
3239,42
3240,35
3241,40
3242,45
3243,38
3244,45
3245,38
3246,45
3247,45
3248,45
3249,44
3250,46
3251,45
3252,41
3253,45
3254,46
3255,38
3256,42
3257,45
3258,40
3259,35
3260,45
3261,46
3262,46
3263,45
3264,41
3265,41
3266,45
3267,45
3268,46
3269,45
3270,35
3271,47
3272,38
3273,47
3274,45
3275,42
3276,47
3277,45
3278,45
3279,47
3280,46
3281,43
3282,42
3283,46
3284,46
3285,35
3286,45
3287,38
3288,41
3289,41
3290,45
3291,45
3292,40
3293,42
3294,40
3295,43
3296,44
3297,45
3298,38
3299,46
3300,46
3301,35
3302,45
3303,45
3304,40
3305,44
3306,42
3307,46
3308,43
3309,45
3310,35
3311,41
3312,45
3313,45
3314,38
3315,46
3316,44
3317,42
3318,46
3319,45
3320,38
3321,42
3322,41
3323,45
3324,45
3325,46
3326,35
3327,46
3328,35
3329,38
3330,37
3331,42
3332,40
3333,40
3334,45
3335,41
3336,46
3337,47
3338,44
3339,43
3340,37
3341,41
3342,40
3343,47
3344,43
3345,46
3346,47
3347,46
3348,45
3349,45
3350,42
3351,44
3352,42
3353,43
3354,38
3355,35
3356,38
3357,46
3358,46
3359,45
3360,45
3361,46
3362,42
3363,41
3364,43
3365,45
3366,44
3367,38
3368,46
3369,45
3370,45
3371,46
3372,43
3373,40
3374,45
3375,40
3376,35
3377,46
3378,38
3379,37
3380,42
3381,42
3382,40
3383,41
3384,45
3385,42
3386,42
3387,37
3388,38
3389,37
3390,37
3391,46
3392,37
3393,37
3394,46
3395,37
3396,41
3397,46
3398,37
3399,44
3400,37
3401,37
3402,45
3403,37
3404,43
3405,47
3406,37
3407,43
3408,46
3409,37
3410,38
3411,47
3412,35
3413,37
3414,43
3415,37
3416,45
3417,37
3418,42
3419,45
3420,46
3421,47
3422,44
3423,45
3424,41
3425,42
3426,37
3427,37
3428,40
3429,35
3430,41
3431,37
3432,38
3433,40
3434,37
3435,42
3436,45
3437,45
3438,37
3439,46
3440,38
3441,40
3442,37
3443,41
3444,35
3445,37
3446,45
3447,46
3448,41
3449,37
3450,37
3451,42
3452,45
3453,44
3454,37
3455,42
3456,45
3457,42
3458,41
3459,35
3460,37
3461,37
3462,45
3463,46
3464,37
3465,45
3466,45
3467,42
3468,35
3469,40
3470,38
3471,37
3472,43
3473,44
3474,45
3475,37
3476,43
3477,47
3478,40
3479,41
3480,38
3481,43
3482,37
3483,47
3484,45
3485,45
3486,37
3487,42
3488,40
3489,37
3490,41
3491,35
3492,46
3493,38
3494,47
3495,45
3496,42
3497,46
3498,37
3499,37
3500,45
3501,35
3502,43
3503,44
3504,44
3505,37
3506,45
3507,42
3508,37
3509,45
3510,37
3511,41
3512,45
3513,38
3514,40
3515,46
3516,46
3517,42
3518,38
3519,35
3520,48
3521,40
3522,37
3523,44
3524,42
3525,46
3526,45
3527,48
3528,42
3529,45
3530,45
3531,44
3532,40
3533,48
3534,48
3535,48
3536,48
3537,43
3538,43
3539,37
3540,48
3541,48
3542,48
3543,41
3544,47
3545,46
3546,48
3547,46
3548,42
3549,48
3550,48
3551,41
3552,37
3553,48
3554,47
3555,48
3556,37
3557,45
3558,37
3559,35
3560,48
3561,44
3562,44
3563,35
3564,48
3565,41
3566,46
3567,48
3568,38
3569,48
3570,47
3571,38
3572,38
3573,35
3574,48
3575,37
3576,37
3577,45
3578,48
3579,48
3580,42
3581,40
3582,37
3583,41
3584,46
3585,48
3586,45
3587,44
3588,48
3589,48
3590,37
3591,42
3592,37
3593,35
3594,40
3595,48
3596,35
3597,44
3598,46
3599,48
3600,48
3601,37
3602,45
3603,37
3604,48
3605,45
3606,45
3607,35
3608,37
3609,43
3610,48
3611,48
3612,38
3613,41
3614,43
3615,38
3616,44
3617,40
3618,44
3619,41
3620,43
3621,48
3622,42
3623,37
3624,37
3625,48
3626,48
3627,46
3628,41
3629,40
3630,46
3631,47
3632,45
3633,37
3634,42
3635,37
3636,35
3637,48
3638,48
3639,48
3640,45
3641,41
3642,44
3643,48
3644,47
3645,40
3646,37
3647,35
3648,48
3649,37
3650,50
3651,48
3652,44
3653,37
3654,45
3655,42
3656,38
3657,50
3658,46
3659,46
3660,42
3661,48
3662,38
3663,40
3664,37
3665,50
3666,45
3667,35
3668,37
3669,48
3670,42
3671,44
3672,48
3673,50
3674,40
3675,43
3676,43
3677,50
3678,50
3679,50
3680,50
3681,37
3682,43
3683,50
3684,41
3685,45
3686,50
3687,50
3688,48
3689,35
3690,50
3691,50
3692,37
3693,48
3694,43
3695,41
3696,37
3697,50
3698,46
3699,50
3700,46
3701,44
3702,50
3703,40
3704,50
3705,45
3706,50
3707,41
3708,43
3709,42
3710,50
3711,48
3712,50
3713,42
3714,38
3715,46
3716,50
3717,37
3718,50
3719,37
3720,45
3721,35
3722,37
3723,50
3724,38
3725,44
3726,47
3727,50
3728,50
3729,50
3730,40
3731,48
3732,50
3733,35
3734,46
3735,50
3736,40
3737,50
3738,45
3739,46
3740,48
3741,44
3742,50
3743,37
3744,50
3745,37
3746,50
3747,48
3748,45
3749,50
3750,46
3751,43
3752,43
3753,41
3754,42
3755,50
3756,50
3757,42
3758,40
3759,50
3760,48
3761,43
3762,38
3763,40
3764,41
3765,35
3766,50
3767,48
3768,46
3769,37
3770,45
3771,37
3772,43
3773,50
3774,44
3775,50
3776,38
3777,50
3778,35
3779,46
3780,50
3781,37
3782,48
3783,47
3784,44
3785,50
3786,40
3787,50
3788,48
3789,50
3790,38
3791,46
3792,36
3793,48
3794,37
3795,50
3796,44
3797,45
3798,42
3799,47
3800,45
3801,42
3802,36
3803,48
3804,50
3805,35
3806,48
3807,37
3808,38
3809,50
3810,46
3811,36
3812,40
3813,35
3814,36
3815,36
3816,44
3817,48
3818,36
3819,36
3820,36
3821,50
3822,36
3823,43
3824,41
3825,38
3826,37
3827,36
3828,50
3829,36
3830,43
3831,48
3832,41
3833,48
3834,36
3835,46
3836,36
3837,36
3838,43
3839,36
3840,45
3841,41
3842,36
3843,45
3844,50
3845,37
3846,50
3847,36
3848,36
3849,38
3850,40
3851,36
3852,43
3853,48
3854,48
3855,44
3856,35
3857,36
3858,46
3859,35
3860,42
3861,48
3862,36
3863,37
3864,50
3865,36
3866,35
3867,50
3868,36
3869,42
3870,43
3871,44
3872,36
3873,36
3874,50
3875,50
3876,45
3877,38
3878,36
3879,46
3880,37
3881,48
3882,45
3883,36
3884,48
3885,36
3886,38
3887,50
3888,40
3889,47
3890,37
3891,36
3892,36
3893,36
3894,45
3895,36
3896,50
3897,41
3898,41
3899,50
3900,35
3901,35
3902,41
3903,36
3904,36
3905,38
3906,36
3907,41
3908,48
3909,48
3910,42
3911,46
3912,40
3913,41
3914,37
3915,36
3916,37
3917,43
3918,36
3919,45
3920,36
3921,46
3922,44
3923,50
3924,37
3925,42
3926,50
3927,36
3928,36
3929,43
3930,36
3931,44
3932,48
3933,38
3934,36
3935,45
3936,48
3937,38
3938,36
3939,50
3940,50
3941,36
3942,49
3943,37
3944,45
3945,43
3946,35
3947,40
3948,48
3949,35
3950,46
3951,49
3952,49
3953,49
3954,49
3955,36
3956,45
3957,49
3958,36
3959,49
3960,35
3961,48
3962,49
3963,49
3964,46
3965,50
3966,38
3967,49
3968,49
3969,48
3970,50
3971,49
3972,49
3973,40
3974,49
3975,47
3976,41
3977,49
3978,49
3979,42
3980,41
3981,36
3982,41
3983,45
3984,49
3985,37
3986,44
3987,49
3988,48
3989,37
3990,50
3991,49
3992,41
3993,49
3994,49
3995,48
3996,44
3997,50
3998,49
3999,36
4000,48
4001,49
4002,38
4003,38
4004,49
4005,43
4006,45
4007,46
4008,46
4009,44
4010,49
4011,49
4012,35
4013,36
4014,49
4015,46
4016,49
4017,36
4018,43
4019,35
4020,49
4021,37
4022,50
4023,50
4024,48
4025,40
4026,49
4027,49
4028,45
4029,33
4030,37
4031,38
4032,48
4033,33
4034,36
4035,49
4036,42
4037,36
4038,49
4039,43
4040,33
4041,40
4042,45
4043,50
4044,33
4045,49
4046,50
4047,46
4048,46
4049,44
4050,48
4051,33
4052,49
4053,41
4054,37
4055,36
4056,36
4057,44
4058,45
4059,42
4060,33
4061,41
4062,35
4063,48
4064,33
4065,38
4066,44
4067,37
4068,47
4069,45
4070,41
4071,49
4072,33
4073,50
4074,35
4075,33
4076,40
4077,36
4078,50
4079,36
4080,33
4081,43
4082,33
4083,45
4084,33
4085,33
4086,33
4087,33
4088,33
4089,49
4090,40
4091,48
4092,33
4093,38
4094,33
4095,33
4096,48
4097,42
4098,33
4099,48
4100,33
4101,36
4102,50
4103,33
4104,33
4105,33
4106,46
4107,33
4108,36
4109,43
4110,45
4111,46
4112,37
4113,50
4114,39
4115,49
4116,38
4117,33
4118,33
4119,45
4120,46
4121,39
4122,33
4123,36
4124,42
4125,33
4126,33
4127,48
4128,33
4129,49
4130,36
4131,50
4132,45
4133,43
4134,36
4135,38
4136,35
4137,33
4138,39
4139,48
4140,44
4141,33
4142,44
4143,41
4144,39
4145,50
4146,44
4147,49
4148,41
4149,39
4150,33
4151,49
4152,33
4153,37
4154,40
4155,39
4156,42
4157,36
4158,45
4159,45
4160,42
4161,41
4162,33
4163,36
4164,39
4165,47
4166,46
4167,40
4168,45
4169,50
4170,48
4171,33
4172,39
4173,49
4174,49
4175,33
4176,50
4177,48
4178,46
4179,39
4180,43
4181,37
4182,38
4183,33
4184,39
4185,36
4186,33
4187,42
4188,49
4189,36
4190,49
4191,39
4192,35
4193,37
4194,39
4195,43
4196,33
4197,39
4198,50
4199,38
4200,39
4201,50
4202,39
4203,39
4204,39
4205,50
4206,39
4207,49
4208,39
4209,45
4210,39
4211,39
4212,39
4213,36
4214,46
4215,39
4216,37
4217,49
4218,39
4219,48
4220,44
4221,33
4222,44
4223,39
4224,36
4225,39
4226,46
4227,44
4228,42
4229,39
4230,44
4231,37
4232,39
4233,39
4234,42
4235,43
4236,40
4237,39
4238,33
4239,39
4240,41
4241,46
4242,39
4243,33
4244,50
4245,48
4246,36
4247,39
4248,40
4249,39
4250,39
4251,50
4252,49
4253,50
4254,39
4255,41
4256,39
4257,36
4258,39
4259,33
4260,33
4261,39
4262,42
4263,38
4264,39
4265,35
4266,48
4267,39
4268,43
4269,34
4270,45
4271,37
4272,49
4273,45
4274,49
4275,34
4276,41
4277,39
4278,37
4279,39
4280,33
4281,33
4282,38
4283,36
4284,34
4285,50
4286,46
4287,34
4288,36
4289,50
4290,39
4291,48
4292,39
4293,35
4294,34
4295,49
4296,39
4297,43
4298,46
4299,39
4300,49
4301,33
4302,34
4303,42
4304,44
4305,39
4306,40
4307,48
4308,34
4309,34
4310,44
4311,34
4312,34
4313,34
4314,34
4315,40
4316,34
4317,34
4318,36
4319,34
4320,39
4321,44
4322,34
4323,50
4324,34
4325,36
4326,34
4327,37
4328,45
4329,34
4330,40
4331,49
4332,39
4333,33
4334,34
4335,35
4336,37
4337,34
4338,34
4339,34
4340,42
4341,45
4342,41
4343,50
4344,49
4345,43
4346,34
4347,34
4348,38
4349,48
4350,34
4351,39
4352,39
4353,34
4354,34
4355,46
4356,34
4357,34
4358,41
4359,33
4360,33
4361,34
4362,36
4363,48
4364,36
4365,34
4366,38
4367,34
4368,34
4369,39
4370,50
4371,39
4372,35
4373,34
4374,49
4375,46
4376,34
4377,34
4378,34
4379,43
4380,41
4381,50
4382,34
4383,33
4384,37
4385,39
4386,42
4387,34
4388,37
4389,33
4390,37
4391,39
4392,34
4393,31
4394,31
4395,31
4396,31
4397,34
4398,31
4399,31
4400,48
4401,31
4402,34
4403,34
4404,49
4405,31
4406,45
4407,36
4408,31
4409,31
4410,40
4411,46
4412,34
4413,34
4414,49
4415,40
4416,31
4417,40
4418,34
4419,31
4420,34
4421,36
4422,50
4423,33
4424,44
4425,31
4426,31
4427,35
4428,39
4429,43
4430,31
4431,38
4432,45
4433,33
4434,31
4435,31
4436,34
4437,44
4438,31
4439,34
4440,34
4441,31
4442,31
4443,38
4444,50
4445,31
4446,31
4447,31
4448,31
4449,31
4450,34
4451,31
4452,31
4453,49
4454,31
4455,31
4456,31
4457,39
4458,31
4459,33
4460,49
4461,44
4462,31
4463,36
4464,34
4465,31
4466,31
4467,48
4468,46
4469,35
4470,37
4471,31
4472,34
4473,31
4474,31
4475,38
4476,34
4477,31
4478,31
4479,48
4480,33
4481,37
4482,31
4483,43
4484,31
4485,36
4486,31
4487,31
4488,31
4489,31
4490,31
4491,31
4492,31
4493,34
4494,31
4495,31
4496,34
4497,31
4498,31
4499,50
4500,31
4501,39
4502,31
4503,41
4504,31
4505,31
4506,31
4507,31
4508,45
4509,31
4510,34
4511,39
4512,31
4513,42
4514,31
4515,31
4516,31
4517,31
4518,31
4519,34
4520,31
4521,31
4522,49
4523,31
4524,33
4525,31
4526,31
4527,34
4528,31
4529,31
4530,31
4531,31
4532,31
4533,31
4534,50
4535,46
4536,31
4537,31
4538,31
4539,31
4540,31
4541,31
4542,31
4543,33
4544,31
4545,36
4546,31
4547,31
4548,31
4549,31
4550,31
4551,32
4552,32
4553,32
4554,31
4555,45
4556,32
4557,31
4558,39
4559,34
4560,32
4561,34
4562,31
4563,32
4564,32
4565,31
4566,31
4567,32
4568,32
4569,32
4570,31
4571,32
4572,32
4573,32
4574,32
4575,32
4576,32
4577,41
4578,32
4579,32
4580,32
4581,32
4582,32
4583,32
4584,32
4585,31
4586,32
4587,31
4588,35
4589,31
4590,34
4591,32
4592,31
4593,32
4594,32
4595,39
4596,32
4597,31
4598,31
4599,43
4600,32
4601,31
4602,36
4603,40
4604,32
4605,32
4606,31
4607,40
4608,48
4609,31
4610,31
4611,40
4612,32
4613,48
4614,37
4615,31
4616,31
4617,38
4618,32
4619,34
4620,33
4621,31
4622,34
4623,31
4624,39
4625,44
4626,31
4627,50
4628,49
4629,33
4630,37
4631,31
4632,46
4633,32
4634,31
4635,38
4636,32
4637,35
4638,31
4639,31
4640,39
4641,49
4642,44
4643,41
4644,50
4645,31
4646,34
4647,31
4648,34
4649,31
4650,45
4651,42
4652,32
4653,39
4654,31
4655,32
4656,31
4657,36
4658,33
4659,44
4660,33
4661,34
4662,31
4663,42
4664,34
4665,49
4666,39
4667,46
4668,45
4669,31
4670,32
4671,48
4672,48
4673,34
4674,32
4675,50
4676,34
4677,48
4678,49
4679,43
4680,31
4681,44
4682,35
4683,34
4684,50
4685,37
4686,33
4687,39
4688,33
4689,31
4690,31
4691,45
4692,34
4693,36
4694,49
4695,40
4696,40
4697,34
4698,38
4699,37
4700,31
4701,46
4702,31
4703,40
4704,41
4705,38
4706,49
4707,39
4708,33
4709,31
4710,44
4711,50
4712,34
4713,43
4714,50
4715,48
4716,42
4717,33
4718,34
4719,31
4720,36
4721,32
4722,45
4723,48
4724,46
4725,44
4726,33
4727,35
4728,49
4729,31
4730,43
4731,34
4732,34
4733,39
4734,37
4735,39
4736,44
4737,49
4738,35
4739,33
4740,31
4741,45
4742,34
4743,37
4744,34
4745,50
4746,50
4747,39
4748,33
4749,36
4750,31
4751,48
4752,46
4753,39
4754,44
4755,49
4756,43
4757,31
4758,48
4759,38
4760,38
4761,33
4762,40
4763,34
4764,31
4765,42
4766,45
4767,49
4768,40
4769,34
4770,42
4771,46
4772,48
4773,31
4774,31
4775,33
4776,39
4777,41
4778,44
4779,35
4780,34
4781,50
4782,36
4783,50
4784,32
4785,33
4786,49
4787,34
4788,31
4789,37
4790,45
4791,44
4792,48
4793,43
4794,35
4795,49
4796,39
4797,34
4798,48
4799,33
4800,31
4801,41
4802,46
4803,44
4804,34
4805,39
4806,45
4807,48
4808,34
4809,36
4810,36
4811,31
4812,49
4813,39
4814,45
4815,38
4816,50
4817,38
4818,33
4819,42
4820,40
4821,44
4822,42
4823,34
4824,33
4825,50
4826,31
4827,34
4828,40
4829,37
4830,43
4831,35
4832,39
4833,45
4834,48
4835,39
4836,40
4837,46
4838,31
4839,34
4840,49
4841,36
4842,41
4843,34
4844,33
4845,36
4846,33
4847,46
4848,48
4849,37
4850,50
4851,44
4852,32
4853,39
4854,34
4855,31
4856,50
4857,34
4858,43
4859,45
4860,44
4861,48
4862,41
4863,49
4864,33
4865,38
4866,38
4867,48
4868,39
4869,49
4870,38
4871,35
4872,39
4873,31
4874,37
4875,36
4876,34
4877,34
4878,38
4879,35
4880,50
4881,46
4882,44
4883,40
4884,48
4885,31
4886,37
4887,50
4888,46
4889,34
4890,39
4891,33
4892,39
4893,34
4894,43
4895,40
4896,49
4897,49
4898,31
4899,45
4900,36
4901,48
4902,50
4903,41
4904,44
4905,34
4906,34
4907,36
4908,39
4909,37
4910,32
4911,39
4912,33
4913,42
4914,35
4915,42
4916,33
4917,48
4918,35
4919,38
4920,50
4921,44
4922,43
4923,31
4924,49
4925,37
4926,46
4927,41
4928,38
4929,34
4930,36
4931,39
4932,45
4933,39
4934,50
4935,40
4936,31
4937,48
4938,33
4939,44
4940,36
4941,45
4942,33
4943,34
4944,40
4945,49
4946,37
4947,34
4948,50
4949,48
4950,31
4951,43
4952,39
4953,49
4954,40
4955,41
4956,33
4957,37
4958,35
4959,42
4960,34
4961,35
4962,42
4963,46
4964,31
4965,50
4966,33
4967,36
4968,38
4969,34
4970,45
4971,48
4972,33
4973,44
4974,38
4975,39
4976,45
4977,34
4978,32
4979,43
4980,50
4981,39
4982,41
4983,49
4984,48
4985,40
4986,37
4987,34
4988,33
4989,44
4990,31
4991,48
4992,39
4993,36
4994,40
4995,50
4996,33
4997,35
4998,39
4999,46
5000,48
5001,35
5002,34
5003,46
5004,42
5005,41
5006,45
5007,40
5008,49
5009,36
5010,31
5011,33
5012,41
5013,42
5014,37
5015,34
5016,50
5017,37
5018,38
5019,36
5020,34
5021,33
5022,39
5023,31
5024,44
5025,50
5026,48
5027,40
5028,34
5029,49
5030,33
5031,43
5032,48
5033,41
5034,36
5035,31
5036,34
5037,46
5038,40
5039,35
5040,45
5041,44
5042,39
5043,50
5044,45
5045,33
5046,35
5047,49
5048,37
5049,42
5050,34
5051,37
5052,50
5053,31
5054,39
5055,42
5056,40
5057,49
5058,48
5059,43
5060,44
5061,36
5062,39
5063,38
5064,48
5065,33
5066,34
5067,31
5068,40
5069,49
5070,50
5071,38
5072,39
5073,45
5074,46
5075,45
5076,46
5077,36
5078,33
5079,37
5080,34
5081,35
5082,41
5083,37
5084,31
5085,34
5086,40
5087,43
5088,36
5089,42
5090,33
5091,48
5092,44
5093,50
5094,39
5095,42
5096,49
5097,31
5098,40
5099,34
5100,50
5101,34
5102,33
5103,38
5104,36
5105,43
5106,44
5107,39
5108,45
5109,37
5110,36
5111,37
5112,46
5113,38
5114,39
5115,48
5116,44
5117,46
5118,34
5119,31
5120,48
5121,49
5122,35
5123,50
5124,33
5125,42
5126,50
5127,40
5128,39
5129,41
5130,36
5131,44
5132,42
5133,31
5134,39
5135,43
5136,34
5137,49
5138,40
5139,33
5140,42
5141,37
5142,37
5143,45
5144,48
5145,33
5146,45
5147,48
5148,31
5149,50
5150,39
5151,46
5152,34
5153,34
5154,36
5155,44
5156,38
5157,41
5158,35
5159,36
5160,44
5161,49
5162,35
5163,32
5164,33
5165,38
5166,33
5167,34
5168,39
5169,42
5170,34
5171,37
5172,48
5173,37
5174,50
5175,41
5176,44
5177,45
5178,50
5179,36
5180,45
5181,43
5182,42
5183,36
5184,40
5185,49
5186,46
5187,31
5188,33
5189,39
5190,34
5191,39
5192,46
5193,38
5194,44
5195,35
5196,40
5197,41
5198,31
5199,50
5200,48
5201,50
5202,48
5203,36
5204,37
5205,49
5206,38
5207,34
5208,42
5209,33
5210,45
5211,33
5212,34
5213,39
5214,45
5215,31
5216,44
5217,46
5218,42
5219,41
5220,40
5221,34
5222,46
5223,41
5224,34
5225,36
5226,36
5227,50
5228,39
5229,49
5230,33
5231,33
5232,42
5233,50
5234,48
5235,35
5236,37
5237,44
5238,37
5239,40
5240,34
5241,35
5242,41
5243,45
5244,38
5245,34
5246,39
5247,46
5248,33
5249,33
5250,49
5251,36
5252,42
5253,36
5254,50
5255,31
5256,46
5257,40
5258,50
5259,40
5260,41
5261,48
5262,34
5263,48
5264,46
5265,42
5266,34
5267,41
5268,37
5269,39
5270,31
5271,33
5272,45
5273,49
5274,35
5275,49
5276,40
5277,44
5278,36
5279,38
5280,45
5281,34
5282,50
5283,41
5284,50
5285,34
5286,48
5287,35
5288,46
5289,39
5290,48
5291,33
5292,40
5293,38
5294,33
5295,37
5296,34
5297,46
5298,49
5299,44
5300,42
5301,36
5302,45
5303,34
5304,36
5305,35
5306,41
5307,50
5308,39
5309,45
5310,31
5311,40
5312,48
5313,33
5314,42
5315,44
5316,33
5317,48
5318,46
5319,35
5320,49
5321,34
5322,41
5323,37
5324,49
5325,31
5326,34
5327,46
5328,36
5329,38
5330,37
5331,44
5332,42
5333,50
5334,39
5335,44
5336,33
5337,34
5338,50
5339,45
5340,35
5341,33
5342,48
5343,34
5344,41
5345,49
5346,40
5347,42
5348,45
5349,37
5350,44
5351,35
5352,36
5353,39
5354,34
5355,50
5356,46
5357,33
5358,37
5359,41
5360,50
5361,34
5362,33
5363,38
5364,42
5365,40
5366,45
5367,49
5368,48
5369,46
5370,31
5371,39
5372,44
5373,36
5374,45
5375,48
5376,39
5377,42
5378,36
5379,34
5380,40
5381,35
5382,41
5383,33
5384,31
5385,37
5386,44
5387,46
5388,50
5389,34
5390,33
5391,37
5392,48
5393,44
5394,42
5395,38
5396,49
5397,39
5398,34
5399,46
5400,40
5401,48
5402,36
5403,45
5404,33
5405,34
5406,44
5407,50
5408,37
5409,42
5410,33
5411,35
5412,31
5413,38
5414,45
5415,39
5416,49
5417,50
5418,41
5419,40
5420,37
5421,39
5422,34
5423,36
5424,35
5425,48
5426,46
5427,38
5428,31
5429,44
5430,45
5431,33
5432,40
5433,36
5434,39
5435,48
5436,49
5437,46
5438,44
5439,34
5440,42
5441,50
5442,45
5443,39
5444,38
5445,37
5446,49
5447,48
5448,33
5449,34
5450,40
5451,41
5452,35
5453,46
5454,36
5455,37
5456,34
5457,38
5458,33
5459,48
5460,39
5461,44
5462,40
5463,50
5464,46
5465,49
5466,45
5467,34
5468,42
5469,33
5470,37
5471,31
5472,44
5473,50
5474,38
5475,36
5476,39
5477,33
5478,45
5479,37
5480,35
5481,40
5482,48
5483,34
5484,42
5485,31
5486,44
5487,50
5488,49
5489,39
5490,38
5491,45
5492,37
5493,46
5494,44
5495,50
5496,34
5497,42
5498,36
5499,33
5500,34
5501,40
5502,38
5503,37
5504,45
5505,48
5506,39
5507,36
5508,49
5509,35
5510,40
5511,34
5512,42
5513,31
5514,33
5515,44
5516,48
5517,50
5518,49
5519,37
5520,46
5521,38
5522,39
5523,35
5524,44
5525,33
5526,36
5527,50
5528,34
5529,37
5530,31
5531,42
5532,45
5533,40
5534,46
5535,39
5536,49
5537,50
5538,48
5539,42
5540,40
5541,34
5542,37
5543,34
5544,46
5545,33
5546,44
5547,36
5548,38
5549,50
5550,35
5551,48
5552,39
5553,44
5554,45
5555,49
5556,34
5557,42
5558,36
5559,46
5560,31
5561,40
5562,48
5563,33
5564,37
5565,35
5566,49
5567,40
5568,45
5569,39
5570,50
5571,34
5572,31
5573,48
5574,35
5575,33
5576,38
5577,44
5578,37
5579,36
5580,33
5581,40
5582,50
5583,42
5584,46
5585,39
5586,37
5587,49
5588,40
5589,34
5590,50
5591,35
5592,45
5593,33
5594,38
5595,48
5596,36
5597,39
5598,35
5599,37
5600,38
5601,34
5602,50
5603,34
5604,44
5605,49
5606,46
5607,42
5608,37
5609,40
5610,36
5611,33
5612,40
5613,45
5614,39
5615,35
5616,48
5617,31
5618,49
5619,34
5620,38
5621,37
5622,46
5623,50
5624,33
5625,38
5626,33
5627,48
5628,45
5629,36
5630,44
5631,39
5632,42
5633,34
5634,40
5635,49
5636,48
5637,45
5638,35
5639,40
5640,33
5641,50
5642,37
5643,39
5644,38
5645,46
5646,34
5647,31
5648,36
5649,48
5650,42
5651,45
5652,49
5653,35
5654,50
5655,44
5656,37
5657,33
5658,40
5659,39
5660,31
5661,35
5662,36
5663,34
5664,37
5665,40
5666,36
5667,46
5668,38
5669,48
5670,49
5671,45
5672,42
5673,33
5674,50
5675,39
5676,34
5677,37
5678,35
5679,36
5680,40
5681,46
5682,48
5683,49
5684,40
5685,33
5686,38
5687,46
5688,50
5689,39
5690,31
5691,34
5692,38
5693,45
5694,50
5695,42
5696,36
5697,37
5698,35
5699,49
5700,48
5701,31
5702,33
5703,46
5704,40
5705,39
5706,34
5707,50
5708,40
5709,45
5710,38
5711,50
5712,45
5713,38
5714,36
5715,42
5716,37
5717,49
5718,33
5719,34
5720,34
5721,35
5722,48
5723,46
5724,50
5725,40
5726,36
5727,45
5728,40
5729,49
5730,38
5731,37
5732,31
5733,33
5734,39
5735,34
5736,42
5737,48
5738,42
5739,50
5740,35
5741,50
5742,46
5743,36
5744,31
5745,49
5746,45
5747,34
5748,33
5749,40
5750,39
5751,37
5752,38
5753,38
5754,48
5755,42
5756,50
5757,35
5758,50
5759,35
5760,36
5761,34
5762,33
5763,46
5764,39
5765,33
5766,45
5767,37
5768,40
5769,48
5770,38
5771,38
5772,50
5773,31
5774,42
5775,36
5776,49
5777,34
5778,35
5779,33
5780,39
5781,46
5782,45
5783,37
5784,37
5785,31
5786,48
5787,50
5788,34
5789,40
5790,36
5791,38
5792,39
5793,49
5794,33
5795,42
5796,42
5797,35
5798,46
5799,45
5800,37
5801,48
5802,34
5803,50
5804,50
5805,34
5806,36
5807,33
5808,33
5809,38
5810,38
5811,42
5812,35
5813,35
5814,31
5815,46
5816,45
5817,37
5818,34
5819,48
5820,50
5821,39
5822,36
5823,33
5824,49
5825,38
5826,42
5827,42
5828,35
5829,34
5830,46
5831,45
5832,45
5833,39
5834,37
5835,48
5836,33
5837,50
5838,49
5839,36
5840,31
5841,34
5842,42
5843,38
5844,42
5845,35
5846,46
5847,39
5848,45
5849,37
5850,33
5851,48
5852,50
5853,36
5854,36
5855,31
5856,34
5857,39
5858,33
5859,49
5860,46
5861,35
5862,46
5863,36
5864,45
5865,42
5866,37
5867,50
5868,48
5869,38
5870,34
5871,34
5872,33
5873,49
5874,36
5875,50
5876,48
5877,37
5878,45
5879,45
5880,46
5881,35
5882,42
5883,31
5884,38
5885,34
5886,39
5887,33
5888,49
5889,36
5890,50
5891,48
5892,37
5893,45
5894,46
5895,35
5896,34
5897,42
5898,42
5899,39
5900,33
5901,49
5902,36
5903,50
5904,31
5905,48
5906,37
5907,45
5908,46
5909,35
5910,34
5911,42
5912,42
5913,33
5914,49
5915,31
5916,36
5917,50
5918,48
5919,37
5920,34
5921,37
5922,46
5923,46
5924,39
5925,35
5926,42
5927,33
5928,49
5929,36
5930,34
5931,50
5932,48
5933,37
5934,39
5935,45
5936,46
5937,33
5938,35
5939,42
5940,49
5941,31
5942,36
5943,50
5944,34
5945,48
5946,37
5947,39
5948,45
5949,46
5950,33
5951,35
5952,42
5953,36
5954,34
5955,50
5956,48
5957,39
5958,37
5959,45
5960,33
5961,46
5962,31
5963,35
5964,49
5965,35
5966,36
5967,34
5968,50
5969,48
5970,33
5971,37
5972,31
5973,45
5974,49
5975,46
5976,36
5977,34
5978,35
5979,50
5980,39
5981,48
5982,37
5983,33
5984,45
5985,34
5986,36
5987,46
5988,35
5989,50
5990,39
5991,48
5992,33
5993,37
5994,31
5995,45
5996,49
5997,46
5998,34
5999,36
6000,35
6001,50
6002,33
6003,48
6004,49
6005,37
6006,34
6007,45
6008,36
6009,46
6010,50
6011,39
6012,48
6013,33
6014,31
6015,37
6016,36
6017,45
6018,34
6019,50
6020,46
6021,48
6022,33
6023,37
6024,49
6025,34
6026,45
6027,36
6028,46
6029,39
6030,48
6031,48
6032,49
6033,34
6034,45
6035,36
6036,39
6037,46
6038,50
6039,31
6040,33
6041,48
6042,36
6043,45
6044,34
6045,46
6046,50
6047,39
6048,48
6049,34
6050,49
6051,37
6052,50
6053,45
6054,39
6055,48
6056,31
6057,49
6058,37
6059,36
6060,34
6061,45
6062,50
6063,33
6064,48
6065,34
6066,36
6067,45
6068,50
6069,39
6070,34
6071,48
6072,49
6073,37
6074,39
6075,50
6076,31
6077,48
6078,33
6079,37
6080,34
6081,36
6082,48
6083,33
6084,34
6085,37
6086,36
6087,39
6088,50
6089,31
6090,48
6091,49
6092,39
6093,50
6094,33
6095,48
6096,34
6097,36
6098,33
6099,48
6100,34
6101,49
6102,39
6103,50
6104,31
6105,49
6106,34
6107,50
6108,33
6109,34
6110,36
6111,39
6112,31
6113,33
6114,34
6115,34
