Id,Group
1,124
2,124
3,124
4,124
5,124
6,124
7,124
8,124
9,124
10,124
11,124
12,124
13,124
14,124
15,124
16,138
17,124
18,138
19,138
20,138
21,138
22,138
23,138
24,138
25,138
26,138
27,138
28,138
29,138
30,138
31,138
32,67
33,138
34,24
35,24
36,24
37,24
38,24
39,67
40,24
41,24
42,24
43,24
44,24
45,67
46,24
47,24
48,24
49,67
50,24
51,24
52,39
53,67
54,39
55,39
56,67
57,39
58,39
59,67
60,39
61,39
62,67
63,39
64,67
65,39
66,39
67,67
68,39
69,39
70,67
71,39
72,67
73,39
74,39
75,67
76,39
77,67
78,39
79,39
80,67
81,27
82,27
83,27
84,27
85,27
86,27
87,123
88,27
89,27
90,27
91,67
92,27
93,39
94,27
95,27
96,27
97,123
98,67
99,105
100,27
101,105
102,123
103,105
104,71
105,105
106,123
107,105
108,67
109,105
110,123
111,105
112,105
113,123
114,71
115,105
116,105
117,123
118,71
119,105
120,123
121,105
122,71
123,105
124,123
125,105
126,71
127,123
128,105
129,105
130,123
131,71
132,105
133,123
134,105
135,71
136,105
137,123
138,12
139,12
140,12
141,12
142,12
143,12
144,64
145,12
146,12
147,71
148,12
149,12
150,123
151,64
152,12
153,12
154,12
155,71
156,64
157,12
158,123
159,12
160,12
161,64
162,12
163,123
164,71
165,12
166,64
167,12
168,12
169,123
170,64
171,71
172,12
173,38
174,64
175,56
176,12
177,71
178,38
179,64
180,56
181,38
182,64
183,38
184,71
185,38
186,56
187,64
188,38
189,71
190,38
191,56
192,64
193,38
194,64
195,71
196,56
197,38
198,38
199,64
200,56
201,71
202,38
203,18
204,18
205,18
206,64
207,18
208,18
209,18
210,18
211,38
212,18
213,18
214,56
215,18
216,64
217,18
218,71
219,38
220,18
221,18
222,18
223,38
224,56
225,64
226,18
227,61
228,99
229,38
230,18
231,94
232,61
233,56
234,38
235,61
236,61
237,71
238,94
239,38
240,61
241,56
242,61
243,80
244,94
245,61
246,99
247,61
248,56
249,38
250,61
251,94
252,80
253,61
254,99
255,56
256,61
257,94
258,80
259,61
260,56
261,61
262,99
263,80
264,94
265,61
266,80
267,61
268,94
269,56
270,99
271,61
272,80
273,94
274,61
275,33
276,33
277,56
278,33
279,33
280,33
281,80
282,33
283,99
284,33
285,90
286,33
287,33
288,33
289,94
290,33
291,80
292,90
293,33
294,56
295,33
296,21
297,99
298,90
299,33
300,94
301,80
302,21
303,90
304,33
305,96
306,21
307,80
308,94
309,90
310,21
311,99
312,21
313,56
314,80
315,90
316,21
317,94
318,21
319,90
320,99
321,21
322,80
323,96
324,21
325,90
326,94
327,21
328,80
329,21
330,90
331,99
332,96
333,94
334,21
335,80
336,90
337,21
338,21
339,99
340,90
341,94
342,80
343,96
344,21
345,90
346,21
347,80
348,94
349,99
350,96
351,21
352,90
353,21
354,80
355,16
356,16
357,16
358,16
359,16
360,17
361,16
362,90
363,16
364,16
365,21
366,96
367,16
368,99
369,16
370,46
371,16
372,21
373,90
374,16
375,16
376,17
377,16
378,82
379,16
380,96
381,90
382,80
383,122
384,99
385,21
386,16
387,17
388,122
389,90
390,122
391,82
392,46
393,96
394,122
395,99
396,82
397,122
398,90
399,17
400,122
401,46
402,82
403,122
404,75
405,96
406,122
407,17
408,82
409,99
410,46
411,122
412,90
413,122
414,82
415,96
416,122
417,17
418,46
419,75
420,82
421,99
422,122
423,122
424,82
425,96
426,46
427,75
428,17
429,122
430,82
431,86
432,122
433,75
434,46
435,122
436,96
437,17
438,82
439,122
440,32
441,32
442,32
443,75
444,32
445,32
446,32
447,32
448,82
449,99
450,46
451,32
452,122
453,32
454,32
455,17
456,32
457,96
458,75
459,122
460,32
461,82
462,32
463,46
464,32
465,77
466,32
467,86
468,82
469,89
470,75
471,17
472,89
473,122
474,96
475,89
476,46
477,82
478,89
479,77
480,75
481,89
482,17
483,86
484,89
485,77
486,82
487,96
488,46
489,89
490,75
491,77
492,89
493,116
494,89
495,17
496,77
497,86
498,46
499,89
500,75
501,96
502,82
503,89
504,77
505,89
506,17
507,75
508,46
509,116
510,77
511,89
512,86
513,96
514,89
515,77
516,116
517,75
518,89
519,17
520,46
521,77
522,89
523,86
524,53
525,116
526,75
527,62
528,77
529,46
530,17
531,15
532,89
533,15
534,15
535,15
536,15
537,116
538,15
539,15
540,77
541,15
542,62
543,75
544,15
545,96
546,15
547,86
548,15
549,46
550,15
551,62
552,116
553,17
554,77
555,15
556,15
557,75
558,62
559,15
560,44
561,77
562,116
563,53
564,15
565,46
566,62
567,86
568,44
569,47
570,75
571,44
572,77
573,62
574,116
575,44
576,44
577,26
578,62
579,77
580,53
581,44
582,75
583,47
584,86
585,116
586,44
587,62
588,77
589,44
590,46
591,62
592,44
593,75
594,116
595,53
596,47
597,44
598,77
599,62
600,86
601,44
602,26
603,116
604,62
605,44
606,48
607,75
608,44
609,53
610,47
611,62
612,77
613,44
614,116
615,86
616,26
617,144
618,62
619,44
620,48
621,44
622,47
623,53
624,116
625,62
626,29
627,75
628,29
629,29
630,44
631,29
632,26
633,29
634,29
635,86
636,29
637,48
638,29
639,62
640,29
641,44
642,116
643,29
644,29
645,47
646,29
647,44
648,53
649,144
650,29
651,48
652,62
653,26
654,29
655,29
656,92
657,116
658,86
659,111
660,62
661,111
662,48
663,92
664,144
665,47
666,111
667,53
668,111
669,26
670,146
671,92
672,116
673,111
674,48
675,111
676,92
677,86
678,146
679,144
680,111
681,47
682,116
683,111
684,26
685,92
686,48
687,53
688,111
689,146
690,92
691,111
692,144
693,51
694,48
695,86
696,111
697,146
698,47
699,92
700,26
701,111
702,53
703,111
704,92
705,48
706,144
707,146
708,116
709,111
710,92
711,47
712,26
713,86
714,79
715,146
716,48
717,53
718,51
719,144
720,111
721,92
722,146
723,79
724,48
725,92
726,26
727,47
728,142
729,142
730,142
731,79
732,142
733,142
734,86
735,51
736,142
737,142
738,144
739,142
740,146
741,142
742,92
743,79
744,53
745,142
746,142
747,48
748,142
749,79
750,142
751,26
752,92
753,146
754,51
755,142
756,47
757,144
758,142
759,79
760,31
761,86
762,48
763,92
764,31
765,53
766,79
767,146
768,31
769,51
770,26
771,31
772,79
773,92
774,144
775,47
776,31
777,48
778,146
779,31
780,79
781,86
782,31
783,92
784,51
785,53
786,31
787,79
788,48
789,26
790,146
791,144
792,31
793,45
794,47
795,79
796,31
797,51
798,31
799,146
800,48
801,92
802,79
803,106
804,53
805,31
806,26
807,144
808,31
809,79
810,47
811,45
812,146
813,51
814,48
815,31
816,79
817,31
818,144
819,45
820,26
821,106
822,146
823,53
824,31
825,79
826,100
827,51
828,47
829,102
830,45
831,14
832,146
833,147
834,147
835,147
836,147
837,102
838,147
839,144
840,147
841,26
842,147
843,100
844,147
845,147
846,45
847,51
848,102
849,79
850,53
851,106
852,147
853,147
854,147
855,146
856,145
857,102
858,147
859,14
860,147
861,45
862,144
863,100
864,147
865,102
866,26
867,143
868,51
869,146
870,143
871,14
872,102
873,145
874,143
875,45
876,106
877,145
878,143
879,100
880,102
881,14
882,144
883,143
884,54
885,51
886,143
887,145
888,45
889,102
890,143
891,14
892,143
893,100
894,53
895,102
896,54
897,145
898,106
899,45
900,143
901,144
902,51
903,14
904,143
905,102
906,145
907,143
908,100
909,45
910,54
911,14
912,102
913,143
914,145
915,144
916,51
917,145
918,143
919,102
920,106
921,14
922,45
923,143
924,145
925,100
926,54
927,102
928,143
929,14
930,51
931,45
932,144
933,143
934,102
935,145
936,145
937,54
938,100
939,143
940,106
941,14
942,145
943,72
944,66
945,72
946,72
947,72
948,72
949,45
950,143
951,72
952,72
953,72
954,51
955,72
956,54
957,8
958,55
959,14
960,72
961,102
962,100
963,72
964,72
965,145
966,145
967,45
968,72
969,55
970,72
971,145
972,66
973,14
974,72
975,106
976,55
977,54
978,51
979,28
980,28
981,100
982,8
983,66
984,45
985,55
986,28
987,14
988,28
989,145
990,55
991,145
992,28
993,54
994,66
995,145
996,8
997,28
998,45
999,100
1000,14
1001,106
1002,55
1003,28
1004,8
1005,66
1006,28
1007,55
1008,54
1009,28
1010,45
1011,14
1012,145
1013,66
1014,145
1015,51
1016,28
1017,145
1018,100
1019,55
1020,28
1021,8
1022,58
1023,106
1024,54
1025,55
1026,66
1027,28
1028,113
1029,28
1030,55
1031,100
1032,8
1033,145
1034,145
1035,66
1036,28
1037,58
1038,145
1039,113
1040,54
1041,8
1042,55
1043,28
1044,66
1045,28
1046,106
1047,58
1048,55
1049,100
1050,8
1051,113
1052,28
1053,54
1054,145
1055,145
1056,66
1057,149
1058,149
1059,149
1060,149
1061,55
1062,149
1063,28
1064,8
1065,149
1066,58
1067,149
1068,145
1069,149
1070,149
1071,149
1072,87
1073,100
1074,55
1075,66
1076,113
1077,149
1078,8
1079,149
1080,54
1081,106
1082,149
1083,87
1084,58
1085,139
1086,145
1087,55
1088,149
1089,145
1090,66
1091,8
1092,87
1093,139
1094,113
1095,139
1096,100
1097,145
1098,55
1099,87
1100,54
1101,139
1102,58
1103,8
1104,66
1105,139
1106,87
1107,139
1108,55
1109,106
1110,113
1111,8
1112,139
1113,8
1114,145
1115,58
1116,13
1117,87
1118,66
1119,139
1120,54
1121,55
1122,139
1123,8
1124,2
1125,87
1126,139
1127,113
1128,66
1129,58
1130,42
1131,139
1132,87
1133,8
1134,13
1135,54
1136,8
1137,106
1138,139
1139,2
1140,87
1141,139
1142,66
1143,42
1144,8
1145,113
1146,58
1147,139
1148,2
1149,87
1150,54
1151,42
1152,139
1153,13
1154,66
1155,8
1156,8
1157,58
1158,87
1159,139
1160,113
1161,2
1162,106
1163,8
1164,42
1165,139
1166,87
1167,93
1168,54
1169,52
1170,2
1171,13
1172,58
1173,84
1174,84
1175,84
1176,42
1177,113
1178,84
1179,84
1180,87
1181,84
1182,52
1183,8
1184,84
1185,8
1186,84
1187,93
1188,84
1189,8
1190,84
1191,52
1192,2
1193,84
1194,87
1195,42
1196,84
1197,106
1198,58
1199,13
1200,84
1201,52
1202,13
1203,113
1204,30
1205,93
1206,30
1207,87
1208,2
1209,42
1210,52
1211,30
1212,8
1213,30
1214,2
1215,13
1216,58
1217,30
1218,87
1219,52
1220,13
1221,93
1222,113
1223,30
1224,2
1225,42
1226,13
1227,30
1228,52
1229,106
1230,148
1231,30
1232,58
1233,52
1234,30
1235,8
1236,93
1237,2
1238,42
1239,8
1240,13
1241,2
1242,113
1243,30
1244,148
1245,52
1246,30
1247,13
1248,2
1249,58
1250,42
1251,30
1252,93
1253,148
1254,52
1255,30
1256,106
1257,113
1258,13
1259,8
1260,13
1261,52
1262,30
1263,148
1264,42
1265,2
1266,2
1267,58
1268,93
1269,13
1270,30
1271,52
1272,30
1273,148
1274,2
1275,113
1276,42
1277,13
1278,30
1279,52
1280,93
1281,8
1282,9
1283,8
1284,106
1285,30
1286,148
1287,13
1288,2
1289,52
1290,42
1291,2
1292,104
1293,113
1294,34
1295,34
1296,34
1297,34
1298,93
1299,34
1300,148
1301,13
1302,34
1303,52
1304,104
1305,34
1306,58
1307,2
1308,34
1309,34
1310,42
1311,34
1312,13
1313,104
1314,8
1315,34
1316,52
1317,13
1318,34
1319,148
1320,34
1321,93
1322,106
1323,104
1324,113
1325,2
1326,34
1327,9
1328,34
1329,13
1330,2
1331,42
1332,121
1333,114
1334,104
1335,148
1336,114
1337,2
1338,114
1339,13
1340,93
1341,104
1342,52
1343,13
1344,2
1345,114
1346,113
1347,42
1348,9
1349,148
1350,114
1351,104
1352,13
1353,2
1354,121
1355,114
1356,110
1357,114
1358,93
1359,104
1360,2
1361,37
1362,148
1363,114
1364,121
1365,13
1366,9
1367,13
1368,9
1369,104
1370,2
1371,114
1372,2
1373,13
1374,114
1375,148
1376,93
1377,121
1378,104
1379,42
1380,114
1381,2
1382,114
1383,110
1384,9
1385,104
1386,9
1387,121
1388,2
1389,148
1390,13
1391,13
1392,114
1393,37
1394,93
1395,3
1396,104
1397,13
1398,2
1399,114
1400,121
1401,148
1402,114
1403,9
1404,104
1405,2
1406,9
1407,37
1408,93
1409,114
1410,121
1411,13
1412,13
1413,104
1414,110
1415,148
1416,13
1417,83
1418,110
1419,150
1420,150
1421,150
1422,3
1423,150
1424,150
1425,150
1426,9
1427,110
1428,121
1429,150
1430,37
1431,83
1432,104
1433,150
1434,9
1435,150
1436,93
1437,150
1438,148
1439,150
1440,83
1441,3
1442,150
1443,104
1444,13
1445,121
1446,150
1447,13
1448,83
1449,13
1450,150
1451,37
1452,150
1453,9
1454,104
1455,141
1456,110
1457,93
1458,148
1459,3
1460,83
1461,110
1462,9
1463,121
1464,141
1465,110
1466,141
1467,83
1468,104
1469,37
1470,141
1471,13
1472,3
1473,148
1474,141
1475,136
1476,121
1477,9
1478,83
1479,3
1480,93
1481,141
1482,69
1483,9
1484,141
1485,83
1486,3
1487,37
1488,141
1489,121
1490,40
1491,110
1492,110
1493,69
1494,83
1495,141
1496,110
1497,9
1498,9
1499,13
1500,13
1501,141
1502,3
1503,3
1504,121
1505,83
1506,69
1507,9
1508,37
1509,141
1510,40
1511,141
1512,83
1513,3
1514,69
1515,9
1516,9
1517,121
1518,141
1519,110
1520,40
1521,136
1522,13
1523,83
1524,110
1525,37
1526,141
1527,110
1528,9
1529,69
1530,3
1531,141
1532,3
1533,121
1534,83
1535,9
1536,141
1537,40
1538,9
1539,69
1540,37
1541,3
1542,83
1543,141
1544,136
1545,85
1546,121
1547,85
1548,85
1549,136
1550,85
1551,85
1552,85
1553,9
1554,85
1555,141
1556,85
1557,83
1558,110
1559,69
1560,85
1561,110
1562,40
1563,110
1564,9
1565,3
1566,85
1567,85
1568,37
1569,78
1570,9
1571,3
1572,121
1573,85
1574,83
1575,85
1576,69
1577,85
1578,78
1579,3
1580,136
1581,85
1582,40
1583,136
1584,136
1585,60
1586,128
1587,107
1588,78
1589,57
1590,60
1591,37
1592,69
1593,60
1594,9
1595,3
1596,78
1597,110
1598,110
1599,128
1600,60
1601,110
1602,40
1603,3
1604,60
1605,57
1606,78
1607,69
1608,60
1609,136
1610,107
1611,136
1612,37
1613,128
1614,3
1615,136
1616,60
1617,78
1618,9
1619,60
1620,40
1621,69
1622,57
1623,128
1624,3
1625,60
1626,78
1627,60
1628,37
1629,110
1630,107
1631,110
1632,3
1633,136
1634,78
1635,136
1636,128
1637,69
1638,60
1639,110
1640,57
1641,40
1642,136
1643,107
1644,3
1645,60
1646,78
1647,128
1648,60
1649,69
1650,37
1651,3
1652,107
1653,78
1654,60
1655,57
1656,40
1657,136
1658,136
1659,128
1660,60
1661,110
1662,107
1663,78
1664,110
1665,3
1666,69
1667,136
1668,60
1669,110
1670,37
1671,3
1672,57
1673,128
1674,107
1675,78
1676,40
1677,120
1678,129
1679,129
1680,129
1681,129
1682,129
1683,69
1684,129
1685,3
1686,129
1687,136
1688,129
1689,120
1690,78
1691,129
1692,136
1693,128
1694,107
1695,129
1696,57
1697,129
1698,37
1699,120
1700,129
1701,40
1702,136
1703,110
1704,129
1705,69
1706,3
1707,78
1708,107
1709,110
1710,41
1711,120
1712,128
1713,3
1714,41
1715,110
1716,41
1717,57
1718,78
1719,120
1720,136
1721,41
1722,3
1723,107
1724,117
1725,37
1726,136
1727,41
1728,128
1729,40
1730,120
1731,41
1732,78
1733,107
1734,41
1735,136
1736,57
1737,120
1738,41
1739,117
1740,128
1741,3
1742,110
1743,78
1744,3
1745,41
1746,110
1747,107
1748,40
1749,136
1750,120
1751,107
1752,41
1753,3
1754,136
1755,110
1756,128
1757,107
1758,41
1759,57
1760,78
1761,117
1762,120
1763,41
1764,136
1765,120
1766,40
1767,41
1768,107
1769,43
1770,128
1771,107
1772,136
1773,10
1774,117
1775,41
1776,57
1777,10
1778,10
1779,120
1780,107
1781,136
1782,41
1783,1
1784,43
1785,10
1786,128
1787,120
1788,41
1789,40
1790,107
1791,1
1792,117
1793,57
1794,136
1795,43
1796,101
1797,120
1798,107
1799,136
1800,128
1801,101
1802,107
1803,10
1804,43
1805,10
1806,117
1807,40
1808,136
1809,120
1810,10
1811,101
1812,22
1813,22
1814,22
1815,22
1816,22
1817,57
1818,4
1819,22
1820,10
1821,22
1822,65
1823,1
1824,22
1825,101
1826,22
1827,120
1828,22
1829,43
1830,22
1831,136
1832,107
1833,101
1834,22
1835,117
1836,107
1837,136
1838,110
1839,22
1840,40
1841,120
1842,112
1843,65
1844,57
1845,101
1846,22
1847,43
1848,107
1849,136
1850,112
1851,10
1852,10
1853,101
1854,103
1855,112
1856,117
1857,10
1858,10
1859,112
1860,65
1861,43
1862,107
1863,101
1864,4
1865,107
1866,112
1867,57
1868,1
1869,97
1870,103
1871,136
1872,112
1873,4
1874,101
1875,112
1876,117
1877,43
1878,65
1879,1
1880,97
1881,112
1882,103
1883,101
1884,112
1885,57
1886,4
1887,10
1888,10
1889,107
1890,107
1891,10
1892,112
1893,43
1894,103
1895,101
1896,1
1897,117
1898,65
1899,97
1900,107
1901,112
1902,97
1903,1
1904,112
1905,101
1906,103
1907,35
1908,43
1909,97
1910,4
1911,112
1912,65
1913,101
1914,117
1915,107
1916,112
1917,107
1918,1
1919,103
1920,4
1921,10
1922,10
1923,10
1924,43
1925,112
1926,101
1927,97
1928,35
1929,97
1930,1
1931,65
1932,112
1933,4
1934,103
1935,117
1936,101
1937,112
1938,43
1939,97
1940,1
1941,4
1942,107
1943,108
1944,4
1945,108
1946,74
1947,108
1948,101
1949,103
1950,108
1951,108
1952,65
1953,108
1954,35
1955,108
1956,108
1957,117
1958,97
1959,74
1960,108
1961,10
1962,43
1963,4
1964,10
1965,1
1966,108
1967,76
1968,10
1969,108
1970,103
1971,97
1972,108
1973,74
1974,108
1975,1
1976,65
1977,63
1978,4
1979,76
1980,97
1981,4
1982,74
1983,43
1984,63
1985,35
1986,97
1987,117
1988,103
1989,63
1990,1
1991,4
1992,63
1993,74
1994,76
1995,97
1996,63
1997,65
1998,63
1999,43
2000,74
2001,103
2002,10
2003,10
2004,97
2005,63
2006,76
2007,35
2008,117
2009,10
2010,4
2011,4
2012,1
2013,63
2014,74
2015,97
2016,97
2017,4
2018,63
2019,1
2020,103
2021,65
2022,43
2023,76
2024,74
2025,63
2026,97
2027,63
2028,117
2029,35
2030,1
2031,74
2032,76
2033,103
2034,63
2035,4
2036,4
2037,43
2038,10
2039,65
2040,10
2041,97
2042,63
2043,4
2044,74
2045,97
2046,10
2047,76
2048,97
2049,63
2050,103
2051,1
2052,117
2053,74
2054,35
2055,43
2056,63
2057,1
2058,65
2059,97
2060,76
2061,4
2062,63
2063,74
2064,4
2065,103
2066,4
2067,140
2068,1
2069,10
2070,117
2071,119
2072,97
2073,76
2074,97
2075,74
2076,10
2077,140
2078,65
2079,35
2080,97
2081,103
2082,137
2083,134
2084,134
2085,134
2086,134
2087,140
2088,134
2089,74
2090,76
2091,134
2092,97
2093,4
2094,134
2095,134
2096,119
2097,1
2098,4
2099,4
2100,134
2101,140
2102,35
2103,1
2104,134
2105,70
2106,134
2107,65
2108,74
2109,134
2110,35
2111,76
2112,140
2113,97
2114,134
2115,20
2116,97
2117,10
2118,74
2119,119
2120,20
2121,140
2122,97
2123,10
2124,1
2125,70
2126,20
2127,4
2128,76
2129,35
2130,4
2131,65
2132,20
2133,140
2134,97
2135,137
2136,4
2137,23
2138,20
2139,35
2140,20
2141,119
2142,140
2143,76
2144,70
2145,20
2146,97
2147,1
2148,1
2149,23
2150,20
2151,140
2152,65
2153,35
2154,6
2155,6
2156,20
2157,4
2158,4
2159,97
2160,76
2161,23
2162,119
2163,137
2164,20
2165,140
2166,70
2167,35
2168,4
2169,97
2170,1
2171,20
2172,140
2173,137
2174,23
2175,20
2176,65
2177,76
2178,35
2179,132
2180,70
2181,20
2182,119
2183,140
2184,4
2185,4
2186,23
2187,137
2188,20
2189,35
2190,1
2191,6
2192,76
2193,6
2194,6
2195,132
2196,140
2197,20
2198,119
2199,97
2200,70
2201,137
2202,35
2203,23
2204,119
2205,20
2206,140
2207,1
2208,76
2209,132
2210,20
2211,4
2212,137
2213,4
2214,35
2215,23
2216,140
2217,70
2218,20
2219,65
2220,119
2221,127
2222,127
2223,132
2224,127
2225,76
2226,35
2227,127
2228,127
2229,6
2230,20
2231,6
2232,127
2233,140
2234,137
2235,127
2236,6
2237,23
2238,127
2239,6
2240,127
2241,1
2242,20
2243,127
2244,70
2245,127
2246,5
2247,137
2248,49
2249,35
2250,127
2251,132
2252,95
2253,119
2254,4
2255,98
2256,127
2257,119
2258,23
2259,131
2260,5
2261,1
2262,131
2263,137
2264,98
2265,49
2266,132
2267,131
2268,70
2269,95
2270,131
2271,23
2272,6
2273,98
2274,6
2275,131
2276,119
2277,49
2278,6
2279,119
2280,5
2281,5
2282,137
2283,131
2284,137
2285,98
2286,132
2287,132
2288,131
2289,5
2290,70
2291,23
2292,95
2293,1
2294,137
2295,49
2296,131
2297,98
2298,131
2299,132
2300,119
2301,119
2302,131
2303,49
2304,23
2305,98
2306,137
2307,137
2308,5
2309,5
2310,95
2311,70
2312,131
2313,6
2314,6
2315,6
2316,5
2317,98
2318,132
2319,131
2320,49
2321,6
2322,132
2323,23
2324,119
2325,131
2326,119
2327,98
2328,137
2329,95
2330,70
2331,131
2332,132
2333,137
2334,49
2335,5
2336,135
2337,23
2338,131
2339,5
2340,98
2341,5
2342,131
2343,119
2344,95
2345,49
2346,132
2347,6
2348,137
2349,6
2350,98
2351,70
2352,6
2353,119
2354,1
2355,131
2356,132
2357,23
2358,137
2359,98
2360,131
2361,49
2362,5
2363,132
2364,95
2365,133
2366,133
2367,5
2368,133
2369,133
2370,5
2371,133
2372,119
2373,133
2374,36
2375,137
2376,133
2377,23
2378,70
2379,137
2380,98
2381,133
2382,133
2383,119
2384,49
2385,133
2386,36
2387,132
2388,133
2389,1
2390,88
2391,6
2392,6
2393,95
2394,98
2395,88
2396,36
2397,132
2398,23
2399,6
2400,88
2401,137
2402,49
2403,5
2404,119
2405,5
2406,70
2407,88
2408,36
2409,135
2410,132
2411,5
2412,98
2413,88
2414,6
2415,119
2416,88
2417,95
2418,36
2419,49
2420,23
2421,88
2422,132
2423,98
2424,88
2425,137
2426,137
2427,70
2428,36
2429,119
2430,88
2431,6
2432,5
2433,5
2434,6
2435,88
2436,49
2437,132
2438,98
2439,95
2440,50
2441,36
2442,119
2443,5
2444,88
2445,6
2446,135
2447,132
2448,137
2449,88
2450,36
2451,98
2452,70
2453,49
2454,137
2455,119
2456,88
2457,132
2458,135
2459,50
2460,95
2461,88
2462,36
2463,5
2464,5
2465,98
2466,5
2467,88
2468,49
2469,137
2470,6
2471,132
2472,36
2473,137
2474,5
2475,6
2476,70
2477,88
2478,50
2479,132
2480,119
2481,98
2482,95
2483,6
2484,73
2485,36
2486,49
2487,132
2488,73
2489,5
2490,135
2491,137
2492,5
2493,5
2494,98
2495,115
2496,36
2497,50
2498,7
2499,73
2500,95
2501,135
2502,68
2503,119
2504,59
2505,73
2506,36
2507,6
2508,132
2509,19
2510,81
2511,81
2512,81
2513,81
2514,81
2515,115
2516,6
2517,132
2518,81
2519,73
2520,81
2521,50
2522,81
2523,135
2524,5
2525,81
2526,36
2527,5
2528,68
2529,7
2530,81
2531,115
2532,132
2533,95
2534,73
2535,5
2536,19
2537,81
2538,81
2539,119
2540,81
2541,36
2542,73
2543,25
2544,50
2545,115
2546,59
2547,115
2548,25
2549,68
2550,135
2551,19
2552,73
2553,25
2554,91
2555,36
2556,7
2557,95
2558,91
2559,25
2560,5
2561,5
2562,91
2563,135
2564,25
2565,6
2566,73
2567,5
2568,19
2569,50
2570,7
2571,115
2572,91
2573,25
2574,68
2575,36
2576,25
2577,73
2578,115
2579,135
2580,25
2581,95
2582,59
2583,7
2584,19
2585,36
2586,73
2587,25
2588,68
2589,5
2590,50
2591,5
2592,115
2593,25
2594,115
2595,7
2596,91
2597,73
2598,91
2599,6
2600,126
2601,25
2602,59
2603,19
2604,135
2605,91
2606,95
2607,115
2608,25
2609,73
2610,68
2611,7
2612,50
2613,135
2614,25
2615,126
2616,115
2617,59
2618,5
2619,115
2620,19
2621,73
2622,25
2623,59
2624,7
2625,135
2626,68
2627,95
2628,126
2629,25
2630,73
2631,59
2632,50
2633,91
2634,7
2635,91
2636,25
2637,19
2638,115
2639,91
2640,91
2641,115
2642,73
2643,126
2644,25
2645,115
2646,68
2647,7
2648,59
2649,7
2650,7
2651,59
2652,135
2653,25
2654,19
2655,118
2656,50
2657,118
2658,125
2659,118
2660,118
2661,118
2662,126
2663,118
2664,115
2665,7
2666,118
2667,115
2668,109
2669,135
2670,118
2671,59
2672,118
2673,118
2674,68
2675,125
2676,118
2677,109
2678,91
2679,19
2680,91
2681,118
2682,135
2683,126
2684,91
2685,7
2686,118
2687,50
2688,59
2689,7
2690,91
2691,109
2692,118
2693,125
2694,115
2695,59
2696,118
2697,59
2698,7
2699,68
2700,135
2701,118
2702,115
2703,109
2704,126
2705,19
2706,118
2707,125
2708,59
2709,130
2710,109
2711,50
2712,7
2713,130
2714,135
2715,115
2716,115
2717,126
2718,7
2719,59
2720,125
2721,130
2722,19
2723,68
2724,91
2725,109
2726,91
2727,135
2728,91
2729,7
2730,130
2731,59
2732,91
2733,59
2734,130
2735,109
2736,125
2737,135
2738,126
2739,50
2740,115
2741,130
2742,7
2743,19
2744,68
2745,59
2746,115
2747,109
2748,130
2749,7
2750,125
2751,135
2752,59
2753,130
2754,126
2755,7
2756,109
2757,50
2758,130
2759,19
2760,59
2761,91
2762,115
2763,91
2764,125
2765,91
2766,7
2767,68
2768,115
2769,130
2770,109
2771,59
2772,135
2773,126
2774,115
2775,130
2776,135
2777,7
2778,125
2779,59
2780,109
2781,19
2782,7
2783,59
2784,130
2785,50
2786,115
2787,135
2788,68
2789,115
2790,126
2791,7
2792,130
2793,109
2794,125
2795,59
2796,135
2797,91
2798,91
2799,130
2800,11
2801,11
2802,19
2803,11
2804,11
2805,11
2806,91
2807,109
2808,11
2809,91
2810,126
2811,11
2812,115
2813,7
2814,11
2815,50
2816,7
2817,125
2818,130
2819,68
2820,11
2821,11
2822,59
2823,115
2824,59
2825,115
2826,11
2827,109
2828,7
2829,130
2830,11
2831,19
2832,11
2833,135
2834,126
2835,125
2836,11
2837,59
2838,130
2839,135
2840,109
2841,11
2842,115
2843,115
2844,68
2845,50
2846,11
2847,135
2848,7
2849,130
2850,7
2851,91
2852,11
2853,91
2854,187
2855,178
2856,196
2857,178
2858,178
2859,168
2860,180
2861,183
2862,179
2863,190
2864,173
2865,183
2866,168
2867,190
2868,168
2869,177
2870,178
2871,199
2872,185
2873,173
2874,179
2875,168
2876,183
2877,199
2878,190
2879,196
2880,185
2881,168
2882,180
2883,173
2884,199
2885,185
2886,168
2887,199
2888,190
2889,187
2890,190
2891,187
2892,180
2893,179
2894,177
2895,168
2896,179
2897,195
2898,190
2899,178
2900,182
2901,183
2902,196
2903,199
2904,168
2905,190
2906,179
2907,173
2908,168
2909,176
2910,183
2911,185
2912,190
2913,179
2914,182
2915,180
2916,173
2917,199
2918,168
2919,179
2920,177
2921,168
2922,199
2923,168
2924,195
2925,182
2926,180
2927,190
2928,168
2929,173
2930,187
2931,187
2932,176
2933,183
2934,187
2935,179
2936,199
2937,176
2938,185
2939,179
2940,173
2941,182
2942,176
2943,177
2944,199
2945,183
2946,179
2947,195
2948,180
2949,190
2950,176
2951,166
2952,176
2953,166
2954,176
2955,190
2956,176
2957,182
2958,176
2959,176
2960,176
2961,190
2962,166
2963,178
2964,166
2965,176
2966,180
2967,173
2968,154
2969,179
2970,179
2971,195
2972,166
2973,190
2974,154
2975,199
2976,196
2977,166
2978,176
2979,183
2980,166
2981,187
2982,182
2983,182
2984,183
2985,176
2986,179
2987,176
2988,187
2989,178
2990,168
2991,166
2992,177
2993,185
2994,195
2995,180
2996,166
2997,179
2998,166
2999,166
3000,166
3001,179
3002,199
3003,179
3004,154
3005,196
3006,180
3007,168
3008,166
3009,166
3010,166
3011,195
3012,199
3013,177
3014,185
3015,154
3016,190
3017,190
3018,177
3019,179
3020,154
3021,183
3022,179
3023,154
3024,190
3025,166
3026,183
3027,168
3028,182
3029,187
3030,199
3031,174
3032,190
3033,180
3034,173
3035,196
3036,154
3037,187
3038,173
3039,174
3040,166
3041,179
3042,174
3043,176
3044,180
3045,179
3046,177
3047,154
3048,179
3049,182
3050,196
3051,174
3052,195
3053,166
3054,199
3055,179
3056,154
3057,174
3058,173
3059,185
3060,178
3061,166
3062,183
3063,183
3064,162
3065,179
3066,183
3067,166
3068,180
3069,154
3070,168
3071,179
3072,174
3073,196
3074,179
3075,190
3076,196
3077,187
3078,173
3079,190
3080,166
3081,180
3082,168
3083,177
3084,162
3085,174
3086,166
3087,190
3088,178
3089,162
3090,179
3091,168
3092,179
3093,185
3094,174
3095,179
3096,162
3097,162
3098,162
3099,162
3100,176
3101,162
3102,162
3103,162
3104,154
3105,162
3106,183
3107,162
3108,199
3109,168
3110,180
3111,162
3112,178
3113,178
3114,180
3115,179
3116,174
3117,162
3118,162
3119,183
3120,162
3121,177
3122,173
3123,179
3124,176
3125,162
3126,185
3127,154
3128,166
3129,162
3130,162
3131,162
3132,162
3133,187
3134,179
3135,184
3136,176
3137,162
3138,182
3139,173
3140,184
3141,154
3142,190
3143,174
3144,179
3145,190
3146,166
3147,169
3148,166
3149,178
3150,199
3151,162
3152,187
3153,190
3154,169
3155,179
3156,173
3157,180
3158,180
3159,180
3160,169
3161,196
3162,179
3163,162
3164,162
3165,154
3166,168
3167,184
3168,182
3169,183
3170,166
3171,173
3172,169
3173,166
3174,179
3175,162
3176,187
3177,162
3178,169
3179,177
3180,199
3181,154
3182,187
3183,199
3184,173
3185,169
3186,184
3187,187
3188,154
3189,176
3190,174
3191,169
3192,166
3193,178
3194,195
3195,184
3196,180
3197,182
3198,174
3199,169
3200,187
3201,180
3202,182
3203,187
3204,179
3205,190
3206,169
3207,162
3208,162
3209,179
3210,154
3211,179
3212,173
3213,183
3214,173
3215,184
3216,196
3217,166
3218,173
3219,174
3220,179
3221,154
3222,162
3223,162
3224,169
3225,195
3226,187
3227,187
3228,183
3229,178
3230,174
3231,169
3232,184
3233,174
3234,162
3235,182
3236,185
3237,169
3238,187
3239,176
3240,154
3241,177
3242,169
3243,195
3244,169
3245,195
3246,169
3247,169
3248,169
3249,180
3250,169
3251,164
3252,187
3253,169
3254,169
3255,173
3256,168
3257,164
3258,196
3259,174
3260,164
3261,174
3262,184
3263,164
3264,183
3265,183
3266,164
3267,164
3268,169
3269,164
3270,174
3271,179
3272,199
3273,179
3274,164
3275,166
3276,179
3277,164
3278,164
3279,179
3280,169
3281,179
3282,168
3283,184
3284,162
3285,162
3286,169
3287,176
3288,183
3289,187
3290,164
3291,164
3292,177
3293,176
3294,177
3295,187
3296,185
3297,164
3298,173
3299,169
3300,169
3301,174
3302,164
3303,167
3304,178
3305,185
3306,154
3307,169
3308,187
3309,164
3310,162
3311,183
3312,167
3313,164
3314,199
3315,169
3316,180
3317,176
3318,169
3319,164
3320,168
3321,166
3322,183
3323,164
3324,167
3325,169
3326,162
3327,164
3328,162
3329,173
3330,164
3331,174
3332,177
3333,196
3334,167
3335,180
3336,169
3337,179
3338,182
3339,187
3340,164
3341,183
3342,178
3343,179
3344,179
3345,164
3346,179
3347,184
3348,167
3349,167
3350,166
3351,185
3352,176
3353,179
3354,195
3355,162
3356,168
3357,169
3358,162
3359,167
3360,167
3361,164
3362,174
3363,183
3364,183
3365,164
3366,183
3367,195
3368,184
3369,167
3370,167
3371,169
3372,183
3373,178
3374,164
3375,196
3376,162
3377,184
3378,178
3379,167
3380,166
3381,154
3382,185
3383,180
3384,167
3385,168
3386,174
3387,163
3388,173
3389,167
3390,163
3391,169
3392,163
3393,171
3394,169
3395,171
3396,183
3397,167
3398,171
3399,185
3400,171
3401,171
3402,163
3403,167
3404,187
3405,179
3406,171
3407,187
3408,169
3409,171
3410,168
3411,179
3412,162
3413,171
3414,187
3415,163
3416,167
3417,200
3418,154
3419,169
3420,169
3421,179
3422,180
3423,167
3424,183
3425,166
3426,171
3427,171
3428,178
3429,174
3430,183
3431,163
3432,199
3433,196
3434,171
3435,176
3436,167
3437,163
3438,200
3439,169
3440,195
3441,182
3442,163
3443,183
3444,162
3445,157
3446,164
3447,164
3448,180
3449,200
3450,163
3451,176
3452,167
3453,182
3454,200
3455,174
3456,167
3457,154
3458,180
3459,174
3460,200
3461,163
3462,164
3463,164
3464,200
3465,167
3466,164
3467,176
3468,184
3469,173
3470,199
3471,157
3472,179
3473,180
3474,163
3475,163
3476,187
3477,187
3478,178
3479,180
3480,173
3481,187
3482,157
3483,187
3484,167
3485,167
3486,163
3487,174
3488,177
3489,157
3490,183
3491,162
3492,164
3493,176
3494,187
3495,167
3496,154
3497,164
3498,157
3499,171
3500,163
3501,169
3502,183
3503,180
3504,185
3505,157
3506,167
3507,166
3508,171
3509,167
3510,200
3511,185
3512,163
3513,173
3514,173
3515,167
3516,167
3517,162
3518,195
3519,184
3520,200
3521,196
3522,200
3523,185
3524,174
3525,184
3526,163
3527,157
3528,176
3529,163
3530,163
3531,185
3532,177
3533,170
3534,170
3535,170
3536,170
3537,187
3538,187
3539,200
3540,157
3541,157
3542,170
3543,183
3544,179
3545,167
3546,170
3547,167
3548,154
3549,170
3550,160
3551,183
3552,163
3553,157
3554,187
3555,160
3556,163
3557,167
3558,200
3559,184
3560,160
3561,182
3562,185
3563,162
3564,160
3565,180
3566,169
3567,157
3568,173
3569,160
3570,187
3571,168
3572,173
3573,154
3574,160
3575,171
3576,200
3577,163
3578,170
3579,160
3580,166
3581,196
3582,163
3583,185
3584,167
3585,160
3586,163
3587,182
3588,170
3589,170
3590,200
3591,154
3592,171
3593,184
3594,177
3595,170
3596,184
3597,180
3598,169
3599,170
3600,170
3601,163
3602,167
3603,171
3604,170
3605,171
3606,167
3607,154
3608,200
3609,183
3610,170
3611,160
3612,173
3613,183
3614,187
3615,168
3616,177
3617,195
3618,185
3619,183
3620,187
3621,160
3622,154
3623,171
3624,171
3625,160
3626,160
3627,162
3628,180
3629,178
3630,164
3631,187
3632,163
3633,200
3634,154
3635,171
3636,184
3637,160
3638,200
3639,160
3640,167
3641,180
3642,177
3643,160
3644,187
3645,196
3646,200
3647,162
3648,160
3649,157
3650,160
3651,200
3652,182
3653,171
3654,171
3655,176
3656,195
3657,165
3658,164
3659,184
3660,154
3661,160
3662,195
3663,196
3664,200
3665,165
3666,163
3667,169
3668,157
3669,157
3670,174
3671,185
3672,160
3673,165
3674,178
3675,183
3676,183
3677,165
3678,165
3679,165
3680,165
3681,200
3682,183
3683,165
3684,183
3685,200
3686,165
3687,165
3688,170
3689,162
3690,165
3691,165
3692,157
3693,160
3694,187
3695,180
3696,200
3697,165
3698,167
3699,165
3700,169
3701,182
3702,165
3703,196
3704,165
3705,163
3706,156
3707,185
3708,187
3709,176
3710,160
3711,170
3712,165
3713,166
3714,168
3715,169
3716,165
3717,200
3718,165
3719,170
3720,200
3721,162
3722,157
3723,156
3724,168
3725,182
3726,187
3727,156
3728,165
3729,156
3730,196
3731,170
3732,156
3733,162
3734,167
3735,156
3736,199
3737,156
3738,163
3739,167
3740,170
3741,185
3742,165
3743,157
3744,192
3745,157
3746,156
3747,160
3748,200
3749,192
3750,169
3751,183
3752,183
3753,183
3754,176
3755,192
3756,165
3757,154
3758,178
3759,156
3760,170
3761,183
3762,176
3763,177
3764,180
3765,162
3766,156
3767,160
3768,163
3769,200
3770,171
3771,157
3772,183
3773,156
3774,185
3775,192
3776,168
3777,165
3778,169
3779,167
3780,192
3781,200
3782,160
3783,187
3784,177
3785,192
3786,199
3787,156
3788,160
3789,165
3790,195
3791,164
3792,192
3793,157
3794,157
3795,192
3796,177
3797,171
3798,174
3799,187
3800,163
3801,154
3802,192
3803,160
3804,165
3805,162
3806,165
3807,200
3808,166
3809,192
3810,167
3811,192
3812,199
3813,169
3814,155
3815,155
3816,196
3817,170
3818,155
3819,155
3820,192
3821,156
3822,155
3823,183
3824,180
3825,168
3826,157
3827,155
3828,192
3829,189
3830,183
3831,165
3832,185
3833,160
3834,155
3835,164
3836,155
3837,155
3838,183
3839,155
3840,200
3841,185
3842,155
3843,163
3844,192
3845,200
3846,156
3847,155
3848,155
3849,195
3850,199
3851,189
3852,183
3853,170
3854,165
3855,177
3856,174
3857,155
3858,167
3859,184
3860,154
3861,160
3862,155
3863,157
3864,192
3865,155
3866,169
3867,156
3868,189
3869,166
3870,187
3871,196
3872,189
3873,189
3874,155
3875,165
3876,200
3877,173
3878,189
3879,164
3880,157
3881,170
3882,163
3883,189
3884,160
3885,189
3886,168
3887,156
3888,178
3889,187
3890,170
3891,189
3892,155
3893,189
3894,163
3895,189
3896,165
3897,180
3898,180
3899,156
3900,162
3901,184
3902,185
3903,189
3904,189
3905,168
3906,155
3907,180
3908,160
3909,165
3910,174
3911,169
3912,173
3913,177
3914,157
3915,189
3916,157
3917,183
3918,189
3919,163
3920,189
3921,167
3922,177
3923,156
3924,170
3925,166
3926,192
3927,155
3928,153
3929,183
3930,189
3931,178
3932,165
3933,168
3934,153
3935,171
3936,160
3937,176
3938,155
3939,192
3940,156
3941,189
3942,153
3943,157
3944,157
3945,183
3946,169
3947,178
3948,160
3949,184
3950,164
3951,153
3952,194
3953,194
3954,194
3955,155
3956,171
3957,194
3958,153
3959,198
3960,174
3961,156
3962,198
3963,198
3964,167
3965,192
3966,176
3967,189
3968,198
3969,165
3970,156
3971,198
3972,198
3973,195
3974,153
3975,183
3976,180
3977,153
3978,198
3979,154
3980,182
3981,155
3982,185
3983,171
3984,198
3985,157
3986,177
3987,194
3988,160
3989,157
3990,192
3991,153
3992,180
3993,198
3994,153
3995,156
3996,177
3997,192
3998,194
3999,189
4000,165
4001,153
4002,166
4003,195
4004,194
4005,183
4006,171
4007,164
4008,164
4009,196
4010,198
4011,153
4012,169
4013,192
4014,194
4015,167
4016,194
4017,189
4018,183
4019,187
4020,194
4021,157
4022,156
4023,156
4024,160
4025,199
4026,194
4027,194
4028,171
4029,198
4030,157
4031,166
4032,156
4033,198
4034,192
4035,194
4036,174
4037,189
4038,194
4039,183
4040,198
4041,195
4042,171
4043,192
4044,197
4045,194
4046,156
4047,167
4048,164
4049,177
4050,165
4051,197
4052,194
4053,185
4054,157
4055,155
4056,153
4057,177
4058,163
4059,154
4060,198
4061,185
4062,169
4063,156
4064,198
4065,168
4066,196
4067,157
4068,183
4069,171
4070,180
4071,194
4072,197
4073,192
4074,184
4075,198
4076,196
4077,153
4078,192
4079,155
4080,197
4081,180
4082,159
4083,200
4084,159
4085,159
4086,159
4087,198
4088,159
4089,194
4090,173
4091,165
4092,159
4093,154
4094,197
4095,159
4096,170
4097,162
4098,159
4099,156
4100,197
4101,153
4102,192
4103,159
4104,197
4105,198
4106,163
4107,159
4108,189
4109,180
4110,163
4111,167
4112,157
4113,192
4114,159
4115,194
4116,168
4117,197
4118,197
4119,171
4120,164
4121,159
4122,197
4123,194
4124,174
4125,159
4126,197
4127,165
4128,159
4129,198
4130,155
4131,156
4132,157
4133,183
4134,189
4135,166
4136,184
4137,197
4138,159
4139,170
4140,177
4141,197
4142,196
4143,182
4144,159
4145,192
4146,178
4147,194
4148,182
4149,175
4150,197
4151,198
4152,197
4153,170
4154,178
4155,175
4156,162
4157,153
4158,163
4159,171
4160,154
4161,185
4162,159
4163,155
4164,175
4165,183
4166,163
4167,173
4168,200
4169,192
4170,165
4171,197
4172,175
4173,198
4174,198
4175,175
4176,192
4177,160
4178,164
4179,175
4180,180
4181,157
4182,168
4183,197
4184,175
4185,153
4186,159
4187,162
4188,198
4189,189
4190,198
4191,175
4192,169
4193,170
4194,159
4195,180
4196,197
4197,175
4198,192
4199,166
4200,181
4201,156
4202,181
4203,181
4204,181
4205,155
4206,152
4207,197
4208,181
4209,171
4210,152
4211,181
4212,175
4213,153
4214,171
4215,181
4216,200
4217,194
4218,181
4219,165
4220,178
4221,159
4222,177
4223,152
4224,189
4225,152
4226,163
4227,199
4228,184
4229,152
4230,182
4231,170
4232,175
4233,181
4234,154
4235,180
4236,173
4237,152
4238,197
4239,181
4240,182
4241,164
4242,181
4243,159
4244,192
4245,160
4246,153
4247,181
4248,168
4249,175
4250,152
4251,155
4252,194
4253,156
4254,181
4255,182
4256,181
4257,153
4258,152
4259,197
4260,159
4261,175
4262,174
4263,176
4264,181
4265,164
4266,165
4267,152
4268,183
4269,181
4270,200
4271,157
4272,194
4273,200
4274,194
4275,181
4276,185
4277,175
4278,170
4279,152
4280,159
4281,197
4282,154
4283,189
4284,158
4285,192
4286,163
4287,158
4288,153
4289,156
4290,152
4291,160
4292,175
4293,169
4294,158
4295,198
4296,159
4297,180
4298,167
4299,181
4300,194
4301,197
4302,158
4303,174
4304,199
4305,152
4306,173
4307,165
4308,193
4309,193
4310,178
4311,193
4312,158
4313,193
4314,193
4315,173
4316,193
4317,181
4318,189
4319,193
4320,175
4321,196
4322,193
4323,155
4324,158
4325,153
4326,193
4327,157
4328,157
4329,193
4330,168
4331,198
4332,152
4333,197
4334,193
4335,164
4336,170
4337,158
4338,158
4339,193
4340,184
4341,200
4342,177
4343,192
4344,194
4345,183
4346,193
4347,158
4348,166
4349,160
4350,193
4351,175
4352,152
4353,158
4354,193
4355,171
4356,193
4357,193
4358,185
4359,197
4360,197
4361,151
4362,189
4363,156
4364,153
4365,158
4366,174
4367,193
4368,151
4369,181
4370,155
4371,175
4372,169
4373,151
4374,194
4375,163
4376,193
4377,151
4378,158
4379,183
4380,182
4381,192
4382,151
4383,159
4384,170
4385,181
4386,162
4387,193
4388,160
4389,197
4390,157
4391,175
4392,151
4393,188
4394,188
4395,188
4396,188
4397,158
4398,188
4399,188
4400,165
4401,188
4402,151
4403,193
4404,153
4405,188
4406,200
4407,153
4408,188
4409,188
4410,195
4411,164
4412,181
4413,151
4414,198
4415,199
4416,188
4417,195
4418,158
4419,188
4420,193
4421,155
4422,192
4423,159
4424,178
4425,151
4426,188
4427,184
4428,152
4429,180
4430,188
4431,176
4432,200
4433,197
4434,188
4435,151
4436,193
4437,177
4438,172
4439,158
4440,193
4441,172
4442,151
4443,176
4444,155
4445,172
4446,172
4447,172
4448,172
4449,172
4450,151
4451,172
4452,172
4453,194
4454,172
4455,172
4456,188
4457,152
4458,172
4459,159
4460,198
4461,177
4462,172
4463,153
4464,193
4465,172
4466,172
4467,160
4468,171
4469,164
4470,160
4471,172
4472,158
4473,188
4474,172
4475,162
4476,151
4477,172
4478,186
4479,156
4480,159
4481,170
4482,186
4483,180
4484,172
4485,153
4486,186
4487,188
4488,186
4489,172
4490,186
4491,186
4492,186
4493,193
4494,186
4495,186
4496,151
4497,186
4498,186
4499,192
4500,186
4501,152
4502,186
4503,182
4504,172
4505,186
4506,188
4507,186
4508,157
4509,186
4510,193
4511,159
4512,186
4513,184
4514,186
4515,172
4516,186
4517,186
4518,186
4519,151
4520,188
4521,186
4522,194
4523,172
4524,197
4525,161
4526,161
4527,193
4528,186
4529,161
4530,161
4531,186
4532,161
4533,161
4534,155
4535,167
4536,161
4537,161
4538,161
4539,186
4540,186
4541,161
4542,161
4543,159
4544,161
4545,153
4546,172
4547,161
4548,186
4549,161
4550,161
4551,161
4552,161
4553,161
4554,186
4555,200
4556,161
4557,161
4558,152
4559,151
4560,161
4561,193
4562,161
4563,161
4564,161
4565,186
4566,161
4567,191
4568,191
4569,161
4570,161
4571,191
4572,191
4573,191
4574,191
4575,191
4576,191
4577,182
4578,191
4579,191
4580,191
4581,191
4582,191
4583,161
4584,191
4585,186
4586,191
4587,172
4588,169
4589,186
4590,193
4591,191
4592,161
4593,161
4594,191
4595,175
4596,191
4597,161
4598,161
4599,180
4600,191
4601,186
4602,153
4603,195
4604,191
4605,161
4606,188
4607,168
4608,160
4609,161
4610,172
4611,173
4612,161
4613,156
4614,160
4615,186
4616,161
4617,176
4618,191
4619,193
4620,197
4621,186
4622,193
4623,161
4624,181
4625,199
4626,172
4627,192
4628,194
4629,159
4630,170
4631,188
4632,171
4633,161
4634,161
4635,154
4636,191
4637,167
4638,186
4639,161
4640,175
4641,194
4642,177
4643,185
4644,189
4645,188
4646,193
4647,161
4648,193
4649,186
4650,157
4651,174
4652,161
4653,181
4654,161
4655,191
4656,188
4657,153
4658,159
4659,177
4660,159
4661,151
4662,161
4663,184
4664,193
4665,198
4666,152
4667,163
4668,200
4669,172
4670,161
4671,165
4672,192
4673,158
4674,191
4675,155
4676,151
4677,160
4678,198
4679,185
4680,172
4681,182
4682,169
4683,193
4684,189
4685,170
4686,159
4687,152
4688,159
4689,151
4690,186
4691,171
4692,158
4693,153
4694,197
4695,176
4696,195
4697,193
4698,176
4699,157
4700,186
4701,164
4702,188
4703,195
4704,182
4705,154
4706,198
4707,152
4708,175
4709,161
4710,173
4711,192
4712,158
4713,180
4714,155
4715,156
4716,162
4717,159
4718,193
4719,188
4720,189
4721,191
4722,157
4723,165
4724,163
4725,178
4726,197
4727,169
4728,198
4729,188
4730,185
4731,158
4732,151
4733,181
4734,160
4735,175
4736,196
4737,197
4738,164
4739,159
4740,172
4741,200
4742,151
4743,170
4744,193
4745,155
4746,192
4747,181
4748,159
4749,153
4750,172
4751,156
4752,163
4753,152
4754,182
4755,198
4756,182
4757,151
4758,165
4759,176
4760,166
4761,175
4762,168
4763,193
4764,186
4765,154
4766,170
4767,197
4768,195
4769,181
4770,162
4771,171
4772,165
4773,151
4774,161
4775,159
4776,152
4777,182
4778,195
4779,169
4780,193
4781,189
4782,153
4783,155
4784,191
4785,175
4786,198
4787,181
4788,188
4789,160
4790,157
4791,199
4792,156
4793,180
4794,167
4795,197
4796,152
4797,193
4798,156
4799,159
4800,188
4801,182
4802,163
4803,177
4804,158
4805,152
4806,170
4807,165
4808,193
4809,194
4810,189
4811,172
4812,197
4813,152
4814,171
4815,154
4816,155
4817,166
4818,159
4819,174
4820,168
4821,177
4822,162
4823,158
4824,175
4825,192
4826,186
4827,151
4828,168
4829,160
4830,177
4831,169
4832,152
4833,157
4834,156
4835,181
4836,195
4837,163
4838,161
4839,193
4840,197
4841,198
4842,177
4843,151
4844,159
4845,189
4846,175
4847,171
4848,165
4849,170
4850,155
4851,199
4852,191
4853,152
4854,181
4855,188
4856,192
4857,193
4858,180
4859,157
4860,178
4861,160
4862,177
4863,197
4864,159
4865,174
4866,162
4867,192
4868,175
4869,198
4870,166
4871,162
4872,152
4873,188
4874,157
4875,153
4876,158
4877,193
4878,168
4879,164
4880,189
4881,163
4882,196
4883,176
4884,156
4885,172
4886,160
4887,155
4888,200
4889,151
4890,152
4891,175
4892,181
4893,158
4894,185
4895,168
4896,197
4897,197
4898,186
4899,157
4900,194
4901,165
4902,192
4903,196
4904,195
4905,151
4906,193
4907,189
4908,181
4909,170
4910,161
4911,152
4912,175
4913,162
4914,169
4915,174
4916,197
4917,156
4918,164
4919,154
4920,155
4921,178
4922,185
4923,151
4924,197
4925,160
4926,171
4927,177
4928,166
4929,193
4930,194
4931,158
4932,157
4933,152
4934,192
4935,176
4936,188
4937,165
4938,175
4939,178
4940,153
4941,157
4942,159
4943,151
4944,176
4945,159
4946,170
4947,158
4948,189
4949,192
4950,172
4951,182
4952,181
4953,198
4954,195
4955,178
4956,152
4957,165
4958,169
4959,184
4960,151
4961,167
4962,174
4963,171
4964,186
4965,192
4966,175
4967,153
4968,154
4969,158
4970,157
4971,156
4972,159
4973,173
4974,166
4975,181
4976,170
4977,151
4978,161
4979,182
4980,153
4981,152
4982,177
4983,197
4984,192
4985,166
4986,170
4987,193
4988,175
4989,199
4990,188
4991,156
4992,158
4993,153
4994,176
4995,189
4996,159
4997,164
4998,152
4999,167
5000,156
5001,169
5002,193
5003,200
5004,162
5005,177
5006,157
5007,195
5008,197
5009,153
5010,188
5011,175
5012,178
5013,162
5014,170
5015,158
5016,192
5017,160
5018,174
5019,194
5020,151
5021,159
5022,181
5023,186
5024,195
5025,155
5026,156
5027,154
5028,158
5029,197
5030,152
5031,182
5032,192
5033,178
5034,153
5035,161
5036,151
5037,163
5038,166
5039,164
5040,157
5041,173
5042,181
5043,155
5044,157
5045,175
5046,169
5047,198
5048,170
5049,184
5050,193
5051,160
5052,189
5053,151
5054,152
5055,162
5056,168
5057,197
5058,165
5059,177
5060,178
5061,194
5062,158
5063,174
5064,192
5065,175
5066,151
5067,188
5068,173
5069,197
5070,155
5071,154
5072,152
5073,157
5074,171
5075,157
5076,167
5077,153
5078,159
5079,160
5080,158
5081,167
5082,178
5083,160
5084,172
5085,151
5086,166
5087,177
5088,198
5089,169
5090,152
5091,156
5092,195
5093,192
5094,181
5095,184
5096,197
5097,161
5098,176
5099,193
5100,189
5101,151
5102,159
5103,162
5104,153
5105,178
5106,199
5107,152
5108,157
5109,170
5110,198
5111,160
5112,171
5113,162
5114,181
5115,165
5116,168
5117,163
5118,193
5119,188
5120,156
5121,197
5122,163
5123,155
5124,175
5125,164
5126,153
5127,154
5128,152
5129,199
5130,194
5131,195
5132,169
5133,188
5134,158
5135,196
5136,151
5137,198
5138,176
5139,197
5140,184
5141,160
5142,165
5143,157
5144,156
5145,175
5146,171
5147,192
5148,172
5149,189
5150,152
5151,200
5152,193
5153,151
5154,153
5155,173
5156,174
5157,178
5158,163
5159,194
5160,168
5161,197
5162,167
5163,161
5164,159
5165,154
5166,152
5167,151
5168,152
5169,164
5170,193
5171,165
5172,156
5173,160
5174,155
5175,199
5176,168
5177,160
5178,153
5179,194
5180,157
5181,178
5182,169
5183,198
5184,166
5185,159
5186,171
5187,188
5188,159
5189,152
5190,151
5191,181
5192,171
5193,184
5194,195
5195,163
5196,176
5197,178
5198,172
5199,189
5200,192
5201,153
5202,156
5203,198
5204,165
5205,197
5206,174
5207,151
5208,167
5209,159
5210,160
5211,175
5212,158
5213,152
5214,157
5215,161
5216,168
5217,157
5218,164
5219,195
5220,154
5221,151
5222,200
5223,178
5224,193
5225,153
5226,198
5227,189
5228,181
5229,197
5230,159
5231,152
5232,184
5233,155
5234,192
5235,171
5236,165
5237,195
5238,160
5239,166
5240,188
5241,163
5242,199
5243,170
5244,162
5245,151
5246,158
5247,200
5248,152
5249,159
5250,197
5251,198
5252,164
5253,194
5254,189
5255,172
5256,200
5257,168
5258,155
5259,174
5260,195
5261,192
5262,151
5263,156
5264,200
5265,169
5266,158
5267,199
5268,160
5269,152
5270,161
5271,175
5272,160
5273,159
5274,163
5275,198
5276,154
5277,168
5278,194
5279,162
5280,157
5281,151
5282,153
5283,173
5284,189
5285,193
5286,192
5287,167
5288,157
5289,152
5290,156
5291,152
5292,166
5293,162
5294,159
5295,165
5296,188
5297,200
5298,197
5299,168
5300,169
5301,198
5302,160
5303,151
5304,153
5305,163
5306,173
5307,189
5308,181
5309,170
5310,172
5311,154
5312,155
5313,152
5314,169
5315,168
5316,175
5317,156
5318,170
5319,167
5320,159
5321,151
5322,195
5323,165
5324,198
5325,161
5326,193
5327,200
5328,194
5329,162
5330,160
5331,166
5332,164
5333,189
5334,152
5335,168
5336,152
5337,151
5338,155
5339,160
5340,171
5341,159
5342,192
5343,193
5344,173
5345,197
5346,174
5347,169
5348,170
5349,165
5350,176
5351,163
5352,194
5353,158
5354,188
5355,153
5356,157
5357,152
5358,165
5359,168
5360,189
5361,151
5362,175
5363,184
5364,164
5365,166
5366,160
5367,159
5368,192
5369,200
5370,172
5371,158
5372,168
5373,198
5374,170
5375,192
5376,152
5377,169
5378,194
5379,151
5380,174
5381,163
5382,173
5383,152
5384,161
5385,165
5386,166
5387,157
5388,153
5389,158
5390,159
5391,160
5392,155
5393,168
5394,167
5395,169
5396,197
5397,181
5398,188
5399,200
5400,154
5401,192
5402,153
5403,170
5404,152
5405,193
5406,176
5407,153
5408,156
5409,164
5410,175
5411,163
5412,172
5413,162
5414,157
5415,158
5416,197
5417,155
5418,195
5419,154
5420,165
5421,152
5422,151
5423,194
5424,163
5425,192
5426,157
5427,169
5428,161
5429,176
5430,160
5431,175
5432,162
5433,194
5434,158
5435,156
5436,159
5437,200
5438,166
5439,151
5440,164
5441,189
5442,170
5443,181
5444,162
5445,156
5446,198
5447,192
5448,152
5449,193
5450,154
5451,195
5452,163
5453,157
5454,194
5455,165
5456,188
5457,164
5458,175
5459,156
5460,158
5461,176
5462,162
5463,153
5464,157
5465,197
5466,160
5467,151
5468,167
5469,181
5470,156
5471,172
5472,154
5473,189
5474,184
5475,198
5476,158
5477,175
5478,170
5479,165
5480,171
5481,174
5482,192
5483,151
5484,164
5485,161
5486,168
5487,194
5488,175
5489,181
5490,184
5491,160
5492,192
5493,157
5494,166
5495,153
5496,193
5497,163
5498,197
5499,152
5500,188
5501,154
5502,169
5503,165
5504,160
5505,155
5506,158
5507,198
5508,175
5509,200
5510,162
5511,151
5512,163
5513,172
5514,152
5515,176
5516,192
5517,153
5518,159
5519,160
5520,170
5521,184
5522,193
5523,171
5524,166
5525,152
5526,197
5527,189
5528,151
5529,156
5530,161
5531,169
5532,160
5533,174
5534,157
5535,181
5536,175
5537,194
5538,192
5539,163
5540,184
5541,193
5542,160
5543,188
5544,170
5545,152
5546,176
5547,197
5548,169
5549,153
5550,200
5551,156
5552,158
5553,154
5554,160
5555,175
5556,193
5557,164
5558,198
5559,157
5560,172
5561,162
5562,155
5563,152
5564,165
5565,171
5566,159
5567,184
5568,160
5569,158
5570,194
5571,151
5572,161
5573,192
5574,200
5575,175
5576,169
5577,166
5578,165
5579,198
5580,181
5581,174
5582,189
5583,164
5584,170
5585,193
5586,156
5587,159
5588,162
5589,188
5590,194
5591,171
5592,160
5593,152
5594,169
5595,155
5596,197
5597,158
5598,157
5599,156
5600,164
5601,151
5602,153
5603,172
5604,166
5605,175
5606,170
5607,163
5608,192
5609,174
5610,194
5611,152
5612,162
5613,165
5614,158
5615,171
5616,189
5617,161
5618,159
5619,151
5620,169
5621,156
5622,157
5623,153
5624,152
5625,167
5626,181
5627,192
5628,160
5629,198
5630,154
5631,193
5632,163
5633,188
5634,174
5635,159
5636,153
5637,156
5638,171
5639,184
5640,152
5641,198
5642,192
5643,158
5644,164
5645,170
5646,151
5647,172
5648,197
5649,155
5650,163
5651,165
5652,175
5653,171
5654,194
5655,174
5656,156
5657,152
5658,162
5659,158
5660,161
5661,200
5662,197
5663,188
5664,192
5665,184
5666,197
5667,160
5668,167
5669,153
5670,175
5671,165
5672,163
5673,181
5674,198
5675,193
5676,188
5677,192
5678,200
5679,197
5680,174
5681,200
5682,155
5683,159
5684,162
5685,152
5686,169
5687,160
5688,153
5689,158
5690,172
5691,151
5692,167
5693,156
5694,198
5695,171
5696,197
5697,192
5698,157
5699,159
5700,189
5701,161
5702,181
5703,157
5704,174
5705,193
5706,188
5707,194
5708,184
5709,165
5710,164
5711,198
5712,156
5713,167
5714,159
5715,171
5716,192
5717,175
5718,158
5719,188
5720,193
5721,157
5722,153
5723,160
5724,198
5725,162
5726,197
5727,165
5728,184
5729,159
5730,164
5731,156
5732,172
5733,152
5734,158
5735,151
5736,163
5737,155
5738,200
5739,153
5740,170
5741,198
5742,160
5743,197
5744,161
5745,175
5746,156
5747,188
5748,152
5749,162
5750,193
5751,192
5752,169
5753,167
5754,189
5755,171
5756,194
5757,157
5758,198
5759,170
5760,159
5761,172
5762,152
5763,160
5764,193
5765,158
5766,156
5767,192
5768,184
5769,189
5770,164
5771,163
5772,194
5773,172
5774,200
5775,197
5776,175
5777,151
5778,157
5779,152
5780,158
5781,160
5782,165
5783,192
5784,155
5785,161
5786,153
5787,198
5788,188
5789,169
5790,159
5791,167
5792,193
5793,152
5794,158
5795,171
5796,200
5797,157
5798,170
5799,156
5800,192
5801,189
5802,172
5803,194
5804,198
5805,151
5806,175
5807,158
5808,152
5809,169
5810,167
5811,200
5812,200
5813,160
5814,161
5815,165
5816,156
5817,192
5818,188
5819,189
5820,194
5821,193
5822,197
5823,152
5824,175
5825,167
5826,163
5827,200
5828,157
5829,188
5830,170
5831,165
5832,192
5833,193
5834,155
5835,153
5836,181
5837,198
5838,152
5839,159
5840,172
5841,151
5842,171
5843,167
5844,157
5845,170
5846,160
5847,158
5848,156
5849,192
5850,152
5851,153
5852,194
5853,175
5854,197
5855,161
5856,188
5857,193
5858,152
5859,175
5860,160
5861,157
5862,165
5863,159
5864,156
5865,171
5866,155
5867,198
5868,153
5869,163
5870,172
5871,193
5872,158
5873,152
5874,159
5875,197
5876,194
5877,189
5878,192
5879,165
5880,170
5881,157
5882,200
5883,161
5884,167
5885,188
5886,193
5887,152
5888,175
5889,197
5890,198
5891,153
5892,192
5893,156
5894,160
5895,170
5896,188
5897,200
5898,163
5899,193
5900,158
5901,152
5902,159
5903,197
5904,172
5905,153
5906,189
5907,192
5908,160
5909,160
5910,151
5911,157
5912,171
5913,193
5914,152
5915,161
5916,175
5917,197
5918,194
5919,155
5920,188
5921,192
5922,165
5923,160
5924,193
5925,157
5926,200
5927,158
5928,152
5929,159
5930,172
5931,198
5932,189
5933,192
5934,151
5935,156
5936,165
5937,193
5938,170
5939,157
5940,152
5941,161
5942,159
5943,197
5944,188
5945,194
5946,189
5947,193
5948,192
5949,156
5950,152
5951,160
5952,157
5953,175
5954,188
5955,159
5956,198
5957,193
5958,153
5959,192
5960,158
5961,156
5962,172
5963,160
5964,152
5965,157
5966,159
5967,151
5968,197
5969,194
5970,193
5971,155
5972,161
5973,192
5974,152
5975,156
5976,175
5977,188
5978,170
5979,197
5980,193
5981,194
5982,189
5983,158
5984,192
5985,172
5986,175
5987,156
5988,160
5989,159
5990,151
5991,198
5992,158
5993,153
5994,161
5995,155
5996,152
5997,156
5998,188
5999,159
6000,160
6001,197
6002,158
6003,153
6004,152
6005,189
6006,172
6007,192
6008,175
6009,156
6010,197
6011,151
6012,194
6013,158
6014,161
6015,153
6016,175
6017,192
6018,188
6019,159
6020,156
6021,198
6022,158
6023,153
6024,152
6025,188
6026,155
6027,159
6028,192
6029,193
6030,197
6031,153
6032,152
6033,172
6034,155
6035,175
6036,151
6037,192
6038,197
6039,161
6040,158
6041,194
6042,152
6043,189
6044,188
6045,155
6046,197
6047,193
6048,198
6049,172
6050,152
6051,153
6052,159
6053,155
6054,193
6055,197
6056,161
6057,181
6058,153
6059,175
6060,188
6061,189
6062,197
6063,158
6064,194
6065,188
6066,152
6067,189
6068,197
6069,193
6070,172
6071,198
6072,152
6073,153
6074,151
6075,159
6076,161
6077,198
6078,158
6079,153
6080,188
6081,175
6082,197
6083,158
6084,188
6085,194
6086,152
6087,193
6088,197
6089,161
6090,198
6091,158
6092,151
6093,159
6094,158
6095,198
6096,188
6097,175
6098,193
6099,197
6100,172
6101,152
6102,151
6103,197
6104,161
6105,152
6106,151
6107,175
6108,158
6109,188
6110,152
6111,193
6112,161
6113,193
6114,151
6115,188
