Id,bin
1,52
2,52
3,52
4,52
5,52
6,52
7,52
8,52
9,52
10,52
11,52
12,52
13,52
14,52
15,52
16,52
17,52
18,52
19,52
20,52
21,52
22,52
23,52
24,41
25,52
26,41
27,41
28,41
29,41
30,41
31,41
32,41
33,41
34,54
35,54
36,54
37,54
38,54
39,41
40,54
41,54
42,54
43,54
44,54
45,41
46,54
47,54
48,54
49,41
50,54
51,54
52,54
53,41
54,54
55,54
56,41
57,54
58,54
59,41
60,54
61,54
62,41
63,54
64,41
65,54
66,54
67,41
68,35
69,54
70,41
71,35
72,41
73,35
74,35
75,41
76,35
77,41
78,35
79,35
80,41
81,39
82,39
83,39
84,39
85,39
86,39
87,35
88,39
89,39
90,39
91,41
92,39
93,35
94,39
95,39
96,39
97,35
98,41
99,39
100,39
101,39
102,35
103,39
104,41
105,39
106,35
107,39
108,41
109,39
110,35
111,39
112,39
113,35
114,41
115,39
116,39
117,35
118,41
119,39
120,35
121,45
122,41
123,39
124,35
125,45
126,41
127,35
128,45
129,45
130,35
131,57
132,45
133,35
134,45
135,41
136,45
137,35
138,49
139,49
140,49
141,49
142,49
143,49
144,45
145,49
146,49
147,57
148,49
149,49
150,35
151,45
152,49
153,49
154,49
155,57
156,45
157,49
158,35
159,49
160,49
161,45
162,49
163,35
164,57
165,49
166,45
167,49
168,49
169,35
170,45
171,57
172,49
173,49
174,45
175,35
176,49
177,57
178,40
179,45
180,35
181,40
182,45
183,40
184,57
185,40
186,35
187,45
188,40
189,57
190,40
191,35
192,45
193,40
194,45
195,57
196,35
197,40
198,40
199,45
200,35
201,57
202,40
203,38
204,38
205,38
206,45
207,38
208,38
209,38
210,38
211,40
212,38
213,38
214,60
215,38
216,45
217,38
218,57
219,40
220,38
221,38
222,38
223,40
224,35
225,45
226,38
227,38
228,57
229,40
230,38
231,45
232,38
233,60
234,40
235,38
236,38
237,57
238,45
239,40
240,38
241,60
242,38
243,40
244,45
245,38
246,57
247,38
248,60
249,40
250,38
251,45
252,40
253,51
254,57
255,60
256,38
257,45
258,40
259,51
260,60
261,51
262,57
263,40
264,45
265,51
266,40
267,51
268,45
269,60
270,57
271,51
272,40
273,45
274,51
275,26
276,26
277,60
278,26
279,26
280,26
281,40
282,26
283,57
284,26
285,51
286,26
287,26
288,26
289,59
290,26
291,40
292,51
293,26
294,60
295,26
296,26
297,57
298,51
299,26
300,45
301,40
302,26
303,51
304,26
305,60
306,26
307,40
308,59
309,51
310,26
311,57
312,26
313,60
314,40
315,51
316,26
317,59
318,26
319,51
320,57
321,26
322,40
323,60
324,26
325,51
326,59
327,26
328,40
329,56
330,51
331,57
332,60
333,59
334,26
335,40
336,51
337,56
338,56
339,57
340,51
341,59
342,40
343,60
344,56
345,51
346,56
347,58
348,59
349,57
350,60
351,56
352,51
353,56
354,58
355,20
356,20
357,20
358,20
359,20
360,59
361,20
362,51
363,20
364,20
365,56
366,60
367,20
368,57
369,20
370,58
371,20
372,56
373,51
374,20
375,20
376,59
377,20
378,56
379,20
380,60
381,51
382,58
383,20
384,57
385,56
386,20
387,59
388,20
389,51
390,20
391,56
392,58
393,60
394,20
395,57
396,56
397,20
398,51
399,59
400,20
401,58
402,56
403,20
404,51
405,60
406,20
407,59
408,56
409,57
410,58
411,20
412,51
413,20
414,56
415,60
416,20
417,59
418,58
419,51
420,56
421,57
422,36
423,20
424,56
425,60
426,58
427,51
428,59
429,36
430,56
431,57
432,36
433,51
434,58
435,36
436,60
437,59
438,56
439,36
440,37
441,37
442,37
443,51
444,37
445,37
446,37
447,37
448,56
449,57
450,58
451,37
452,36
453,37
454,37
455,59
456,37
457,60
458,51
459,36
460,37
461,56
462,37
463,58
464,37
465,36
466,37
467,70
468,56
469,37
470,51
471,59
472,37
473,36
474,60
475,37
476,58
477,56
478,37
479,36
480,51
481,37
482,59
483,57
484,37
485,36
486,56
487,60
488,58
489,37
490,51
491,36
492,37
493,56
494,37
495,59
496,36
497,70
498,58
499,37
500,51
501,60
502,56
503,24
504,36
505,24
506,59
507,51
508,58
509,56
510,36
511,24
512,70
513,60
514,24
515,36
516,56
517,9
518,24
519,59
520,58
521,36
522,24
523,70
524,60
525,56
526,51
527,24
528,36
529,58
530,59
531,50
532,24
533,50
534,50
535,50
536,50
537,56
538,50
539,50
540,36
541,50
542,24
543,9
544,50
545,60
546,50
547,70
548,50
549,58
550,50
551,24
552,9
553,59
554,36
555,50
556,50
557,9
558,24
559,50
560,50
561,36
562,56
563,60
564,50
565,58
566,24
567,70
568,50
569,59
570,9
571,50
572,36
573,24
574,9
575,50
576,50
577,58
578,24
579,36
580,60
581,50
582,9
583,59
584,70
585,9
586,50
587,24
588,36
589,34
590,58
591,24
592,50
593,9
594,9
595,60
596,59
597,34
598,36
599,24
600,70
601,34
602,58
603,9
604,24
605,34
606,36
607,9
608,34
609,60
610,59
611,24
612,36
613,34
614,9
615,70
616,58
617,9
618,24
619,34
620,36
621,34
622,59
623,60
624,9
625,24
626,25
627,9
628,25
629,25
630,34
631,25
632,58
633,25
634,25
635,70
636,25
637,36
638,25
639,24
640,25
641,34
642,9
643,25
644,25
645,59
646,25
647,34
648,60
649,9
650,25
651,36
652,24
653,58
654,25
655,25
656,34
657,9
658,70
659,25
660,24
661,25
662,36
663,34
664,9
665,59
666,25
667,60
668,25
669,58
670,24
671,34
672,9
673,25
674,36
675,25
676,34
677,70
678,24
679,9
680,25
681,59
682,9
683,25
684,58
685,34
686,36
687,60
688,25
689,24
690,34
691,25
692,9
693,9
694,9
695,70
696,43
697,24
698,59
699,34
700,58
701,25
702,7
703,43
704,34
705,36
706,9
707,24
708,9
709,43
710,34
711,59
712,58
713,70
714,43
715,24
716,9
717,60
718,9
719,9
720,43
721,34
722,24
723,43
724,9
725,34
726,7
727,7
728,12
729,12
730,12
731,43
732,12
733,12
734,70
735,9
736,12
737,12
738,9
739,12
740,24
741,12
742,34
743,43
744,7
745,12
746,12
747,9
748,12
749,43
750,12
751,58
752,34
753,24
754,9
755,12
756,7
757,9
758,12
759,43
760,12
761,70
762,9
763,34
764,12
765,7
766,43
767,24
768,12
769,9
770,7
771,12
772,43
773,34
774,9
775,7
776,12
777,9
778,67
779,12
780,43
781,70
782,12
783,34
784,9
785,7
786,12
787,43
788,9
789,7
790,67
791,9
792,12
793,34
794,7
795,43
796,12
797,9
798,12
799,67
800,9
801,34
802,43
803,70
804,7
805,12
806,7
807,9
808,12
809,43
810,7
811,34
812,67
813,9
814,9
815,12
816,43
817,44
818,9
819,34
820,7
821,70
822,67
823,7
824,12
825,43
826,9
827,9
828,7
829,44
830,34
831,43
832,67
833,8
834,8
835,8
836,8
837,44
838,8
839,9
840,8
841,7
842,8
843,9
844,8
845,8
846,34
847,9
848,44
849,43
850,7
851,70
852,8
853,8
854,8
855,67
856,7
857,44
858,8
859,43
860,8
861,34
862,9
863,67
864,8
865,44
866,7
867,8
868,9
869,67
870,8
871,43
872,44
873,7
874,8
875,34
876,70
877,7
878,8
879,9
880,44
881,43
882,9
883,8
884,67
885,9
886,8
887,7
888,34
889,44
890,8
891,43
892,8
893,67
894,7
895,44
896,67
897,7
898,70
899,34
900,8
901,9
902,9
903,43
904,8
905,44
906,7
907,8
908,67
909,34
910,67
911,43
912,44
913,8
914,7
915,9
916,9
917,7
918,8
919,44
920,70
921,43
922,34
923,8
924,7
925,67
926,67
927,44
928,8
929,43
930,9
931,67
932,9
933,8
934,44
935,7
936,7
937,67
938,67
939,14
940,70
941,43
942,7
943,23
944,44
945,23
946,23
947,23
948,23
949,34
950,8
951,23
952,23
953,23
954,9
955,23
956,67
957,7
958,14
959,43
960,23
961,44
962,67
963,23
964,23
965,7
966,7
967,67
968,23
969,14
970,23
971,7
972,44
973,43
974,23
975,70
976,14
977,67
978,9
979,23
980,23
981,67
982,7
983,44
984,67
985,14
986,23
987,43
988,23
989,7
990,14
991,7
992,23
993,67
994,44
995,7
996,9
997,23
998,67
999,67
1000,43
1001,70
1002,14
1003,23
1004,7
1005,44
1006,23
1007,14
1008,67
1009,23
1010,67
1011,43
1012,7
1013,44
1014,7
1015,9
1016,23
1017,7
1018,67
1019,14
1020,23
1021,7
1022,43
1023,70
1024,67
1025,14
1026,44
1027,23
1028,67
1029,18
1030,14
1031,67
1032,2
1033,7
1034,7
1035,44
1036,18
1037,43
1038,7
1039,67
1040,67
1041,7
1042,14
1043,18
1044,44
1045,18
1046,70
1047,43
1048,14
1049,67
1050,2
1051,67
1052,18
1053,67
1054,7
1055,7
1056,44
1057,15
1058,15
1059,15
1060,15
1061,14
1062,15
1063,18
1064,7
1065,15
1066,43
1067,15
1068,7
1069,15
1070,15
1071,15
1072,18
1073,2
1074,14
1075,44
1076,67
1077,15
1078,2
1079,15
1080,67
1081,70
1082,15
1083,18
1084,43
1085,15
1086,7
1087,14
1088,15
1089,7
1090,44
1091,7
1092,18
1093,15
1094,67
1095,15
1096,67
1097,7
1098,14
1099,18
1100,67
1101,15
1102,43
1103,2
1104,44
1105,15
1106,18
1107,15
1108,14
1109,70
1110,67
1111,7
1112,15
1113,7
1114,7
1115,5
1116,2
1117,18
1118,44
1119,15
1120,67
1121,14
1122,15
1123,2
1124,7
1125,18
1126,15
1127,67
1128,44
1129,5
1130,14
1131,15
1132,18
1133,7
1134,67
1135,67
1136,2
1137,70
1138,15
1139,7
1140,18
1141,15
1142,44
1143,14
1144,2
1145,67
1146,5
1147,15
1148,7
1149,18
1150,67
1151,14
1152,15
1153,2
1154,44
1155,7
1156,7
1157,5
1158,18
1159,15
1160,67
1161,7
1162,70
1163,2
1164,14
1165,15
1166,18
1167,44
1168,67
1169,15
1170,7
1171,2
1172,5
1173,42
1174,42
1175,42
1176,14
1177,67
1178,42
1179,42
1180,18
1181,42
1182,15
1183,2
1184,42
1185,7
1186,42
1187,44
1188,42
1189,2
1190,42
1191,27
1192,7
1193,42
1194,18
1195,14
1196,42
1197,70
1198,5
1199,67
1200,42
1201,15
1202,2
1203,67
1204,42
1205,5
1206,42
1207,18
1208,7
1209,14
1210,27
1211,42
1212,2
1213,42
1214,7
1215,2
1216,5
1217,42
1218,18
1219,27
1220,67
1221,44
1222,67
1223,42
1224,7
1225,14
1226,2
1227,42
1228,27
1229,70
1230,18
1231,42
1232,5
1233,27
1234,42
1235,2
1236,5
1237,7
1238,14
1239,2
1240,67
1241,7
1242,67
1243,42
1244,18
1245,27
1246,21
1247,2
1248,7
1249,5
1250,14
1251,42
1252,5
1253,18
1254,27
1255,21
1256,70
1257,67
1258,67
1259,2
1260,2
1261,27
1262,21
1263,18
1264,14
1265,7
1266,7
1267,5
1268,5
1269,2
1270,21
1271,27
1272,21
1273,18
1274,7
1275,67
1276,14
1277,67
1278,21
1279,27
1280,5
1281,2
1282,5
1283,2
1284,62
1285,21
1286,18
1287,2
1288,7
1289,27
1290,14
1291,7
1292,21
1293,67
1294,46
1295,46
1296,46
1297,46
1298,5
1299,46
1300,18
1301,67
1302,46
1303,27
1304,21
1305,46
1306,5
1307,7
1308,46
1309,46
1310,14
1311,46
1312,2
1313,21
1314,2
1315,46
1316,27
1317,2
1318,46
1319,18
1320,46
1321,5
1322,62
1323,21
1324,5
1325,7
1326,46
1327,5
1328,46
1329,67
1330,7
1331,14
1332,27
1333,46
1334,21
1335,18
1336,46
1337,7
1338,46
1339,2
1340,5
1341,21
1342,27
1343,2
1344,2
1345,46
1346,5
1347,14
1348,5
1349,18
1350,46
1351,21
1352,67
1353,7
1354,27
1355,46
1356,62
1357,46
1358,5
1359,21
1360,62
1361,14
1362,18
1363,46
1364,27
1365,2
1366,5
1367,2
1368,5
1369,21
1370,7
1371,32
1372,2
1373,2
1374,46
1375,18
1376,5
1377,27
1378,21
1379,14
1380,32
1381,2
1382,32
1383,62
1384,5
1385,21
1386,5
1387,27
1388,62
1389,18
1390,2
1391,2
1392,32
1393,14
1394,5
1395,2
1396,21
1397,2
1398,7
1399,32
1400,27
1401,18
1402,32
1403,5
1404,21
1405,2
1406,5
1407,14
1408,5
1409,32
1410,27
1411,2
1412,2
1413,21
1414,62
1415,18
1416,2
1417,32
1418,62
1419,11
1420,11
1421,11
1422,2
1423,11
1424,11
1425,11
1426,5
1427,62
1428,27
1429,11
1430,14
1431,32
1432,21
1433,11
1434,5
1435,11
1436,5
1437,11
1438,18
1439,11
1440,32
1441,2
1442,11
1443,21
1444,2
1445,27
1446,11
1447,2
1448,32
1449,2
1450,11
1451,14
1452,11
1453,5
1454,21
1455,11
1456,62
1457,5
1458,66
1459,2
1460,32
1461,62
1462,5
1463,27
1464,11
1465,62
1466,11
1467,32
1468,21
1469,66
1470,11
1471,2
1472,2
1473,18
1474,11
1475,2
1476,27
1477,5
1478,32
1479,2
1480,5
1481,11
1482,21
1483,5
1484,11
1485,32
1486,2
1487,14
1488,11
1489,27
1490,66
1491,62
1492,62
1493,21
1494,32
1495,11
1496,62
1497,5
1498,5
1499,2
1500,2
1501,11
1502,2
1503,2
1504,27
1505,32
1506,21
1507,5
1508,66
1509,11
1510,66
1511,11
1512,32
1513,2
1514,21
1515,5
1516,5
1517,27
1518,11
1519,62
1520,66
1521,2
1522,2
1523,32
1524,62
1525,66
1526,11
1527,62
1528,5
1529,21
1530,2
1531,11
1532,2
1533,27
1534,32
1535,5
1536,11
1537,66
1538,5
1539,21
1540,66
1541,2
1542,32
1543,30
1544,2
1545,19
1546,27
1547,19
1548,19
1549,2
1550,19
1551,19
1552,19
1553,5
1554,19
1555,11
1556,19
1557,32
1558,62
1559,21
1560,19
1561,62
1562,66
1563,62
1564,5
1565,2
1566,19
1567,19
1568,66
1569,30
1570,5
1571,62
1572,27
1573,19
1574,32
1575,19
1576,21
1577,19
1578,30
1579,2
1580,2
1581,19
1582,66
1583,5
1584,2
1585,19
1586,32
1587,5
1588,30
1589,27
1590,19
1591,66
1592,21
1593,19
1594,5
1595,2
1596,30
1597,62
1598,62
1599,32
1600,19
1601,62
1602,66
1603,62
1604,19
1605,27
1606,30
1607,21
1608,19
1609,2
1610,5
1611,5
1612,66
1613,32
1614,2
1615,2
1616,19
1617,30
1618,5
1619,19
1620,66
1621,68
1622,27
1623,32
1624,2
1625,19
1626,30
1627,19
1628,66
1629,62
1630,5
1631,62
1632,62
1633,1
1634,30
1635,5
1636,32
1637,21
1638,19
1639,62
1640,27
1641,66
1642,2
1643,5
1644,2
1645,19
1646,30
1647,32
1648,19
1649,68
1650,66
1651,2
1652,5
1653,30
1654,19
1655,66
1656,66
1657,5
1658,1
1659,32
1660,22
1661,62
1662,5
1663,30
1664,62
1665,62
1666,68
1667,1
1668,19
1669,62
1670,66
1671,2
1672,27
1673,32
1674,5
1675,30
1676,66
1677,22
1678,13
1679,13
1680,13
1681,13
1682,13
1683,68
1684,13
1685,2
1686,13
1687,5
1688,13
1689,22
1690,30
1691,13
1692,1
1693,32
1694,5
1695,13
1696,66
1697,13
1698,66
1699,22
1700,13
1701,66
1702,1
1703,62
1704,13
1705,68
1706,62
1707,30
1708,5
1709,62
1710,13
1711,22
1712,32
1713,62
1714,13
1715,62
1716,13
1717,66
1718,30
1719,22
1720,1
1721,13
1722,1
1723,5
1724,68
1725,66
1726,1
1727,13
1728,68
1729,66
1730,22
1731,13
1732,30
1733,5
1734,13
1735,1
1736,66
1737,22
1738,13
1739,68
1740,68
1741,62
1742,62
1743,30
1744,62
1745,13
1746,62
1747,66
1748,66
1749,1
1750,22
1751,5
1752,13
1753,1
1754,1
1755,62
1756,68
1757,5
1758,13
1759,66
1760,30
1761,68
1762,22
1763,13
1764,1
1765,22
1766,66
1767,13
1768,66
1769,30
1770,68
1771,5
1772,1
1773,62
1774,68
1775,13
1776,66
1777,62
1778,1
1779,22
1780,66
1781,1
1782,13
1783,62
1784,30
1785,1
1786,68
1787,22
1788,13
1789,66
1790,66
1791,62
1792,68
1793,66
1794,1
1795,30
1796,28
1797,22
1798,1
1799,1
1800,68
1801,13
1802,5
1803,62
1804,30
1805,62
1806,68
1807,66
1808,1
1809,22
1810,62
1811,28
1812,3
1813,3
1814,3
1815,3
1816,3
1817,66
1818,66
1819,3
1820,1
1821,3
1822,68
1823,62
1824,3
1825,28
1826,3
1827,22
1828,3
1829,30
1830,3
1831,1
1832,5
1833,28
1834,3
1835,68
1836,66
1837,1
1838,62
1839,3
1840,66
1841,22
1842,3
1843,68
1844,66
1845,28
1846,3
1847,30
1848,66
1849,1
1850,3
1851,62
1852,1
1853,28
1854,22
1855,3
1856,68
1857,62
1858,1
1859,3
1860,68
1861,30
1862,1
1863,28
1864,66
1865,66
1866,3
1867,66
1868,62
1869,1
1870,22
1871,1
1872,3
1873,66
1874,28
1875,3
1876,68
1877,30
1878,68
1879,62
1880,1
1881,3
1882,22
1883,28
1884,3
1885,66
1886,66
1887,1
1888,62
1889,1
1890,66
1891,1
1892,3
1893,30
1894,22
1895,28
1896,62
1897,68
1898,68
1899,1
1900,66
1901,3
1902,1
1903,62
1904,33
1905,28
1906,22
1907,66
1908,30
1909,1
1910,66
1911,3
1912,68
1913,28
1914,68
1915,66
1916,33
1917,1
1918,62
1919,22
1920,66
1921,1
1922,1
1923,62
1924,30
1925,33
1926,28
1927,1
1928,66
1929,1
1930,62
1931,68
1932,33
1933,66
1934,22
1935,68
1936,28
1937,33
1938,30
1939,1
1940,62
1941,66
1942,1
1943,53
1944,66
1945,53
1946,33
1947,53
1948,28
1949,22
1950,53
1951,53
1952,68
1953,53
1954,66
1955,53
1956,53
1957,68
1958,1
1959,33
1960,53
1961,1
1962,30
1963,66
1964,1
1965,62
1966,53
1967,28
1968,62
1969,53
1970,22
1971,1
1972,53
1973,33
1974,53
1975,62
1976,68
1977,53
1978,66
1979,28
1980,1
1981,66
1982,33
1983,30
1984,53
1985,66
1986,1
1987,68
1988,22
1989,53
1990,62
1991,66
1992,53
1993,33
1994,28
1995,1
1996,53
1997,68
1998,53
1999,30
2000,33
2001,22
2002,1
2003,1
2004,1
2005,53
2006,28
2007,66
2008,68
2009,62
2010,66
2011,66
2012,62
2013,53
2014,33
2015,1
2016,1
2017,66
2018,31
2019,62
2020,22
2021,68
2022,30
2023,28
2024,33
2025,53
2026,1
2027,31
2028,68
2029,66
2030,62
2031,33
2032,28
2033,22
2034,31
2035,66
2036,66
2037,4
2038,1
2039,68
2040,1
2041,1
2042,31
2043,66
2044,33
2045,1
2046,62
2047,28
2048,1
2049,31
2050,22
2051,62
2052,68
2053,33
2054,66
2055,30
2056,31
2057,62
2058,68
2059,1
2060,28
2061,66
2062,31
2063,33
2064,66
2065,22
2066,66
2067,31
2068,62
2069,1
2070,68
2071,4
2072,1
2073,28
2074,1
2075,33
2076,1
2077,31
2078,68
2079,66
2080,1
2081,22
2082,1
2083,55
2084,55
2085,55
2086,55
2087,31
2088,55
2089,33
2090,28
2091,55
2092,1
2093,66
2094,55
2095,55
2096,4
2097,62
2098,66
2099,66
2100,55
2101,31
2102,68
2103,61
2104,55
2105,22
2106,55
2107,68
2108,33
2109,55
2110,66
2111,28
2112,31
2113,1
2114,55
2115,55
2116,1
2117,1
2118,33
2119,4
2120,55
2121,31
2122,1
2123,1
2124,61
2125,22
2126,55
2127,66
2128,28
2129,68
2130,66
2131,68
2132,55
2133,31
2134,1
2135,62
2136,66
2137,33
2138,55
2139,66
2140,55
2141,4
2142,31
2143,28
2144,22
2145,55
2146,1
2147,62
2148,62
2149,33
2150,55
2151,31
2152,68
2153,68
2154,1
2155,1
2156,29
2157,66
2158,66
2159,1
2160,28
2161,33
2162,4
2163,1
2164,55
2165,31
2166,22
2167,66
2168,66
2169,1
2170,61
2171,29
2172,31
2173,61
2174,33
2175,55
2176,68
2177,28
2178,68
2179,1
2180,4
2181,29
2182,4
2183,31
2184,66
2185,66
2186,33
2187,61
2188,29
2189,66
2190,62
2191,1
2192,28
2193,1
2194,1
2195,64
2196,31
2197,29
2198,4
2199,1
2200,22
2201,1
2202,68
2203,33
2204,4
2205,29
2206,31
2207,61
2208,28
2209,1
2210,29
2211,66
2212,61
2213,66
2214,66
2215,33
2216,31
2217,4
2218,29
2219,4
2220,4
2221,47
2222,47
2223,64
2224,47
2225,28
2226,68
2227,47
2228,47
2229,1
2230,29
2231,1
2232,47
2233,31
2234,61
2235,47
2236,1
2237,33
2238,47
2239,1
2240,47
2241,61
2242,29
2243,47
2244,4
2245,47
2246,66
2247,61
2248,31
2249,66
2250,47
2251,64
2252,28
2253,4
2254,66
2255,29
2256,47
2257,4
2258,33
2259,47
2260,4
2261,61
2262,47
2263,61
2264,29
2265,31
2266,64
2267,47
2268,4
2269,28
2270,47
2271,33
2272,1
2273,29
2274,1
2275,47
2276,4
2277,31
2278,1
2279,4
2280,66
2281,66
2282,1
2283,47
2284,61
2285,29
2286,64
2287,64
2288,47
2289,4
2290,4
2291,33
2292,28
2293,61
2294,61
2295,31
2296,47
2297,29
2298,47
2299,64
2300,4
2301,4
2302,47
2303,31
2304,33
2305,29
2306,61
2307,61
2308,66
2309,66
2310,28
2311,4
2312,47
2313,64
2314,64
2315,64
2316,4
2317,29
2318,64
2319,47
2320,31
2321,61
2322,64
2323,33
2324,4
2325,10
2326,4
2327,29
2328,61
2329,6
2330,4
2331,47
2332,64
2333,61
2334,31
2335,4
2336,61
2337,33
2338,10
2339,66
2340,29
2341,4
2342,10
2343,4
2344,28
2345,31
2346,64
2347,64
2348,61
2349,64
2350,29
2351,4
2352,64
2353,4
2354,61
2355,10
2356,64
2357,6
2358,61
2359,29
2360,10
2361,31
2362,4
2363,64
2364,6
2365,69
2366,69
2367,4
2368,69
2369,69
2370,64
2371,69
2372,4
2373,69
2374,10
2375,61
2376,69
2377,33
2378,4
2379,61
2380,29
2381,69
2382,69
2383,4
2384,31
2385,69
2386,10
2387,64
2388,69
2389,61
2390,69
2391,64
2392,64
2393,6
2394,29
2395,69
2396,10
2397,64
2398,6
2399,64
2400,69
2401,61
2402,31
2403,4
2404,4
2405,4
2406,4
2407,69
2408,10
2409,61
2410,64
2411,64
2412,29
2413,69
2414,61
2415,4
2416,69
2417,6
2418,10
2419,31
2420,6
2421,69
2422,64
2423,29
2424,69
2425,61
2426,61
2427,4
2428,10
2429,4
2430,69
2431,64
2432,4
2433,4
2434,64
2435,69
2436,6
2437,64
2438,29
2439,6
2440,6
2441,10
2442,4
2443,64
2444,69
2445,64
2446,61
2447,64
2448,61
2449,69
2450,10
2451,29
2452,4
2453,31
2454,61
2455,4
2456,69
2457,64
2458,61
2459,6
2460,6
2461,69
2462,10
2463,4
2464,4
2465,29
2466,4
2467,17
2468,6
2469,61
2470,64
2471,64
2472,10
2473,61
2474,64
2475,64
2476,4
2477,69
2478,6
2479,64
2480,4
2481,29
2482,6
2483,64
2484,17
2485,10
2486,6
2487,64
2488,17
2489,4
2490,61
2491,61
2492,4
2493,4
2494,29
2495,61
2496,10
2497,6
2498,4
2499,17
2500,6
2501,61
2502,6
2503,4
2504,64
2505,17
2506,10
2507,64
2508,64
2509,29
2510,48
2511,48
2512,48
2513,48
2514,48
2515,61
2516,64
2517,64
2518,48
2519,17
2520,48
2521,6
2522,48
2523,61
2524,4
2525,48
2526,10
2527,4
2528,6
2529,4
2530,48
2531,64
2532,64
2533,6
2534,17
2535,4
2536,29
2537,48
2538,48
2539,4
2540,48
2541,10
2542,17
2543,48
2544,6
2545,61
2546,64
2547,61
2548,48
2549,6
2550,61
2551,29
2552,17
2553,48
2554,64
2555,10
2556,4
2557,6
2558,64
2559,48
2560,4
2561,4
2562,64
2563,61
2564,48
2565,64
2566,17
2567,4
2568,29
2569,6
2570,4
2571,61
2572,64
2573,48
2574,6
2575,10
2576,48
2577,17
2578,64
2579,61
2580,48
2581,6
2582,64
2583,4
2584,29
2585,10
2586,17
2587,48
2588,6
2589,4
2590,6
2591,4
2592,61
2593,48
2594,61
2595,4
2596,64
2597,17
2598,64
2599,64
2600,10
2601,48
2602,4
2603,29
2604,61
2605,64
2606,6
2607,64
2608,48
2609,17
2610,6
2611,4
2612,6
2613,61
2614,48
2615,10
2616,61
2617,64
2618,4
2619,64
2620,6
2621,17
2622,48
2623,4
2624,4
2625,61
2626,6
2627,6
2628,10
2629,48
2630,17
2631,4
2632,6
2633,64
2634,4
2635,64
2636,48
2637,29
2638,61
2639,64
2640,64
2641,61
2642,17
2643,10
2644,48
2645,64
2646,6
2647,4
2648,64
2649,4
2650,6
2651,4
2652,61
2653,48
2654,6
2655,63
2656,6
2657,63
2658,17
2659,63
2660,63
2661,63
2662,10
2663,63
2664,61
2665,6
2666,63
2667,64
2668,48
2669,61
2670,63
2671,4
2672,63
2673,63
2674,6
2675,17
2676,63
2677,48
2678,64
2679,6
2680,64
2681,63
2682,61
2683,10
2684,64
2685,6
2686,63
2687,6
2688,4
2689,4
2690,64
2691,48
2692,63
2693,17
2694,61
2695,4
2696,63
2697,64
2698,4
2699,6
2700,61
2701,63
2702,64
2703,48
2704,10
2705,6
2706,63
2707,17
2708,4
2709,65
2710,48
2711,6
2712,6
2713,63
2714,61
2715,64
2716,61
2717,10
2718,4
2719,4
2720,17
2721,65
2722,6
2723,6
2724,64
2725,48
2726,64
2727,61
2728,64
2729,6
2730,65
2731,4
2732,64
2733,64
2734,65
2735,48
2736,17
2737,61
2738,10
2739,6
2740,61
2741,65
2742,6
2743,6
2744,6
2745,4
2746,64
2747,48
2748,65
2749,4
2750,17
2751,61
2752,4
2753,65
2754,10
2755,4
2756,48
2757,6
2758,65
2759,6
2760,4
2761,64
2762,64
2763,64
2764,17
2765,64
2766,6
2767,6
2768,61
2769,65
2770,48
2771,64
2772,61
2773,10
2774,64
2775,65
2776,61
2777,4
2778,17
2779,4
2780,48
2781,6
2782,6
2783,4
2784,65
2785,6
2786,61
2787,61
2788,6
2789,64
2790,10
2791,6
2792,65
2793,48
2794,17
2795,4
2796,61
2797,64
2798,64
2799,65
2800,16
2801,16
2802,6
2803,16
2804,16
2805,16
2806,64
2807,48
2808,16
2809,64
2810,10
2811,16
2812,64
2813,4
2814,16
2815,6
2816,6
2817,17
2818,65
2819,6
2820,16
2821,16
2822,4
2823,61
2824,4
2825,64
2826,16
2827,48
2828,6
2829,65
2830,16
2831,6
2832,16
2833,61
2834,10
2835,17
2836,16
2837,4
2838,65
2839,61
2840,48
2841,16
2842,64
2843,61
2844,6
2845,6
2846,16
2847,61
2848,4
2849,65
2850,4
2851,64
2852,16
2853,64
2854,87
2855,82
2856,83
2857,82
2858,81
2859,79
2860,92
2861,86
2862,90
2863,93
2864,81
2865,94
2866,79
2867,88
2868,79
2869,83
2870,81
2871,81
2872,83
2873,81
2874,88
2875,79
2876,94
2877,82
2878,93
2879,82
2880,86
2881,79
2882,92
2883,81
2884,81
2885,92
2886,79
2887,81
2888,88
2889,87
2890,93
2891,87
2892,86
2893,88
2894,83
2895,79
2896,90
2897,81
2898,93
2899,82
2900,83
2901,94
2902,82
2903,81
2904,79
2905,93
2906,90
2907,81
2908,81
2909,79
2910,94
2911,92
2912,93
2913,88
2914,92
2915,92
2916,81
2917,82
2918,79
2919,88
2920,82
2921,81
2922,82
2923,79
2924,81
2925,83
2926,86
2927,93
2928,79
2929,81
2930,87
2931,87
2932,79
2933,94
2934,87
2935,88
2936,81
2937,79
2938,92
2939,88
2940,81
2941,83
2942,79
2943,82
2944,82
2945,86
2946,90
2947,79
2948,92
2949,93
2950,79
2951,79
2952,97
2953,97
2954,79
2955,93
2956,97
2957,83
2958,97
2959,97
2960,79
2961,93
2962,97
2963,81
2964,97
2965,79
2966,86
2967,81
2968,97
2969,88
2970,90
2971,81
2972,97
2973,93
2974,97
2975,82
2976,82
2977,79
2978,79
2979,87
2980,97
2981,87
2982,92
2983,92
2984,94
2985,97
2986,93
2987,79
2988,87
2989,81
2990,81
2991,97
2992,83
2993,92
2994,81
2995,86
2996,79
2997,88
2998,97
2999,97
3000,79
3001,90
3002,82
3003,88
3004,97
3005,82
3006,92
3007,79
3008,79
3009,97
3010,79
3011,81
3012,81
3013,92
3014,92
3015,97
3016,93
3017,93
3018,83
3019,90
3020,79
3021,87
3022,90
3023,97
3024,93
3025,79
3026,94
3027,79
3028,92
3029,87
3030,82
3031,77
3032,88
3033,86
3034,81
3035,82
3036,79
3037,87
3038,81
3039,77
3040,79
3041,93
3042,77
3043,79
3044,92
3045,90
3046,83
3047,97
3048,90
3049,83
3050,83
3051,77
3052,81
3053,79
3054,82
3055,88
3056,97
3057,77
3058,81
3059,92
3060,82
3061,79
3062,94
3063,86
3064,77
3065,90
3066,87
3067,79
3068,86
3069,97
3070,81
3071,88
3072,77
3073,83
3074,93
3075,93
3076,82
3077,87
3078,81
3079,93
3080,79
3081,92
3082,81
3083,83
3084,77
3085,97
3086,79
3087,93
3088,82
3089,77
3090,90
3091,79
3092,90
3093,83
3094,97
3095,88
3096,77
3097,77
3098,77
3099,77
3100,79
3101,77
3102,77
3103,77
3104,97
3105,77
3106,86
3107,85
3108,81
3109,81
3110,94
3111,85
3112,83
3113,82
3114,86
3115,88
3116,97
3117,77
3118,77
3119,87
3120,77
3121,83
3122,82
3123,90
3124,79
3125,77
3126,92
3127,97
3128,79
3129,77
3130,77
3131,97
3132,77
3133,87
3134,88
3135,77
3136,81
3137,77
3138,83
3139,81
3140,77
3141,97
3142,93
3143,97
3144,93
3145,93
3146,79
3147,85
3148,79
3149,82
3150,82
3151,77
3152,87
3153,93
3154,77
3155,90
3156,82
3157,86
3158,86
3159,94
3160,85
3161,83
3162,88
3163,97
3164,77
3165,97
3166,81
3167,85
3168,92
3169,94
3170,79
3171,81
3172,85
3173,79
3174,88
3175,77
3176,90
3177,97
3178,85
3179,83
3180,82
3181,97
3182,87
3183,82
3184,81
3185,85
3186,77
3187,88
3188,97
3189,81
3190,97
3191,85
3192,79
3193,83
3194,81
3195,77
3196,86
3197,92
3198,97
3199,85
3200,87
3201,86
3202,92
3203,90
3204,93
3205,93
3206,85
3207,77
3208,77
3209,93
3210,97
3211,88
3212,82
3213,94
3214,81
3215,85
3216,83
3217,79
3218,82
3219,97
3220,88
3221,79
3222,77
3223,77
3224,85
3225,81
3226,87
3227,88
3228,87
3229,83
3230,97
3231,85
3232,77
3233,77
3234,77
3235,92
3236,92
3237,85
3238,90
3239,79
3240,97
3241,92
3242,74
3243,82
3244,74
3245,81
3246,74
3247,74
3248,74
3249,86
3250,77
3251,74
3252,87
3253,74
3254,85
3255,82
3256,81
3257,74
3258,83
3259,97
3260,74
3261,77
3262,77
3263,74
3264,90
3265,94
3266,85
3267,74
3268,77
3269,74
3270,79
3271,93
3272,82
3273,93
3274,74
3275,79
3276,88
3277,85
3278,74
3279,93
3280,77
3281,88
3282,81
3283,85
3284,77
3285,97
3286,74
3287,82
3288,94
3289,87
3290,85
3291,74
3292,92
3293,79
3294,83
3295,88
3296,86
3297,74
3298,82
3299,85
3300,77
3301,97
3302,74
3303,74
3304,83
3305,86
3306,79
3307,77
3308,90
3309,74
3310,97
3311,87
3312,74
3313,74
3314,82
3315,85
3316,94
3317,81
3318,77
3319,74
3320,81
3321,79
3322,90
3323,74
3324,80
3325,77
3326,97
3327,85
3328,97
3329,82
3330,80
3331,79
3332,92
3333,83
3334,74
3335,94
3336,77
3337,93
3338,92
3339,88
3340,80
3341,87
3342,83
3343,93
3344,88
3345,85
3346,93
3347,77
3348,80
3349,74
3350,81
3351,86
3352,79
3353,88
3354,82
3355,97
3356,81
3357,77
3358,77
3359,74
3360,74
3361,85
3362,79
3363,87
3364,88
3365,74
3366,94
3367,82
3368,77
3369,74
3370,74
3371,77
3372,90
3373,83
3374,85
3375,92
3376,97
3377,77
3378,82
3379,80
3380,79
3381,79
3382,92
3383,94
3384,74
3385,81
3386,79
3387,80
3388,82
3389,80
3390,80
3391,77
3392,80
3393,80
3394,85
3395,80
3396,90
3397,85
3398,80
3399,86
3400,80
3401,80
3402,74
3403,80
3404,88
3405,93
3406,80
3407,88
3408,77
3409,80
3410,81
3411,93
3412,97
3413,80
3414,88
3415,80
3416,85
3417,80
3418,79
3419,85
3420,85
3421,93
3422,86
3423,74
3424,87
3425,79
3426,100
3427,100
3428,83
3429,79
3430,90
3431,80
3432,82
3433,92
3434,100
3435,81
3436,74
3437,74
3438,100
3439,77
3440,82
3441,92
3442,80
3443,90
3444,97
3445,100
3446,85
3447,85
3448,94
3449,100
3450,80
3451,81
3452,74
3453,86
3454,100
3455,79
3456,85
3457,79
3458,87
3459,97
3460,100
3461,80
3462,74
3463,77
3464,100
3465,74
3466,85
3467,81
3468,97
3469,83
3470,82
3471,100
3472,88
3473,94
3474,74
3475,80
3476,88
3477,88
3478,83
3479,94
3480,82
3481,90
3482,100
3483,93
3484,74
3485,74
3486,80
3487,79
3488,92
3489,100
3490,87
3491,97
3492,77
3493,81
3494,93
3495,74
3496,79
3497,85
3498,100
3499,80
3500,74
3501,97
3502,90
3503,94
3504,86
3505,100
3506,74
3507,81
3508,80
3509,74
3510,100
3511,87
3512,74
3513,82
3514,83
3515,77
3516,85
3517,79
3518,81
3519,97
3520,100
3521,83
3522,80
3523,86
3524,79
3525,77
3526,74
3527,100
3528,81
3529,74
3530,74
3531,94
3532,92
3533,73
3534,73
3535,73
3536,73
3537,90
3538,88
3539,80
3540,73
3541,73
3542,73
3543,90
3544,88
3545,85
3546,73
3547,85
3548,81
3549,73
3550,73
3551,90
3552,80
3553,73
3554,93
3555,73
3556,80
3557,74
3558,80
3559,97
3560,73
3561,86
3562,86
3563,79
3564,73
3565,87
3566,77
3567,73
3568,82
3569,73
3570,93
3571,81
3572,82
3573,79
3574,73
3575,80
3576,100
3577,85
3578,73
3579,73
3580,81
3581,83
3582,80
3583,87
3584,85
3585,73
3586,74
3587,86
3588,73
3589,73
3590,100
3591,79
3592,80
3593,97
3594,83
3595,73
3596,97
3597,94
3598,77
3599,73
3600,73
3601,80
3602,85
3603,100
3604,73
3605,80
3606,85
3607,97
3608,80
3609,90
3610,73
3611,73
3612,82
3613,90
3614,88
3615,81
3616,92
3617,83
3618,86
3619,87
3620,88
3621,96
3622,81
3623,100
3624,80
3625,73
3626,96
3627,77
3628,87
3629,83
3630,77
3631,93
3632,74
3633,100
3634,79
3635,80
3636,97
3637,96
3638,100
3639,73
3640,74
3641,87
3642,86
3643,96
3644,93
3645,92
3646,80
3647,97
3648,73
3649,100
3650,96
3651,73
3652,94
3653,80
3654,74
3655,81
3656,82
3657,96
3658,85
3659,77
3660,79
3661,96
3662,82
3663,92
3664,80
3665,96
3666,85
3667,97
3668,100
3669,73
3670,79
3671,86
3672,96
3673,96
3674,83
3675,90
3676,90
3677,75
3678,75
3679,75
3680,75
3681,80
3682,90
3683,75
3684,87
3685,74
3686,75
3687,75
3688,73
3689,97
3690,96
3691,75
3692,100
3693,96
3694,88
3695,94
3696,100
3697,75
3698,77
3699,75
3700,77
3701,86
3702,96
3703,83
3704,75
3705,74
3706,75
3707,94
3708,88
3709,81
3710,96
3711,73
3712,75
3713,79
3714,82
3715,77
3716,96
3717,80
3718,75
3719,100
3720,74
3721,79
3722,100
3723,75
3724,82
3725,94
3726,93
3727,75
3728,96
3729,75
3730,83
3731,73
3732,75
3733,97
3734,85
3735,75
3736,83
3737,75
3738,74
3739,77
3740,100
3741,86
3742,96
3743,80
3744,75
3745,100
3746,75
3747,96
3748,80
3749,75
3750,77
3751,90
3752,90
3753,90
3754,81
3755,75
3756,96
3757,79
3758,83
3759,75
3760,100
3761,90
3762,82
3763,92
3764,87
3765,97
3766,75
3767,96
3768,85
3769,80
3770,74
3771,100
3772,88
3773,75
3774,94
3775,75
3776,82
3777,96
3778,97
3779,85
3780,89
3781,80
3782,73
3783,88
3784,94
3785,75
3786,83
3787,89
3788,96
3789,96
3790,82
3791,77
3792,89
3793,100
3794,100
3795,75
3796,92
3797,74
3798,79
3799,93
3800,85
3801,81
3802,89
3803,73
3804,96
3805,97
3806,96
3807,80
3808,81
3809,75
3810,85
3811,89
3812,83
3813,97
3814,89
3815,89
3816,92
3817,100
3818,89
3819,89
3820,89
3821,96
3822,89
3823,90
3824,90
3825,82
3826,100
3827,89
3828,75
3829,89
3830,90
3831,96
3832,87
3833,73
3834,89
3835,77
3836,89
3837,89
3838,88
3839,78
3840,74
3841,94
3842,78
3843,74
3844,75
3845,80
3846,96
3847,78
3848,89
3849,82
3850,83
3851,78
3852,88
3853,73
3854,96
3855,86
3856,79
3857,78
3858,85
3859,97
3860,79
3861,96
3862,89
3863,100
3864,75
3865,78
3866,97
3867,96
3868,78
3869,81
3870,88
3871,92
3872,89
3873,78
3874,75
3875,96
3876,80
3877,82
3878,78
3879,77
3880,80
3881,73
3882,74
3883,78
3884,96
3885,78
3886,82
3887,75
3888,92
3889,93
3890,100
3891,78
3892,89
3893,78
3894,85
3895,78
3896,96
3897,87
3898,90
3899,75
3900,97
3901,97
3902,87
3903,78
3904,78
3905,82
3906,89
3907,90
3908,73
3909,96
3910,79
3911,77
3912,83
3913,94
3914,80
3915,78
3916,80
3917,88
3918,78
3919,74
3920,78
3921,85
3922,94
3923,96
3924,100
3925,81
3926,75
3927,89
3928,78
3929,88
3930,78
3931,86
3932,96
3933,82
3934,78
3935,85
3936,73
3937,82
3938,89
3939,75
3940,96
3941,78
3942,78
3943,100
3944,80
3945,88
3946,97
3947,92
3948,73
3949,97
3950,77
3951,78
3952,84
3953,84
3954,84
3955,89
3956,74
3957,84
3958,78
3959,84
3960,79
3961,96
3962,84
3963,84
3964,85
3965,75
3966,82
3967,84
3968,84
3969,73
3970,75
3971,84
3972,84
3973,83
3974,78
3975,93
3976,87
3977,84
3978,84
3979,79
3980,87
3981,89
3982,87
3983,74
3984,84
3985,100
3986,94
3987,84
3988,100
3989,80
3990,89
3991,84
3992,90
3993,84
3994,78
3995,96
3996,86
3997,75
3998,84
3999,89
4000,73
4001,84
4002,81
4003,82
4004,84
4005,90
4006,74
4007,77
4008,77
4009,86
4010,84
4011,78
4012,97
4013,89
4014,84
4015,85
4016,84
4017,89
4018,88
4019,79
4020,84
4021,100
4022,96
4023,75
4024,73
4025,83
4026,78
4027,84
4028,74
4029,72
4030,80
4031,82
4032,96
4033,72
4034,89
4035,84
4036,79
4037,78
4038,78
4039,88
4040,72
4041,83
4042,74
4043,75
4044,72
4045,84
4046,96
4047,77
4048,77
4049,94
4050,73
4051,72
4052,84
4053,87
4054,100
4055,89
4056,78
4057,94
4058,85
4059,81
4060,72
4061,87
4062,97
4063,96
4064,72
4065,82
4066,86
4067,80
4068,93
4069,74
4070,87
4071,84
4072,72
4073,75
4074,97
4075,72
4076,92
4077,78
4078,75
4079,89
4080,72
4081,90
4082,72
4083,74
4084,72
4085,72
4086,98
4087,72
4088,72
4089,84
4090,83
4091,73
4092,72
4093,81
4094,72
4095,72
4096,100
4097,79
4098,72
4099,96
4100,72
4101,78
4102,75
4103,72
4104,72
4105,72
4106,85
4107,98
4108,89
4109,88
4110,85
4111,77
4112,80
4113,75
4114,98
4115,84
4116,82
4117,72
4118,98
4119,74
4120,77
4121,98
4122,72
4123,78
4124,81
4125,98
4126,72
4127,96
4128,98
4129,84
4130,89
4131,96
4132,80
4133,88
4134,89
4135,82
4136,97
4137,72
4138,98
4139,73
4140,94
4141,72
4142,86
4143,87
4144,98
4145,75
4146,92
4147,78
4148,87
4149,98
4150,72
4151,84
4152,72
4153,100
4154,92
4155,98
4156,79
4157,78
4158,85
4159,74
4160,81
4161,87
4162,72
4163,89
4164,98
4165,93
4166,77
4167,83
4168,74
4169,96
4170,96
4171,72
4172,98
4173,78
4174,84
4175,72
4176,75
4177,73
4178,77
4179,98
4180,90
4181,80
4182,82
4183,72
4184,98
4185,78
4186,72
4187,79
4188,84
4189,89
4190,84
4191,98
4192,97
4193,100
4194,98
4195,88
4196,72
4197,98
4198,75
4199,82
4200,76
4201,96
4202,76
4203,76
4204,76
4205,75
4206,76
4207,84
4208,76
4209,74
4210,98
4211,76
4212,98
4213,78
4214,85
4215,76
4216,80
4217,84
4218,76
4219,73
4220,86
4221,72
4222,94
4223,76
4224,89
4225,98
4226,77
4227,86
4228,79
4229,76
4230,94
4231,80
4232,98
4233,76
4234,81
4235,88
4236,92
4237,98
4238,72
4239,76
4240,94
4241,77
4242,76
4243,72
4244,75
4245,100
4246,78
4247,76
4248,83
4249,98
4250,98
4251,89
4252,84
4253,96
4254,76
4255,87
4256,76
4257,78
4258,98
4259,72
4260,72
4261,98
4262,79
4263,82
4264,76
4265,97
4266,96
4267,76
4268,88
4269,76
4270,74
4271,80
4272,84
4273,85
4274,78
4275,76
4276,87
4277,98
4278,100
4279,76
4280,98
4281,72
4282,81
4283,89
4284,76
4285,75
4286,85
4287,76
4288,78
4289,75
4290,76
4291,73
4292,98
4293,97
4294,76
4295,84
4296,98
4297,88
4298,77
4299,76
4300,78
4301,72
4302,76
4303,79
4304,86
4305,98
4306,92
4307,96
4308,99
4309,99
4310,94
4311,99
4312,76
4313,99
4314,99
4315,83
4316,99
4317,76
4318,89
4319,99
4320,98
4321,94
4322,99
4323,75
4324,76
4325,78
4326,99
4327,80
4328,74
4329,99
4330,83
4331,84
4332,98
4333,72
4334,99
4335,97
4336,100
4337,76
4338,76
4339,99
4340,79
4341,85
4342,94
4343,75
4344,84
4345,88
4346,99
4347,76
4348,82
4349,73
4350,99
4351,98
4352,76
4353,76
4354,99
4355,85
4356,99
4357,99
4358,87
4359,72
4360,72
4361,99
4362,89
4363,96
4364,78
4365,76
4366,81
4367,99
4368,99
4369,76
4370,75
4371,98
4372,79
4373,99
4374,84
4375,77
4376,99
4377,99
4378,76
4379,88
4380,90
4381,75
4382,99
4383,72
4384,100
4385,76
4386,81
4387,99
4388,100
4389,72
4390,80
4391,98
4392,99
4393,71
4394,71
4395,71
4396,71
4397,76
4398,71
4399,71
4400,73
4401,71
4402,99
4403,99
4404,78
4405,71
4406,74
4407,89
4408,71
4409,71
4410,92
4411,77
4412,76
4413,99
4414,84
4415,92
4416,71
4417,83
4418,76
4419,71
4420,99
4421,89
4422,96
4423,72
4424,86
4425,99
4426,71
4427,79
4428,98
4429,88
4430,71
4431,82
4432,85
4433,72
4434,71
4435,99
4436,99
4437,86
4438,71
4439,76
4440,76
4441,71
4442,71
4443,82
4444,75
4445,71
4446,71
4447,71
4448,71
4449,71
4450,99
4451,71
4452,71
4453,84
4454,71
4455,71
4456,71
4457,98
4458,71
4459,98
4460,84
4461,94
4462,71
4463,89
4464,99
4465,71
4466,71
4467,100
4468,85
4469,97
4470,100
4471,71
4472,76
4473,71
4474,71
4475,81
4476,99
4477,71
4478,71
4479,73
4480,72
4481,80
4482,71
4483,90
4484,71
4485,89
4486,91
4487,71
4488,91
4489,71
4490,91
4491,91
4492,91
4493,99
4494,91
4495,91
4496,99
4497,91
4498,91
4499,75
4500,91
4501,98
4502,91
4503,87
4504,71
4505,91
4506,71
4507,91
4508,74
4509,91
4510,76
4511,98
4512,91
4513,79
4514,91
4515,71
4516,91
4517,91
4518,91
4519,99
4520,71
4521,91
4522,84
4523,71
4524,72
4525,91
4526,91
4527,99
4528,91
4529,91
4530,91
4531,91
4532,91
4533,91
4534,75
4535,77
4536,91
4537,91
4538,91
4539,91
4540,91
4541,91
4542,91
4543,72
4544,91
4545,78
4546,71
4547,91
4548,91
4549,91
4550,91
4551,95
4552,95
4553,95
4554,91
4555,74
4556,95
4557,91
4558,76
4559,99
4560,95
4561,76
4562,91
4563,95
4564,95
4565,91
4566,91
4567,95
4568,95
4569,95
4570,91
4571,95
4572,95
4573,95
4574,95
4575,95
4576,95
4577,87
4578,95
4579,95
4580,95
4581,95
4582,95
4583,95
4584,95
4585,91
4586,95
4587,71
4588,79
4589,91
4590,99
4591,95
4592,91
4593,95
4594,95
4595,98
4596,95
4597,91
4598,91
4599,88
4600,95
4601,91
4602,89
4603,83
4604,95
4605,95
4606,99
4607,83
4608,73
4609,91
4610,71
4611,92
4612,95
4613,96
4614,100
4615,91
4616,91
4617,82
4618,95
4619,76
4620,72
4621,91
4622,99
4623,91
4624,76
4625,86
4626,71
4627,75
4628,84
4629,72
4630,80
4631,71
4632,85
4633,95
4634,91
4635,81
4636,95
4637,97
4638,91
4639,91
4640,98
4641,78
4642,86
4643,90
4644,75
4645,71
4646,99
4647,91
4648,76
4649,91
4650,80
4651,81
4652,95
4653,76
4654,91
4655,95
4656,71
4657,78
4658,72
4659,94
4660,72
4661,99
4662,91
4663,79
4664,99
4665,84
4666,98
4667,77
4668,74
4669,71
4670,95
4671,73
4672,96
4673,76
4674,95
4675,75
4676,99
4677,100
4678,84
4679,88
4680,71
4681,94
4682,97
4683,99
4684,89
4685,100
4686,72
4687,98
4688,72
4689,99
4690,91
4691,85
4692,76
4693,78
4694,84
4695,83
4696,83
4697,99
4698,82
4699,80
4700,91
4701,77
4702,71
4703,92
4704,87
4705,81
4706,84
4707,98
4708,98
4709,91
4710,86
4711,96
4712,76
4713,88
4714,75
4715,73
4716,79
4717,72
4718,99
4719,71
4720,89
4721,95
4722,74
4723,73
4724,85
4725,94
4726,72
4727,79
4728,78
4729,71
4730,90
4731,76
4732,99
4733,76
4734,100
4735,98
4736,86
4737,84
4738,97
4739,72
4740,71
4741,85
4742,99
4743,80
4744,76
4745,89
4746,75
4747,76
4748,72
4749,89
4750,71
4751,96
4752,77
4753,98
4754,94
4755,84
4756,90
4757,99
4758,73
4759,82
4760,82
4761,72
4762,83
4763,76
4764,91
4765,81
4766,80
4767,84
4768,92
4769,76
4770,79
4771,85
4772,100
4773,99
4774,91
4775,72
4776,98
4777,87
4778,92
4779,79
4780,99
4781,89
4782,78
4783,75
4784,95
4785,72
4786,84
4787,76
4788,71
4789,80
4790,74
4791,86
4792,96
4793,88
4794,97
4795,84
4796,98
4797,99
4798,73
4799,72
4800,71
4801,90
4802,77
4803,86
4804,76
4805,98
4806,80
4807,73
4808,99
4809,78
4810,89
4811,71
4812,84
4813,76
4814,74
4815,81
4816,75
4817,82
4818,72
4819,81
4820,83
4821,94
4822,79
4823,76
4824,72
4825,96
4826,91
4827,99
4828,83
4829,100
4830,90
4831,97
4832,98
4833,74
4834,96
4835,76
4836,92
4837,77
4838,91
4839,76
4840,84
4841,78
4842,87
4843,99
4844,72
4845,89
4846,72
4847,77
4848,73
4849,80
4850,75
4851,92
4852,95
4853,98
4854,76
4855,71
4856,75
4857,99
4858,88
4859,74
4860,86
4861,100
4862,90
4863,84
4864,72
4865,81
4866,81
4867,96
4868,98
4869,84
4870,82
4871,79
4872,98
4873,71
4874,80
4875,89
4876,76
4877,99
4878,82
4879,97
4880,75
4881,77
4882,94
4883,83
4884,73
4885,71
4886,100
4887,75
4888,85
4889,99
4890,98
4891,72
4892,98
4893,76
4894,90
4895,92
4896,84
4897,84
4898,91
4899,74
4900,78
4901,73
4902,96
4903,87
4904,86
4905,99
4906,76
4907,89
4908,98
4909,80
4910,95
4911,98
4912,72
4913,81
4914,97
4915,81
4916,72
4917,73
4918,97
4919,81
4920,75
4921,92
4922,88
4923,99
4924,84
4925,100
4926,77
4927,87
4928,82
4929,99
4930,78
4931,76
4932,74
4933,98
4934,96
4935,83
4936,71
4937,73
4938,72
4939,94
4940,89
4941,74
4942,72
4943,99
4944,83
4945,84
4946,80
4947,76
4948,75
4949,96
4950,71
4951,90
4952,98
4953,78
4954,92
4955,94
4956,98
4957,100
4958,97
4959,79
4960,99
4961,97
4962,81
4963,85
4964,91
4965,96
4966,72
4967,89
4968,81
4969,76
4970,74
4971,73
4972,84
4973,86
4974,82
4975,76
4976,80
4977,99
4978,95
4979,88
4980,75
4981,98
4982,87
4983,84
4984,96
4985,83
4986,80
4987,76
4988,72
4989,94
4990,99
4991,100
4992,76
4993,78
4994,83
4995,75
4996,72
4997,97
4998,98
4999,77
5000,73
5001,79
5002,99
5003,85
5004,81
5005,90
5006,74
5007,92
5008,84
5009,89
5010,71
5011,72
5012,94
5013,81
5014,80
5015,76
5016,96
5017,100
5018,82
5019,78
5020,99
5021,72
5022,98
5023,71
5024,86
5025,75
5026,73
5027,83
5028,76
5029,84
5030,72
5031,88
5032,73
5033,87
5034,89
5035,91
5036,99
5037,77
5038,83
5039,97
5040,85
5041,94
5042,98
5043,96
5044,74
5045,72
5046,79
5047,78
5048,80
5049,79
5050,76
5051,100
5052,75
5053,99
5054,98
5055,81
5056,83
5057,84
5058,73
5059,90
5060,94
5061,78
5062,76
5063,82
5064,96
5065,72
5066,99
5067,71
5068,92
5069,84
5070,75
5071,82
5072,98
5073,74
5074,77
5075,74
5076,77
5077,89
5078,72
5079,80
5080,76
5081,97
5082,94
5083,100
5084,71
5085,99
5086,83
5087,88
5088,78
5089,79
5090,72
5091,73
5092,86
5093,96
5094,98
5095,81
5096,84
5097,91
5098,83
5099,76
5100,75
5101,99
5102,72
5103,81
5104,89
5105,90
5106,86
5107,98
5108,74
5109,80
5110,78
5111,100
5112,85
5113,82
5114,76
5115,100
5116,86
5117,77
5118,76
5119,99
5120,73
5121,84
5122,97
5123,75
5124,72
5125,79
5126,89
5127,83
5128,98
5129,94
5130,89
5131,86
5132,79
5133,71
5134,76
5135,90
5136,99
5137,78
5138,83
5139,72
5140,81
5141,80
5142,100
5143,74
5144,73
5145,72
5146,85
5147,96
5148,71
5149,75
5150,98
5151,77
5152,76
5153,99
5154,89
5155,86
5156,82
5157,90
5158,97
5159,78
5160,92
5161,84
5162,97
5163,95
5164,72
5165,82
5166,72
5167,99
5168,98
5169,79
5170,76
5171,100
5172,73
5173,80
5174,96
5175,94
5176,92
5177,74
5178,75
5179,89
5180,85
5181,88
5182,81
5183,78
5184,83
5185,84
5186,85
5187,71
5188,72
5189,98
5190,99
5191,76
5192,77
5193,81
5194,86
5195,97
5196,92
5197,87
5198,71
5199,75
5200,96
5201,89
5202,100
5203,89
5204,100
5205,78
5206,82
5207,99
5208,79
5209,72
5210,74
5211,72
5212,76
5213,98
5214,74
5215,91
5216,92
5217,85
5218,79
5219,87
5220,83
5221,99
5222,77
5223,90
5224,76
5225,89
5226,78
5227,75
5228,98
5229,84
5230,72
5231,72
5232,81
5233,96
5234,73
5235,97
5236,100
5237,86
5238,80
5239,92
5240,99
5241,97
5242,87
5243,74
5244,82
5245,99
5246,76
5247,85
5248,72
5249,72
5250,84
5251,78
5252,79
5253,89
5254,75
5255,71
5256,77
5257,92
5258,96
5259,83
5260,94
5261,73
5262,99
5263,100
5264,97
5265,81
5266,76
5267,90
5268,80
5269,98
5270,91
5271,72
5272,74
5273,84
5274,97
5275,84
5276,83
5277,86
5278,89
5279,81
5280,85
5281,99
5282,89
5283,87
5284,75
5285,76
5286,96
5287,79
5288,85
5289,98
5290,73
5291,72
5292,92
5293,82
5294,72
5295,100
5296,99
5297,77
5298,84
5299,94
5300,81
5301,78
5302,80
5303,76
5304,89
5305,97
5306,87
5307,75
5308,76
5309,74
5310,71
5311,83
5312,96
5313,98
5314,81
5315,86
5316,72
5317,73
5318,85
5319,97
5320,84
5321,99
5322,87
5323,100
5324,78
5325,91
5326,76
5327,77
5328,89
5329,82
5330,80
5331,92
5332,79
5333,75
5334,98
5335,94
5336,72
5337,99
5338,96
5339,74
5340,97
5341,72
5342,73
5343,76
5344,87
5345,84
5346,83
5347,81
5348,74
5349,100
5350,86
5351,97
5352,89
5353,98
5354,99
5355,89
5356,77
5357,72
5358,80
5359,94
5360,75
5361,99
5362,72
5363,82
5364,79
5365,92
5366,80
5367,84
5368,96
5369,77
5370,71
5371,76
5372,86
5373,78
5374,74
5375,73
5376,98
5377,81
5378,89
5379,99
5380,83
5381,97
5382,87
5383,72
5384,91
5385,100
5386,92
5387,85
5388,75
5389,76
5390,72
5391,80
5392,96
5393,94
5394,79
5395,82
5396,84
5397,98
5398,99
5399,77
5400,83
5401,73
5402,89
5403,74
5404,72
5405,76
5406,86
5407,75
5408,100
5409,81
5410,72
5411,97
5412,71
5413,82
5414,85
5415,98
5416,84
5417,96
5418,87
5419,92
5420,80
5421,98
5422,99
5423,78
5424,79
5425,96
5426,77
5427,81
5428,91
5429,94
5430,74
5431,72
5432,83
5433,89
5434,76
5435,73
5436,84
5437,97
5438,86
5439,99
5440,79
5441,75
5442,74
5443,98
5444,82
5445,80
5446,78
5447,96
5448,72
5449,76
5450,92
5451,94
5452,97
5453,85
5454,89
5455,80
5456,99
5457,81
5458,72
5459,73
5460,98
5461,86
5462,83
5463,75
5464,77
5465,84
5466,74
5467,76
5468,79
5469,72
5470,100
5471,71
5472,86
5473,96
5474,82
5475,78
5476,76
5477,72
5478,85
5479,80
5480,97
5481,92
5482,73
5483,99
5484,81
5485,91
5486,94
5487,89
5488,84
5489,98
5490,82
5491,74
5492,100
5493,77
5494,86
5495,75
5496,76
5497,79
5498,78
5499,72
5500,99
5501,92
5502,81
5503,100
5504,74
5505,96
5506,98
5507,89
5508,84
5509,97
5510,83
5511,76
5512,79
5513,71
5514,72
5515,94
5516,73
5517,75
5518,84
5519,80
5520,85
5521,82
5522,98
5523,97
5524,86
5525,72
5526,89
5527,96
5528,99
5529,100
5530,91
5531,81
5532,74
5533,92
5534,77
5535,98
5536,84
5537,75
5538,73
5539,79
5540,83
5541,76
5542,80
5543,99
5544,85
5545,72
5546,94
5547,78
5548,82
5549,75
5550,97
5551,100
5552,98
5553,92
5554,74
5555,84
5556,76
5557,81
5558,89
5559,77
5560,99
5561,92
5562,96
5563,72
5564,100
5565,79
5566,78
5567,83
5568,85
5569,98
5570,75
5571,99
5572,91
5573,73
5574,97
5575,72
5576,82
5577,86
5578,80
5579,89
5580,98
5581,92
5582,96
5583,81
5584,77
5585,76
5586,100
5587,84
5588,83
5589,99
5590,75
5591,79
5592,74
5593,72
5594,82
5595,73
5596,78
5597,98
5598,97
5599,80
5600,81
5601,76
5602,96
5603,99
5604,86
5605,84
5606,85
5607,79
5608,100
5609,92
5610,89
5611,72
5612,83
5613,74
5614,98
5615,97
5616,73
5617,91
5618,78
5619,99
5620,82
5621,80
5622,77
5623,75
5624,72
5625,81
5626,72
5627,73
5628,85
5629,89
5630,92
5631,76
5632,79
5633,99
5634,92
5635,84
5636,96
5637,80
5638,97
5639,83
5640,72
5641,75
5642,100
5643,98
5644,82
5645,77
5646,76
5647,99
5648,78
5649,73
5650,81
5651,74
5652,84
5653,79
5654,75
5655,92
5656,80
5657,72
5658,83
5659,98
5660,91
5661,97
5662,89
5663,99
5664,100
5665,83
5666,78
5667,77
5668,82
5669,96
5670,84
5671,74
5672,81
5673,72
5674,75
5675,76
5676,99
5677,80
5678,79
5679,89
5680,92
5681,77
5682,73
5683,78
5684,83
5685,72
5686,82
5687,85
5688,96
5689,98
5690,99
5691,76
5692,81
5693,74
5694,75
5695,79
5696,89
5697,100
5698,97
5699,84
5700,73
5701,91
5702,72
5703,77
5704,92
5705,98
5706,99
5707,96
5708,83
5709,85
5710,82
5711,89
5712,74
5713,81
5714,78
5715,79
5716,100
5717,84
5718,98
5719,99
5720,76
5721,97
5722,73
5723,77
5724,75
5725,92
5726,89
5727,74
5728,83
5729,78
5730,82
5731,80
5732,71
5733,72
5734,98
5735,76
5736,81
5737,73
5738,79
5739,96
5740,97
5741,75
5742,85
5743,78
5744,91
5745,84
5746,74
5747,99
5748,72
5749,83
5750,98
5751,100
5752,82
5753,81
5754,73
5755,81
5756,96
5757,79
5758,89
5759,97
5760,78
5761,99
5762,72
5763,85
5764,76
5765,72
5766,74
5767,100
5768,83
5769,73
5770,82
5771,81
5772,75
5773,71
5774,79
5775,89
5776,84
5777,76
5778,97
5779,72
5780,98
5781,77
5782,74
5783,80
5784,100
5785,91
5786,96
5787,75
5788,99
5789,83
5790,89
5791,82
5792,98
5793,84
5794,72
5795,81
5796,79
5797,97
5798,77
5799,74
5800,80
5801,73
5802,99
5803,96
5804,75
5805,76
5806,78
5807,72
5808,72
5809,82
5810,81
5811,79
5812,79
5813,97
5814,91
5815,85
5816,74
5817,100
5818,99
5819,73
5820,75
5821,98
5822,89
5823,72
5824,84
5825,82
5826,81
5827,79
5828,79
5829,99
5830,77
5831,85
5832,74
5833,76
5834,100
5835,96
5836,72
5837,75
5838,84
5839,89
5840,99
5841,76
5842,81
5843,82
5844,79
5845,97
5846,85
5847,98
5848,74
5849,80
5850,72
5851,73
5852,96
5853,78
5854,89
5855,91
5856,99
5857,98
5858,72
5859,84
5860,77
5861,79
5862,85
5863,89
5864,74
5865,81
5866,100
5867,75
5868,73
5869,81
5870,99
5871,76
5872,72
5873,84
5874,78
5875,75
5876,96
5877,100
5878,80
5879,74
5880,77
5881,97
5882,79
5883,91
5884,81
5885,76
5886,98
5887,72
5888,78
5889,89
5890,96
5891,73
5892,80
5893,74
5894,77
5895,97
5896,99
5897,79
5898,81
5899,76
5900,72
5901,84
5902,89
5903,75
5904,99
5905,96
5906,100
5907,74
5908,85
5909,97
5910,76
5911,79
5912,81
5913,72
5914,84
5915,91
5916,78
5917,89
5918,96
5919,100
5920,76
5921,80
5922,85
5923,77
5924,98
5925,79
5926,79
5927,72
5928,84
5929,89
5930,99
5931,96
5932,73
5933,80
5934,76
5935,74
5936,77
5937,72
5938,97
5939,79
5940,84
5941,91
5942,89
5943,75
5944,76
5945,73
5946,100
5947,98
5948,74
5949,77
5950,72
5951,97
5952,79
5953,78
5954,99
5955,75
5956,96
5957,98
5958,100
5959,74
5960,72
5961,85
5962,99
5963,97
5964,84
5965,97
5966,89
5967,76
5968,96
5969,73
5970,72
5971,80
5972,91
5973,74
5974,84
5975,77
5976,89
5977,76
5978,97
5979,75
5980,98
5981,73
5982,100
5983,72
5984,74
5985,99
5986,78
5987,77
5988,97
5989,75
5990,76
5991,96
5992,72
5993,100
5994,91
5995,74
5996,84
5997,77
5998,76
5999,89
6000,97
6001,96
6002,72
6003,73
6004,84
6005,80
6006,99
6007,74
6008,78
6009,77
6010,75
6011,98
6012,73
6013,72
6014,99
6015,80
6016,78
6017,74
6018,76
6019,75
6020,77
6021,96
6022,72
6023,100
6024,84
6025,76
6026,74
6027,89
6028,77
6029,98
6030,96
6031,100
6032,84
6033,99
6034,74
6035,89
6036,76
6037,85
6038,96
6039,91
6040,72
6041,100
6042,78
6043,80
6044,76
6045,85
6046,75
6047,98
6048,73
6049,99
6050,84
6051,80
6052,75
6053,85
6054,98
6055,96
6056,99
6057,84
6058,100
6059,89
6060,76
6061,74
6062,96
6063,72
6064,100
6065,99
6066,78
6067,74
6068,75
6069,98
6070,99
6071,73
6072,84
6073,80
6074,98
6075,75
6076,91
6077,73
6078,72
6079,100
6080,76
6081,89
6082,96
6083,72
6084,99
6085,100
6086,78
6087,98
6088,75
6089,99
6090,73
6091,84
6092,76
6093,75
6094,72
6095,73
6096,99
6097,89
6098,72
6099,96
6100,99
6101,78
6102,98
6103,96
6104,91
6105,84
6106,76
6107,75
6108,72
6109,99
6110,78
6111,98
6112,99
6113,72
6114,76
6115,99
