-1.026171e+00,1.180074e+00,1.145035e+00,-4.813260e-01,-7.458708e-02,-1.926655e+00,-4.815837e-01,1.459454e-01,1.992358e+00,-1.965650e-01
3.313219e-01,3.791708e-01,-8.530710e-01,1.413735e+00,-1.571420e-01,6.670549e-01,-9.535503e-01,5.101437e-02,6.162385e-01,-1.246458e-01
-1.745701e+00,-1.031311e+00,-4.866644e-01,7.829010e-01,-2.718911e-02,-7.528154e-01,2.169600e+00,1.473688e-01,1.337646e+00,1.012008e-01
1.383086e-01,-4.206098e-01,-5.134823e-02,-1.297782e+00,4.201201e-02,1.117027e+00,-4.717153e-01,-1.662591e-01,1.581454e+00,2.340705e-02
-1.829554e-01,3.636382e-01,6.929305e-02,-9.715521e-02,-1.059730e-01,8.171923e-01,-2.041743e-01,-2.400802e-01,-1.756699e-01,1.183513e-01
1.080785e+00,8.039615e-01,7.061099e-01,-1.831842e+00,-4.213440e-01,-6.274517e-01,-1.606465e+00,5.628853e-01,2.626374e-01,1.179982e-01
7.913666e-01,7.261341e-02,-1.837024e+00,1.389687e+00,1.418300e-01,1.106439e+00,-7.392264e-02,6.449265e-02,3.931805e-01,-1.657628e-01
8.049191e-01,1.478958e+00,8.581945e-01,-2.071162e+00,-4.692399e-01,-1.495110e+00,-1.643834e+00,9.913633e-04,-4.336811e+00,9.642454e-02
-8.059873e-01,-4.368033e-01,2.661760e+00,-2.247842e+00,1.203764e-01,-5.290332e+00,-8.165800e-01,-1.248900e-01,-1.815176e+00,-7.497330e-02
6.349799e-01,-1.001176e+00,7.103444e-01,-1.407514e+00,-7.765173e-03,7.385247e-01,-1.388830e+00,-1.534844e-02,-1.132252e+00,1.244162e-01
