-1.026536e+00,1.180156e+00,1.144755e+00,-4.803765e-01,-2.263056e-01,-1.929151e+00,-4.822890e-01,1.545617e-01,1.990619e+00,-8.142074e-02
3.313922e-01,3.793877e-01,-8.560162e-01,1.414175e+00,3.270424e-01,6.653932e-01,-9.548276e-01,-3.782816e-02,6.193141e-01,-2.284019e-01
-1.745892e+00,-1.031878e+00,-4.873275e-01,7.821360e-01,2.005731e-01,-7.597910e-01,2.170950e+00,-5.454504e-02,1.344614e+00,3.396839e-01
1.395657e-01,-4.212059e-01,-4.974236e-02,-1.298132e+00,-5.016759e-02,1.119948e+00,-4.716123e-01,-1.772339e-02,1.582938e+00,1.573559e-02
-1.822169e-01,3.648238e-01,6.833209e-02,-9.730711e-02,2.469512e-01,8.208717e-01,-2.035939e-01,-3.580647e-01,-1.718358e-01,-3.026270e-01
1.080136e+00,8.041502e-01,7.053563e-01,-1.830809e+00,-3.546262e-01,-6.271038e-01,-1.606120e+00,4.484758e-01,2.637595e-01,-3.826175e-01
7.908560e-01,7.201471e-02,-1.836996e+00,1.390475e+00,-1.070249e-01,1.105326e+00,-7.530656e-02,7.727464e-02,3.916104e-01,4.470650e-02
8.045644e-01,1.480047e+00,8.553002e-01,-2.072063e+00,1.838683e-01,-1.495893e+00,-1.646396e+00,5.960800e-01,-4.339438e+00,-2.071575e-01
-8.056669e-01,-4.375728e-01,2.665172e+00,-2.247198e+00,1.109501e-01,-5.292344e+00,-8.169913e-01,9.593749e-03,-1.818996e+00,7.027358e-02
6.343871e-01,-1.000110e+00,7.108840e-01,-1.407855e+00,6.724894e-03,7.372707e-01,-1.387857e+00,-2.040862e-01,-1.134177e+00,1.554637e-01
