-1.027699e+00,1.181479e+00,1.144043e+00,-4.803868e-01,1.503053e-01,-1.928780e+00,-4.815110e-01,7.506424e-02,1.993432e+00,5.775577e-02
3.304510e-01,3.797778e-01,-8.524247e-01,1.413968e+00,1.341065e-01,6.688385e-01,-9.568804e-01,-3.097757e-01,6.204217e-01,2.679448e-01
-1.745393e+00,-1.031616e+00,-4.868305e-01,7.825690e-01,-2.446145e-01,-7.557851e-01,2.170729e+00,-4.061005e-02,1.343362e+00,2.489409e-01
1.390874e-01,-4.217847e-01,-5.030077e-02,-1.298184e+00,1.068773e-01,1.115990e+00,-4.723415e-01,3.600001e-01,1.581101e+00,-1.327923e-01
-1.823440e-01,3.645308e-01,7.132901e-02,-9.644417e-02,1.024297e-01,8.186870e-01,-2.053803e-01,-9.607443e-02,-1.754868e-01,-1.448365e-01
1.080560e+00,8.046852e-01,7.066738e-01,-1.830999e+00,-1.759816e-01,-6.272936e-01,-1.607209e+00,-1.433143e-02,2.672239e-01,4.678445e-02
7.909743e-01,7.211144e-02,-1.836785e+00,1.389970e+00,-1.350397e-01,1.108448e+00,-7.537499e-02,-4.877242e-02,3.954990e-01,-2.880340e-01
8.031301e-01,1.479781e+00,8.581055e-01,-2.073443e+00,-1.574682e-01,-1.491625e+00,-1.646444e+00,1.981425e-01,-4.340942e+00,-7.588395e-02
-8.066068e-01,-4.371597e-01,2.666781e+00,-2.248076e+00,8.458452e-02,-5.291042e+00,-8.171721e-01,4.868084e-02,-1.818494e+00,-6.517679e-04
6.351279e-01,-1.000571e+00,7.111898e-01,-1.407897e+00,-3.547281e-02,7.353472e-01,-1.387104e+00,2.045117e-02,-1.134320e+00,3.055916e-02
