-1.027190e+00,1.180507e+00,1.142940e+00,-4.811863e-01,2.141191e-01,-1.927103e+00,-4.820413e-01,3.102415e-01,1.989604e+00,3.330903e-01
3.305553e-01,3.803261e-01,-8.538510e-01,1.413082e+00,8.825652e-02,6.643423e-01,-9.547838e-01,-4.751004e-02,6.174200e-01,5.734207e-02
-1.746006e+00,-1.030959e+00,-4.856296e-01,7.831681e-01,8.513477e-02,-7.577033e-01,2.169775e+00,-1.623967e-03,1.339732e+00,-1.544528e-01
1.389266e-01,-4.208814e-01,-4.956785e-02,-1.297551e+00,-3.834027e-03,1.118258e+00,-4.720132e-01,3.879219e-02,1.580122e+00,-2.889440e-01
-1.819916e-01,3.641264e-01,7.082714e-02,-9.750423e-02,-9.254145e-02,8.176356e-01,-2.054785e-01,-1.437219e-01,-1.774823e-01,3.369282e-01
1.079979e+00,8.049078e-01,7.056309e-01,-1.832403e+00,3.517932e-01,-6.281690e-01,-1.607091e+00,1.914984e-01,2.635734e-01,2.227776e-01
7.912706e-01,7.223180e-02,-1.836706e+00,1.389248e+00,1.693778e-01,1.105962e+00,-7.418885e-02,-2.230458e-01,3.918885e-01,-7.369110e-02
8.063616e-01,1.479989e+00,8.587046e-01,-2.070519e+00,-8.732636e-02,-1.492757e+00,-1.646587e+00,6.667285e-01,-4.343198e+00,-1.036957e-01
-8.050517e-01,-4.357673e-01,2.665555e+00,-2.247511e+00,-2.463707e-02,-5.289726e+00,-8.175082e-01,5.160079e-01,-1.821084e+00,-2.622133e-01
6.354848e-01,-1.000390e+00,7.109827e-01,-1.407633e+00,-7.464657e-02,7.360434e-01,-1.389088e+00,1.076545e-01,-1.129229e+00,-2.086712e-01
