-1.026251e+00,1.179998e+00,1.146371e+00,-4.809733e-01,9.030287e-02,-1.927643e+00,-4.826077e-01,-6.507478e-02,1.993106e+00,-2.765941e-01
3.317431e-01,3.800724e-01,-8.534382e-01,1.413829e+00,-6.859987e-02,6.667857e-01,-9.547311e-01,-1.350495e-01,6.174757e-01,-2.577860e-01
-1.745191e+00,-1.031075e+00,-4.859193e-01,7.821970e-01,-6.079850e-02,-7.551313e-01,2.169020e+00,1.884546e-01,1.341662e+00,-1.147771e-01
1.395372e-01,-4.211615e-01,-5.014960e-02,-1.297351e+00,-1.362722e-01,1.117561e+00,-4.709825e-01,1.320230e-02,1.580311e+00,-1.226534e-01
-1.824567e-01,3.638737e-01,6.948914e-02,-9.564970e-02,-1.175352e-01,8.201487e-01,-2.055542e-01,-5.706741e-02,-1.729217e-01,6.391353e-03
1.080883e+00,8.042315e-01,7.069161e-01,-1.831394e+00,-1.979974e-01,-6.290984e-01,-1.606589e+00,2.300742e-01,2.620172e-01,-6.850101e-01
7.915888e-01,7.176215e-02,-1.836689e+00,1.390943e+00,-2.256173e-01,1.106534e+00,-7.398114e-02,2.124023e-01,3.955639e-01,3.074245e-02
8.042511e-01,1.480715e+00,8.598591e-01,-2.070346e+00,3.474169e-01,-1.498117e+00,-1.643773e+00,-3.151801e-01,-4.339817e+00,1.382832e-01
-8.056155e-01,-4.364596e-01,2.663769e+00,-2.249181e+00,1.579521e-01,-5.291393e+00,-8.164831e-01,2.121911e-02,-1.816058e+00,1.104612e-01
6.354122e-01,-1.000488e+00,7.117931e-01,-1.407286e+00,-6.851472e-02,7.377781e-01,-1.388556e+00,3.495329e-02,-1.134526e+00,-5.437412e-02
