-1.026797e+00,1.180119e+00,1.143862e+00,-4.809120e-01,1.147699e-01,-1.930995e+00,-4.807588e-01,-2.052057e-01,1.996297e+00,4.861810e-01
3.316765e-01,3.786769e-01,-8.545686e-01,1.414022e+00,3.654083e-02,6.652628e-01,-9.552233e-01,2.753297e-01,6.172443e-01,1.390719e-01
-1.744883e+00,-1.030785e+00,-4.871317e-01,7.832894e-01,1.132898e-01,-7.537408e-01,2.169922e+00,-1.228825e-01,1.338255e+00,2.310541e-01
1.387310e-01,-4.208895e-01,-4.857794e-02,-1.297244e+00,-6.741284e-02,1.116634e+00,-4.717484e-01,-1.956155e-01,1.579584e+00,3.289590e-01
-1.825829e-01,3.647637e-01,7.100468e-02,-9.794799e-02,2.347494e-01,8.189385e-01,-2.033898e-01,-1.126684e-01,-1.712068e-01,-1.058833e-01
1.079891e+00,8.047511e-01,7.070887e-01,-1.831781e+00,-2.164428e-01,-6.276769e-01,-1.606269e+00,2.565523e-01,2.650254e-01,2.418073e-02
7.906238e-01,7.230267e-02,-1.837687e+00,1.389872e+00,1.872136e-01,1.107050e+00,-7.430336e-02,1.137215e-01,3.936325e-01,-3.178996e-02
8.036162e-01,1.479151e+00,8.561633e-01,-2.071396e+00,-2.982093e-01,-1.485837e+00,-1.648252e+00,2.087054e-01,-4.342903e+00,3.248802e-01
-8.057565e-01,-4.365147e-01,2.663092e+00,-2.248233e+00,-2.540530e-01,-5.289149e+00,-8.162212e-01,-6.597469e-02,-1.821295e+00,-9.355367e-02
6.341281e-01,-1.000424e+00,7.107823e-01,-1.407314e+00,-1.482629e-01,7.372137e-01,-1.389243e+00,-6.838182e-02,-1.131842e+00,-1.854796e-01
