-1.026822e+00,1.181087e+00,1.148695e+00,-4.814150e-01,1.292903e-01,-1.928468e+00,-4.810514e-01,-5.199808e-02,1.992401e+00,-2.126287e-01
3.312184e-01,3.795240e-01,-8.532221e-01,1.412901e+00,9.135732e-02,6.659548e-01,-9.564828e-01,2.000631e-01,6.198766e-01,2.056397e-01
-1.745511e+00,-1.031767e+00,-4.891048e-01,7.827076e-01,1.334955e-01,-7.562958e-01,2.168915e+00,-9.146680e-03,1.338785e+00,-2.296912e-01
1.385943e-01,-4.210280e-01,-4.992451e-02,-1.297763e+00,6.446011e-02,1.116331e+00,-4.708006e-01,-2.103060e-01,1.581910e+00,1.599950e-01
-1.828037e-01,3.634068e-01,7.038736e-02,-9.710344e-02,-1.452319e-02,8.214632e-01,-2.049239e-01,1.932203e-01,-1.744805e-01,-1.747918e-01
1.080618e+00,8.034333e-01,7.063024e-01,-1.831875e+00,2.567260e-01,-6.303144e-01,-1.605814e+00,3.420428e-01,2.675814e-01,-2.800847e-01
7.910388e-01,7.316761e-02,-1.835712e+00,1.389930e+00,5.571136e-02,1.106211e+00,-7.470097e-02,-1.418194e-01,3.925896e-01,2.219397e-01
8.027011e-01,1.480294e+00,8.576871e-01,-2.069785e+00,-2.652464e-01,-1.494584e+00,-1.647698e+00,8.156385e-02,-4.341431e+00,7.295498e-01
-8.044934e-01,-4.359625e-01,2.663449e+00,-2.247864e+00,-5.396468e-02,-5.290014e+00,-8.145771e-01,2.895006e-01,-1.817595e+00,1.616804e-01
6.352583e-01,-1.000284e+00,7.110211e-01,-1.407561e+00,2.184583e-02,7.371126e-01,-1.388593e+00,7.421851e-02,-1.133184e+00,-7.282905e-02
