-1.027288e+00,1.180393e+00,1.143229e+00,-4.815585e-01,3.619107e-02,-1.929248e+00,-4.827202e-01,-1.981257e-01,1.992251e+00,-3.529622e-01
3.308689e-01,3.804630e-01,-8.526869e-01,1.414387e+00,-2.427816e-01,6.715146e-01,-9.551594e-01,3.673717e-01,6.168371e-01,-4.512077e-02
-1.745101e+00,-1.031590e+00,-4.874626e-01,7.824620e-01,2.138722e-01,-7.554144e-01,2.169649e+00,5.055658e-02,1.340275e+00,4.206119e-02
1.388648e-01,-4.202490e-01,-5.073503e-02,-1.297192e+00,1.443453e-01,1.116465e+00,-4.713702e-01,7.194928e-02,1.580610e+00,-1.907305e-01
-1.820467e-01,3.640129e-01,6.667504e-02,-9.763439e-02,1.520405e-01,8.174492e-01,-2.056606e-01,1.247287e-01,-1.696431e-01,2.851778e-01
1.080091e+00,8.047306e-01,7.055525e-01,-1.832508e+00,-3.885073e-01,-6.253621e-01,-1.605574e+00,-3.075488e-01,2.659306e-01,1.313511e-01
7.920448e-01,7.184394e-02,-1.836105e+00,1.390098e+00,2.077874e-01,1.106882e+00,-7.501777e-02,-9.179966e-02,3.949065e-01,7.732444e-02
8.039023e-01,1.479178e+00,8.574073e-01,-2.070951e+00,3.890612e-01,-1.492184e+00,-1.646144e+00,4.047728e-01,-4.341930e+00,-3.524493e-01
-8.051674e-01,-4.345276e-01,2.661432e+00,-2.248209e+00,-7.551360e-02,-5.290496e+00,-8.174111e-01,1.040139e-01,-1.813157e+00,-6.592056e-02
6.336010e-01,-1.000069e+00,7.100635e-01,-1.408003e+00,7.449721e-02,7.366266e-01,-1.389024e+00,-7.799481e-02,-1.132323e+00,5.533027e-02
