-1.027051e+00,1.180573e+00,1.143500e+00,-4.814125e-01,4.804948e-02,-1.930527e+00,-4.820262e-01,-1.381366e-01,1.991715e+00,9.735671e-02
3.316008e-01,3.797901e-01,-8.533075e-01,1.413381e+00,1.234037e-01,6.690866e-01,-9.556336e-01,2.357568e-01,6.224093e-01,1.656547e-01
-1.745240e+00,-1.031498e+00,-4.870347e-01,7.832456e-01,-5.023557e-01,-7.567210e-01,2.168722e+00,-2.374836e-01,1.341081e+00,3.660354e-01
1.391295e-01,-4.212455e-01,-5.089378e-02,-1.297669e+00,4.488388e-03,1.114568e+00,-4.718905e-01,-3.160636e-02,1.582906e+00,-9.478283e-02
-1.815253e-01,3.642601e-01,6.861545e-02,-9.788639e-02,-5.040436e-02,8.164012e-01,-2.043486e-01,-7.885116e-02,-1.713582e-01,2.092985e-01
1.080505e+00,8.040431e-01,7.047776e-01,-1.831622e+00,-4.971133e-02,-6.335346e-01,-1.606052e+00,6.416351e-01,2.657867e-01,4.386511e-01
7.902402e-01,7.226886e-02,-1.836771e+00,1.390544e+00,1.220370e-01,1.107449e+00,-7.483616e-02,5.751757e-02,3.935095e-01,6.436284e-02
8.050902e-01,1.479046e+00,8.584416e-01,-2.071777e+00,-3.248246e-01,-1.493286e+00,-1.645617e+00,9.801880e-02,-4.346124e+00,1.516293e-01
-8.061350e-01,-4.361419e-01,2.664640e+00,-2.248866e+00,-4.595818e-01,-5.290714e+00,-8.160351e-01,6.715986e-02,-1.817566e+00,9.005328e-02
6.343595e-01,-1.000177e+00,7.103911e-01,-1.408399e+00,1.318232e-01,7.342758e-01,-1.388974e+00,-1.260080e-01,-1.130463e+00,-7.947767e-02
