-1.027462e+00,1.179095e+00,1.143365e+00,-4.807417e-01,6.810535e-02,-1.929604e+00,-4.806641e-01,-1.179830e-01,1.991175e+00,1.141197e-01
3.309420e-01,3.809158e-01,-8.541305e-01,1.414227e+00,3.635136e-01,6.647701e-01,-9.547035e-01,7.023138e-03,6.214305e-01,2.998541e-01
-1.745576e+00,-1.030857e+00,-4.876430e-01,7.834757e-01,1.364167e-01,-7.568573e-01,2.168393e+00,2.200785e-01,1.342311e+00,2.142782e-01
1.384800e-01,-4.207828e-01,-5.009561e-02,-1.297642e+00,3.345861e-02,1.117619e+00,-4.724040e-01,-8.153136e-02,1.584079e+00,-5.170224e-02
-1.825643e-01,3.634748e-01,6.724599e-02,-9.670119e-02,-8.099766e-02,8.204852e-01,-2.057850e-01,2.126695e-02,-1.783654e-01,2.307107e-01
1.080985e+00,8.048755e-01,7.067367e-01,-1.832122e+00,2.216328e-01,-6.298721e-01,-1.606335e+00,-1.511303e-01,2.647560e-01,-3.259166e-01
7.904880e-01,7.241215e-02,-1.835625e+00,1.389900e+00,1.389104e-01,1.105563e+00,-7.525091e-02,-2.066922e-01,3.908836e-01,2.336605e-01
8.046640e-01,1.479584e+00,8.579173e-01,-2.071810e+00,5.637658e-01,-1.494382e+00,-1.647549e+00,-1.342413e-01,-4.338218e+00,-7.778252e-02
-8.054283e-01,-4.374444e-01,2.663811e+00,-2.248931e+00,-6.465299e-02,-5.291810e+00,-8.152907e-01,-3.833765e-01,-1.820775e+00,-2.237437e-01
6.350560e-01,-9.999997e-01,7.102923e-01,-1.407974e+00,-3.860583e-02,7.370673e-01,-1.389169e+00,1.294616e-01,-1.131356e+00,-4.342630e-02
