-1.027573e+00,1.179251e+00,1.145262e+00,-4.813548e-01,-4.813653e-02,-1.928587e+00,-4.818045e-01,3.153344e-02,1.993368e+00,1.362641e-01
3.310641e-01,3.792628e-01,-8.541185e-01,1.413990e+00,-5.146593e-02,6.632067e-01,-9.563767e-01,-1.648679e-01,6.200710e-01,-1.105307e-01
-1.745387e+00,-1.030524e+00,-4.870051e-01,7.823273e-01,3.218754e-01,-7.548106e-01,2.169978e+00,2.103260e-01,1.337816e+00,2.258061e-02
1.389893e-01,-4.210671e-01,-5.122311e-02,-1.297393e+00,-2.377698e-01,1.113996e+00,-4.725089e-01,6.200177e-02,1.579883e+00,1.994117e-01
-1.828827e-01,3.637278e-01,6.943905e-02,-9.675573e-02,2.710503e-01,8.183190e-01,-2.046966e-01,-3.853815e-02,-1.725145e-01,1.664704e-01
1.080380e+00,8.036394e-01,7.052356e-01,-1.831341e+00,5.607076e-01,-6.325644e-01,-1.606987e+00,-5.160243e-01,2.648047e-01,3.789822e-01
7.904606e-01,7.286898e-02,-1.836450e+00,1.389785e+00,-8.031244e-02,1.104303e+00,-7.551422e-02,-1.498574e-01,3.933133e-01,-1.124988e-01
8.044138e-01,1.478132e+00,8.577659e-01,-2.070837e+00,1.441247e-01,-1.487335e+00,-1.646866e+00,1.297693e-01,-4.341774e+00,4.643521e-02
-8.055696e-01,-4.363531e-01,2.662967e+00,-2.248606e+00,-1.262230e-01,-5.289496e+00,-8.129639e-01,1.088880e-01,-1.821967e+00,2.627826e-01
6.338557e-01,-1.000212e+00,7.109717e-01,-1.407784e+00,9.190088e-02,7.360929e-01,-1.388631e+00,6.561497e-02,-1.130869e+00,-1.487683e-01
