-1.026630e+00,1.180188e+00,1.144962e+00,-4.800244e-01,5.743032e-02,-1.924716e+00,-4.812797e-01,9.295657e-02,1.989190e+00,8.180739e-02
3.316969e-01,3.801645e-01,-8.543197e-01,1.414363e+00,6.319560e-02,6.661094e-01,-9.553993e-01,2.317411e-01,6.131212e-01,3.807095e-01
-1.746420e+00,-1.032308e+00,-4.869168e-01,7.823064e-01,4.669676e-01,-7.535395e-01,2.169415e+00,1.084560e-01,1.340832e+00,1.658059e-01
1.385056e-01,-4.221522e-01,-5.158689e-02,-1.297708e+00,-3.612331e-02,1.115283e+00,-4.719212e-01,-7.254007e-02,1.583724e+00,1.287059e-01
-1.813408e-01,3.641555e-01,6.841030e-02,-9.660702e-02,-2.780083e-01,8.229039e-01,-2.041989e-01,-2.216094e-01,-1.716049e-01,1.299174e-01
1.080485e+00,8.041135e-01,7.053080e-01,-1.831719e+00,-2.254799e-01,-6.310265e-01,-1.607360e+00,-2.549870e-01,2.634055e-01,7.182618e-02
7.906595e-01,7.121532e-02,-1.836870e+00,1.390247e+00,9.322047e-02,1.108936e+00,-7.571613e-02,1.255485e-01,3.934094e-01,-5.934855e-02
8.044909e-01,1.481436e+00,8.567836e-01,-2.070725e+00,-2.028994e-01,-1.492954e+00,-1.645775e+00,-2.826052e-01,-4.339991e+00,3.356439e-01
-8.049815e-01,-4.370526e-01,2.663244e+00,-2.248132e+00,6.505893e-02,-5.290654e+00,-8.160742e-01,1.641247e-01,-1.824428e+00,1.468649e-01
6.347202e-01,-9.995992e-01,7.118431e-01,-1.407803e+00,-3.729883e-01,7.382851e-01,-1.387498e+00,-2.519899e-03,-1.132115e+00,3.676710e-02
