-1.027871e+00,1.179591e+00,1.145365e+00,-4.808620e-01,-1.049745e-01,-1.925831e+00,-4.818487e-01,4.405345e-01,1.992930e+00,-6.787509e-03
3.319288e-01,3.805614e-01,-8.549667e-01,1.413788e+00,1.930312e-01,6.682700e-01,-9.540729e-01,-2.238118e-01,6.159818e-01,-2.811746e-01
-1.744545e+00,-1.031922e+00,-4.874748e-01,7.820166e-01,-4.347721e-02,-7.563833e-01,2.169028e+00,3.911027e-01,1.339457e+00,-2.568988e-01
1.388890e-01,-4.204663e-01,-5.032344e-02,-1.297380e+00,7.297758e-02,1.120155e+00,-4.722014e-01,1.931581e-01,1.580799e+00,-2.553573e-02
-1.821503e-01,3.645911e-01,7.019712e-02,-9.693637e-02,2.052583e-01,8.140980e-01,-2.045274e-01,-5.195414e-02,-1.746721e-01,-1.151777e-02
1.080823e+00,8.042817e-01,7.047335e-01,-1.832077e+00,2.864566e-02,-6.285648e-01,-1.605197e+00,2.028241e-01,2.605304e-01,-4.621184e-02
7.909827e-01,7.173530e-02,-1.837290e+00,1.390081e+00,-6.052627e-02,1.105371e+00,-7.378678e-02,2.640701e-02,3.921526e-01,-1.406319e-01
8.049600e-01,1.479838e+00,8.568038e-01,-2.070910e+00,8.177949e-02,-1.493128e+00,-1.646704e+00,5.673169e-02,-4.338777e+00,-3.217294e-03
-8.071449e-01,-4.369744e-01,2.664259e+00,-2.248643e+00,3.147763e-01,-5.287096e+00,-8.176931e-01,-3.804451e-02,-1.822571e+00,4.422708e-02
6.337234e-01,-1.000512e+00,7.108600e-01,-1.407606e+00,-1.368563e-01,7.375810e-01,-1.388664e+00,5.939782e-02,-1.134884e+00,-1.956044e-02
