id,Bin
1,24
2,24
3,24
4,24
5,24
6,24
7,24
8,24
9,24
10,24
11,24
12,24
13,24
14,24
15,24
16,24
17,24
18,24
19,24
20,24
21,24
22,24
23,24
24,24
25,24
26,24
27,24
28,24
29,24
30,24
31,24
32,24
33,24
34,8
35,8
36,8
37,8
38,8
39,24
40,8
41,8
42,8
43,8
44,8
45,24
46,8
47,8
48,8
49,24
50,8
51,8
52,8
53,24
54,8
55,8
56,24
57,8
58,8
59,24
60,8
61,8
62,24
63,8
64,24
65,8
66,8
67,24
68,8
69,8
70,24
71,8
72,24
73,8
74,8
75,24
76,8
77,24
78,8
79,8
80,24
81,10
82,10
83,10
84,10
85,10
86,10
87,8
88,10
89,10
90,10
91,24
92,10
93,8
94,10
95,10
96,10
97,8
98,24
99,10
100,10
101,10
102,8
103,10
104,24
105,10
106,8
107,10
108,24
109,10
110,8
111,10
112,10
113,8
114,24
115,10
116,10
117,8
118,24
119,10
120,8
121,10
122,24
123,10
124,8
125,10
126,24
127,8
128,10
129,10
130,8
131,24
132,10
133,8
134,10
135,24
136,10
137,8
138,9
139,9
140,9
141,9
142,9
143,9
144,10
145,9
146,9
147,24
148,9
149,9
150,8
151,10
152,9
153,9
154,9
155,24
156,10
157,9
158,8
159,9
160,9
161,10
162,9
163,8
164,24
165,9
166,10
167,9
168,9
169,8
170,10
171,24
172,9
173,9
174,10
175,8
176,9
177,24
178,9
179,10
180,8
181,9
182,10
183,9
184,24
185,9
186,8
187,10
188,9
189,24
190,9
191,8
192,10
193,9
194,10
195,24
196,8
197,9
198,9
199,10
200,8
201,24
202,9
203,2
204,2
205,2
206,10
207,2
208,2
209,2
210,2
211,9
212,2
213,2
214,8
215,2
216,10
217,2
218,24
219,9
220,2
221,2
222,2
223,9
224,8
225,10
226,2
227,2
228,6
229,9
230,2
231,10
232,2
233,8
234,9
235,2
236,2
237,6
238,10
239,9
240,2
241,8
242,2
243,9
244,10
245,2
246,6
247,2
248,8
249,9
250,2
251,10
252,9
253,2
254,6
255,8
256,2
257,10
258,9
259,2
260,8
261,2
262,6
263,9
264,10
265,2
266,9
267,2
268,10
269,8
270,6
271,2
272,9
273,10
274,2
275,2
276,2
277,8
278,2
279,2
280,2
281,9
282,2
283,6
284,2
285,2
286,2
287,2
288,2
289,10
290,2
291,9
292,2
293,2
294,33
295,2
296,2
297,6
298,2
299,2
300,10
301,9
302,2
303,2
304,2
305,33
306,2
307,9
308,10
309,2
310,2
311,6
312,2
313,33
314,9
315,2
316,2
317,10
318,2
319,2
320,6
321,2
322,9
323,33
324,2
325,2
326,10
327,2
328,9
329,2
330,2
331,6
332,33
333,10
334,2
335,9
336,2
337,2
338,2
339,6
340,2
341,10
342,9
343,33
344,2
345,2
346,2
347,9
348,10
349,6
350,33
351,2
352,2
353,2
354,9
355,17
356,17
357,17
358,17
359,17
360,10
361,17
362,2
363,17
364,17
365,2
366,33
367,17
368,6
369,17
370,9
371,17
372,2
373,2
374,17
375,17
376,10
377,17
378,2
379,17
380,33
381,2
382,9
383,17
384,6
385,2
386,17
387,10
388,17
389,2
390,17
391,2
392,9
393,33
394,17
395,6
396,2
397,17
398,2
399,10
400,17
401,9
402,2
403,17
404,2
405,33
406,17
407,10
408,2
409,6
410,9
411,17
412,2
413,17
414,2
415,33
416,17
417,10
418,9
419,2
420,2
421,6
422,17
423,17
424,2
425,33
426,9
427,2
428,10
429,17
430,2
431,6
432,17
433,2
434,9
435,17
436,33
437,25
438,2
439,17
440,1
441,1
442,1
443,2
444,1
445,1
446,1
447,1
448,2
449,6
450,9
451,1
452,17
453,1
454,1
455,25
456,1
457,33
458,2
459,17
460,1
461,2
462,1
463,9
464,1
465,17
466,1
467,6
468,2
469,1
470,2
471,25
472,1
473,17
474,33
475,1
476,9
477,2
478,1
479,17
480,2
481,1
482,25
483,6
484,1
485,17
486,2
487,33
488,9
489,1
490,2
491,17
492,1
493,2
494,1
495,25
496,17
497,6
498,9
499,1
500,2
501,33
502,2
503,1
504,17
505,1
506,25
507,2
508,9
509,2
510,17
511,1
512,6
513,33
514,1
515,17
516,2
517,2
518,1
519,25
520,9
521,17
522,1
523,6
524,33
525,2
526,2
527,1
528,17
529,9
530,25
531,1
532,1
533,1
534,1
535,1
536,1
537,2
538,1
539,1
540,17
541,1
542,1
543,2
544,1
545,33
546,1
547,6
548,1
549,9
550,1
551,1
552,2
553,25
554,17
555,1
556,1
557,2
558,1
559,1
560,1
561,17
562,2
563,33
564,1
565,9
566,1
567,6
568,1
569,25
570,2
571,1
572,17
573,1
574,2
575,1
576,1
577,9
578,1
579,17
580,33
581,1
582,2
583,25
584,6
585,2
586,1
587,1
588,17
589,1
590,9
591,1
592,1
593,11
594,2
595,33
596,25
597,1
598,17
599,1
600,6
601,1
602,9
603,2
604,1
605,1
606,17
607,11
608,1
609,33
610,25
611,1
612,17
613,1
614,2
615,6
616,9
617,11
618,1
619,1
620,17
621,1
622,25
623,33
624,2
625,1
626,15
627,11
628,15
629,15
630,1
631,15
632,31
633,15
634,15
635,6
636,15
637,17
638,15
639,1
640,15
641,1
642,2
643,15
644,15
645,25
646,15
647,1
648,33
649,11
650,15
651,17
652,1
653,31
654,15
655,15
656,1
657,2
658,6
659,15
660,1
661,15
662,17
663,1
664,11
665,25
666,15
667,33
668,15
669,31
670,1
671,1
672,2
673,15
674,17
675,15
676,1
677,6
678,1
679,11
680,15
681,25
682,11
683,15
684,31
685,1
686,17
687,33
688,15
689,1
690,1
691,15
692,11
693,11
694,17
695,6
696,15
697,1
698,25
699,1
700,31
701,15
702,33
703,15
704,1
705,17
706,11
707,1
708,11
709,15
710,1
711,25
712,31
713,6
714,15
715,1
716,17
717,33
718,11
719,11
720,15
721,1
722,1
723,15
724,17
725,1
726,31
727,25
728,3
729,3
730,3
731,15
732,3
733,3
734,6
735,11
736,3
737,3
738,11
739,3
740,1
741,3
742,1
743,15
744,33
745,3
746,3
747,17
748,3
749,15
750,3
751,31
752,1
753,1
754,11
755,3
756,25
757,11
758,3
759,15
760,3
761,6
762,11
763,1
764,3
765,33
766,15
767,1
768,3
769,11
770,31
771,3
772,15
773,1
774,11
775,25
776,3
777,11
778,1
779,3
780,15
781,6
782,3
783,1
784,11
785,33
786,3
787,15
788,11
789,31
790,1
791,11
792,3
793,1
794,25
795,15
796,3
797,11
798,3
799,1
800,11
801,1
802,15
803,6
804,33
805,3
806,31
807,11
808,3
809,15
810,25
811,1
812,1
813,11
814,11
815,3
816,15
817,3
818,11
819,1
820,31
821,6
822,1
823,33
824,3
825,15
826,11
827,11
828,25
829,3
830,1
831,15
832,1
833,3
834,3
835,3
836,3
837,3
838,3
839,11
840,3
841,31
842,3
843,11
844,3
845,3
846,1
847,11
848,3
849,15
850,33
851,6
852,3
853,3
854,3
855,1
856,25
857,3
858,3
859,15
860,3
861,1
862,11
863,11
864,3
865,3
866,31
867,3
868,11
869,1
870,3
871,15
872,3
873,33
874,3
875,1
876,6
877,25
878,3
879,11
880,3
881,15
882,11
883,3
884,1
885,11
886,3
887,31
888,1
889,3
890,3
891,15
892,3
893,11
894,33
895,3
896,1
897,25
898,6
899,1
900,3
901,11
902,11
903,15
904,3
905,3
906,31
907,3
908,11
909,1
910,1
911,15
912,3
913,3
914,33
915,11
916,11
917,25
918,3
919,3
920,6
921,15
922,1
923,3
924,31
925,11
926,1
927,3
928,3
929,15
930,11
931,1
932,11
933,3
934,3
935,33
936,25
937,1
938,11
939,3
940,18
941,15
942,31
943,5
944,3
945,5
946,5
947,5
948,5
949,1
950,3
951,5
952,5
953,5
954,11
955,5
956,1
957,11
958,3
959,15
960,5
961,3
962,11
963,5
964,5
965,25
966,33
967,1
968,5
969,3
970,5
971,31
972,3
973,15
974,5
975,18
976,3
977,1
978,11
979,5
980,5
981,11
982,11
983,3
984,1
985,3
986,5
987,15
988,5
989,25
990,3
991,33
992,5
993,1
994,3
995,31
996,11
997,5
998,1
999,11
1000,15
1001,18
1002,3
1003,5
1004,11
1005,3
1006,5
1007,3
1008,1
1009,5
1010,1
1011,15
1012,25
1013,3
1014,31
1015,11
1016,5
1017,33
1018,11
1019,3
1020,5
1021,11
1022,15
1023,18
1024,28
1025,3
1026,3
1027,5
1028,1
1029,5
1030,3
1031,11
1032,11
1033,16
1034,31
1035,3
1036,5
1037,15
1038,33
1039,1
1040,28
1041,11
1042,3
1043,5
1044,3
1045,5
1046,18
1047,15
1048,3
1049,11
1050,11
1051,1
1052,5
1053,28
1054,31
1055,16
1056,3
1057,5
1058,5
1059,5
1060,5
1061,3
1062,5
1063,5
1064,11
1065,5
1066,15
1067,5
1068,18
1069,5
1070,5
1071,5
1072,5
1073,11
1074,3
1075,3
1076,1
1077,5
1078,11
1079,5
1080,28
1081,18
1082,5
1083,5
1084,15
1085,5
1086,31
1087,3
1088,5
1089,16
1090,3
1091,11
1092,5
1093,5
1094,1
1095,5
1096,11
1097,18
1098,3
1099,5
1100,28
1101,5
1102,15
1103,11
1104,3
1105,5
1106,5
1107,5
1108,3
1109,18
1110,1
1111,16
1112,5
1113,11
1114,16
1115,15
1116,11
1117,5
1118,3
1119,5
1120,28
1121,3
1122,5
1123,11
1124,18
1125,5
1126,5
1127,1
1128,3
1129,15
1130,3
1131,5
1132,5
1133,16
1134,11
1135,28
1136,11
1137,18
1138,5
1139,16
1140,5
1141,5
1142,3
1143,3
1144,11
1145,1
1146,15
1147,5
1148,18
1149,5
1150,28
1151,3
1152,5
1153,11
1154,3
1155,16
1156,16
1157,4
1158,5
1159,5
1160,1
1161,16
1162,18
1163,11
1164,3
1165,5
1166,5
1167,3
1168,28
1169,5
1170,18
1171,11
1172,4
1173,13
1174,13
1175,13
1176,3
1177,1
1178,13
1179,13
1180,5
1181,13
1182,5
1183,16
1184,13
1185,16
1186,13
1187,3
1188,13
1189,11
1190,13
1191,5
1192,16
1193,13
1194,5
1195,3
1196,13
1197,18
1198,4
1199,28
1200,13
1201,5
1202,11
1203,28
1204,13
1205,3
1206,13
1207,5
1208,18
1209,3
1210,5
1211,13
1212,16
1213,13
1214,16
1215,16
1216,4
1217,13
1218,5
1219,5
1220,28
1221,3
1222,28
1223,13
1224,16
1225,3
1226,11
1227,13
1228,5
1229,18
1230,5
1231,13
1232,4
1233,5
1234,13
1235,16
1236,3
1237,18
1238,3
1239,16
1240,28
1241,16
1242,28
1243,13
1244,5
1245,5
1246,13
1247,11
1248,16
1249,4
1250,3
1251,13
1252,3
1253,5
1254,5
1255,13
1256,18
1257,28
1258,28
1259,16
1260,16
1261,5
1262,13
1263,5
1264,3
1265,18
1266,16
1267,4
1268,3
1269,11
1270,13
1271,5
1272,13
1273,5
1274,16
1275,28
1276,3
1277,28
1278,13
1279,5
1280,4
1281,16
1282,4
1283,16
1284,18
1285,13
1286,5
1287,11
1288,16
1289,5
1290,3
1291,18
1292,13
1293,28
1294,13
1295,13
1296,13
1297,13
1298,4
1299,13
1300,5
1301,28
1302,13
1303,5
1304,13
1305,13
1306,4
1307,16
1308,13
1309,13
1310,3
1311,13
1312,16
1313,13
1314,16
1315,13
1316,5
1317,11
1318,13
1319,5
1320,13
1321,4
1322,18
1323,13
1324,28
1325,16
1326,13
1327,4
1328,13
1329,28
1330,18
1331,3
1332,5
1333,13
1334,13
1335,5
1336,13
1337,16
1338,13
1339,16
1340,4
1341,13
1342,5
1343,21
1344,16
1345,13
1346,28
1347,3
1348,4
1349,5
1350,13
1351,13
1352,28
1353,16
1354,5
1355,13
1356,18
1357,13
1358,4
1359,13
1360,18
1361,3
1362,5
1363,13
1364,5
1365,16
1366,28
1367,21
1368,4
1369,13
1370,16
1371,13
1372,16
1373,28
1374,13
1375,5
1376,4
1377,5
1378,13
1379,3
1380,13
1381,16
1382,13
1383,18
1384,4
1385,13
1386,28
1387,5
1388,18
1389,5
1390,16
1391,21
1392,13
1393,3
1394,4
1395,16
1396,13
1397,28
1398,16
1399,13
1400,5
1401,5
1402,13
1403,4
1404,13
1405,16
1406,28
1407,3
1408,4
1409,13
1410,5
1411,21
1412,16
1413,26
1414,18
1415,5
1416,21
1417,13
1418,18
1419,22
1420,22
1421,22
1422,16
1423,22
1424,22
1425,22
1426,4
1427,16
1428,5
1429,22
1430,3
1431,13
1432,26
1433,22
1434,28
1435,22
1436,4
1437,22
1438,5
1439,22
1440,13
1441,16
1442,22
1443,26
1444,21
1445,5
1446,22
1447,16
1448,13
1449,21
1450,22
1451,3
1452,22
1453,4
1454,26
1455,22
1456,18
1457,4
1458,5
1459,16
1460,13
1461,18
1462,28
1463,5
1464,22
1465,16
1466,22
1467,13
1468,26
1469,3
1470,22
1471,21
1472,16
1473,23
1474,22
1475,21
1476,5
1477,4
1478,13
1479,16
1480,4
1481,22
1482,26
1483,28
1484,22
1485,13
1486,16
1487,3
1488,22
1489,5
1490,23
1491,18
1492,18
1493,26
1494,13
1495,22
1496,16
1497,4
1498,4
1499,21
1500,21
1501,22
1502,16
1503,16
1504,5
1505,26
1506,26
1507,21
1508,4
1509,22
1510,23
1511,22
1512,26
1513,16
1514,26
1515,4
1516,4
1517,5
1518,22
1519,18
1520,23
1521,21
1522,21
1523,26
1524,18
1525,4
1526,22
1527,16
1528,21
1529,26
1530,16
1531,22
1532,16
1533,5
1534,26
1535,4
1536,22
1537,23
1538,4
1539,26
1540,4
1541,16
1542,26
1543,22
1544,21
1545,22
1546,5
1547,22
1548,22
1549,21
1550,22
1551,22
1552,22
1553,21
1554,22
1555,22
1556,22
1557,26
1558,18
1559,26
1560,22
1561,18
1562,23
1563,18
1564,4
1565,16
1566,22
1567,22
1568,4
1569,22
1570,4
1571,16
1572,5
1573,22
1574,26
1575,22
1576,26
1577,22
1578,22
1579,16
1580,21
1581,22
1582,23
1583,21
1584,21
1585,22
1586,26
1587,4
1588,22
1589,5
1590,22
1591,4
1592,26
1593,22
1594,4
1595,16
1596,22
1597,18
1598,18
1599,26
1600,7
1601,18
1602,23
1603,16
1604,7
1605,5
1606,22
1607,26
1608,7
1609,21
1610,4
1611,21
1612,4
1613,26
1614,16
1615,21
1616,7
1617,22
1618,4
1619,7
1620,23
1621,26
1622,5
1623,26
1624,16
1625,7
1626,22
1627,7
1628,4
1629,18
1630,4
1631,18
1632,16
1633,21
1634,22
1635,21
1636,26
1637,26
1638,7
1639,18
1640,5
1641,23
1642,21
1643,4
1644,16
1645,7
1646,22
1647,26
1648,7
1649,26
1650,4
1651,16
1652,4
1653,22
1654,7
1655,5
1656,23
1657,21
1658,21
1659,26
1660,7
1661,18
1662,4
1663,22
1664,18
1665,16
1666,26
1667,21
1668,7
1669,18
1670,4
1671,16
1672,5
1673,26
1674,4
1675,22
1676,23
1677,7
1678,7
1679,7
1680,7
1681,7
1682,7
1683,26
1684,7
1685,16
1686,7
1687,21
1688,7
1689,7
1690,22
1691,7
1692,21
1693,26
1694,4
1695,7
1696,23
1697,7
1698,4
1699,7
1700,7
1701,23
1702,21
1703,18
1704,7
1705,26
1706,16
1707,22
1708,4
1709,18
1710,7
1711,7
1712,26
1713,16
1714,7
1715,18
1716,7
1717,23
1718,22
1719,7
1720,21
1721,7
1722,16
1723,4
1724,26
1725,4
1726,21
1727,7
1728,26
1729,23
1730,7
1731,7
1732,22
1733,4
1734,7
1735,21
1736,23
1737,7
1738,7
1739,26
1740,26
1741,16
1742,18
1743,22
1744,16
1745,7
1746,18
1747,4
1748,23
1749,21
1750,7
1751,4
1752,7
1753,16
1754,21
1755,18
1756,26
1757,4
1758,7
1759,23
1760,22
1761,26
1762,7
1763,7
1764,21
1765,7
1766,23
1767,7
1768,4
1769,22
1770,26
1771,4
1772,21
1773,16
1774,26
1775,7
1776,23
1777,18
1778,16
1779,7
1780,4
1781,21
1782,7
1783,18
1784,22
1785,16
1786,26
1787,7
1788,7
1789,23
1790,4
1791,18
1792,26
1793,23
1794,21
1795,22
1796,7
1797,7
1798,4
1799,21
1800,26
1801,7
1802,4
1803,16
1804,22
1805,16
1806,26
1807,23
1808,21
1809,7
1810,18
1811,7
1812,20
1813,20
1814,20
1815,20
1816,20
1817,23
1818,4
1819,20
1820,16
1821,20
1822,26
1823,18
1824,20
1825,7
1826,20
1827,7
1828,20
1829,22
1830,20
1831,21
1832,4
1833,7
1834,20
1835,26
1836,4
1837,21
1838,18
1839,20
1840,23
1841,7
1842,20
1843,26
1844,23
1845,7
1846,20
1847,22
1848,4
1849,21
1850,20
1851,16
1852,16
1853,7
1854,7
1855,20
1856,26
1857,18
1858,16
1859,20
1860,26
1861,22
1862,4
1863,7
1864,23
1865,4
1866,20
1867,23
1868,18
1869,21
1870,7
1871,21
1872,20
1873,4
1874,7
1875,20
1876,26
1877,22
1878,26
1879,18
1880,21
1881,20
1882,7
1883,7
1884,20
1885,23
1886,23
1887,16
1888,16
1889,4
1890,4
1891,16
1892,20
1893,22
1894,7
1895,7
1896,18
1897,26
1898,26
1899,21
1900,4
1901,20
1902,21
1903,18
1904,20
1905,7
1906,7
1907,23
1908,22
1909,21
1910,23
1911,20
1912,26
1913,7
1914,26
1915,4
1916,20
1917,4
1918,18
1919,7
1920,4
1921,16
1922,16
1923,16
1924,22
1925,20
1926,7
1927,21
1928,23
1929,21
1930,18
1931,26
1932,20
1933,23
1934,7
1935,4
1936,7
1937,20
1938,22
1939,21
1940,18
1941,4
1942,4
1943,14
1944,4
1945,14
1946,20
1947,14
1948,7
1949,7
1950,14
1951,14
1952,26
1953,14
1954,23
1955,14
1956,14
1957,4
1958,21
1959,20
1960,14
1961,16
1962,22
1963,4
1964,16
1965,18
1966,14
1967,7
1968,16
1969,14
1970,7
1971,21
1972,14
1973,20
1974,14
1975,18
1976,26
1977,14
1978,4
1979,7
1980,21
1981,4
1982,20
1983,22
1984,14
1985,23
1986,4
1987,4
1988,7
1989,14
1990,18
1991,4
1992,14
1993,20
1994,7
1995,21
1996,14
1997,4
1998,14
1999,22
2000,20
2001,7
2002,16
2003,16
2004,21
2005,14
2006,7
2007,23
2008,4
2009,16
2010,4
2011,4
2012,18
2013,14
2014,20
2015,4
2016,21
2017,4
2018,14
2019,18
2020,7
2021,4
2022,22
2023,7
2024,20
2025,14
2026,21
2027,14
2028,4
2029,23
2030,18
2031,20
2032,7
2033,7
2034,14
2035,4
2036,4
2037,22
2038,16
2039,4
2040,16
2041,21
2042,14
2043,4
2044,20
2045,4
2046,32
2047,7
2048,21
2049,14
2050,7
2051,18
2052,4
2053,20
2054,23
2055,22
2056,14
2057,18
2058,4
2059,21
2060,7
2061,4
2062,14
2063,20
2064,4
2065,7
2066,4
2067,14
2068,18
2069,16
2070,4
2071,22
2072,4
2073,7
2074,21
2075,20
2076,16
2077,14
2078,4
2079,23
2080,21
2081,7
2082,32
2083,14
2084,14
2085,14
2086,14
2087,14
2088,14
2089,20
2090,7
2091,14
2092,21
2093,4
2094,14
2095,14
2096,22
2097,18
2098,4
2099,4
2100,14
2101,14
2102,4
2103,18
2104,14
2105,7
2106,14
2107,4
2108,20
2109,14
2110,23
2111,7
2112,14
2113,4
2114,14
2115,14
2116,21
2117,12
2118,20
2119,22
2120,14
2121,14
2122,12
2123,32
2124,18
2125,7
2126,14
2127,4
2128,7
2129,4
2130,4
2131,4
2132,14
2133,14
2134,21
2135,32
2136,4
2137,20
2138,14
2139,23
2140,14
2141,22
2142,14
2143,7
2144,7
2145,14
2146,4
2147,18
2148,18
2149,20
2150,14
2151,14
2152,4
2153,4
2154,21
2155,12
2156,14
2157,4
2158,4
2159,12
2160,7
2161,20
2162,22
2163,32
2164,14
2165,14
2166,7
2167,4
2168,4
2169,21
2170,18
2171,14
2172,14
2173,32
2174,20
2175,14
2176,4
2177,7
2178,4
2179,4
2180,7
2181,14
2182,22
2183,14
2184,4
2185,4
2186,20
2187,18
2188,14
2189,4
2190,18
2191,12
2192,7
2193,12
2194,12
2195,4
2196,14
2197,14
2198,4
2199,12
2200,7
2201,32
2202,4
2203,20
2204,22
2205,14
2206,14
2207,18
2208,7
2209,4
2210,14
2211,4
2212,32
2213,4
2214,4
2215,20
2216,14
2217,7
2218,14
2219,4
2220,22
2221,30
2222,30
2223,4
2224,30
2225,7
2226,4
2227,30
2228,30
2229,12
2230,14
2231,12
2232,30
2233,14
2234,18
2235,30
2236,12
2237,20
2238,30
2239,12
2240,30
2241,18
2242,14
2243,30
2244,7
2245,30
2246,4
2247,32
2248,14
2249,4
2250,30
2251,4
2252,7
2253,4
2254,4
2255,14
2256,30
2257,22
2258,20
2259,30
2260,4
2261,18
2262,30
2263,32
2264,14
2265,14
2266,4
2267,30
2268,7
2269,7
2270,30
2271,20
2272,12
2273,14
2274,12
2275,30
2276,4
2277,14
2278,12
2279,22
2280,4
2281,4
2282,12
2283,30
2284,18
2285,14
2286,4
2287,4
2288,30
2289,4
2290,7
2291,20
2292,7
2293,18
2294,32
2295,14
2296,30
2297,14
2298,30
2299,4
2300,22
2301,4
2302,30
2303,14
2304,20
2305,14
2306,32
2307,18
2308,4
2309,4
2310,7
2311,7
2312,30
2313,12
2314,12
2315,12
2316,4
2317,14
2318,4
2319,30
2320,14
2321,12
2322,12
2323,20
2324,29
2325,30
2326,4
2327,14
2328,18
2329,7
2330,7
2331,30
2332,4
2333,32
2334,14
2335,4
2336,18
2337,20
2338,30
2339,4
2340,14
2341,4
2342,30
2343,29
2344,7
2345,14
2346,4
2347,12
2348,32
2349,12
2350,14
2351,7
2352,12
2353,4
2354,18
2355,30
2356,12
2357,20
2358,12
2359,14
2360,30
2361,14
2362,4
2363,4
2364,7
2365,27
2366,27
2367,4
2368,27
2369,27
2370,4
2371,27
2372,29
2373,27
2374,30
2375,18
2376,27
2377,20
2378,7
2379,32
2380,14
2381,27
2382,27
2383,4
2384,14
2385,27
2386,30
2387,4
2388,27
2389,18
2390,27
2391,12
2392,12
2393,7
2394,14
2395,27
2396,30
2397,12
2398,20
2399,12
2400,27
2401,32
2402,14
2403,4
2404,29
2405,4
2406,7
2407,27
2408,30
2409,18
2410,4
2411,4
2412,14
2413,27
2414,12
2415,4
2416,27
2417,7
2418,30
2419,14
2420,20
2421,27
2422,4
2423,14
2424,27
2425,32
2426,18
2427,7
2428,30
2429,29
2430,27
2431,12
2432,4
2433,4
2434,12
2435,27
2436,14
2437,12
2438,14
2439,7
2440,20
2441,30
2442,29
2443,4
2444,27
2445,12
2446,18
2447,4
2448,32
2449,27
2450,30
2451,14
2452,7
2453,14
2454,12
2455,29
2456,27
2457,4
2458,18
2459,20
2460,7
2461,27
2462,30
2463,4
2464,4
2465,14
2466,29
2467,27
2468,14
2469,32
2470,12
2471,12
2472,30
2473,18
2474,4
2475,12
2476,7
2477,27
2478,20
2479,4
2480,29
2481,14
2482,7
2483,12
2484,27
2485,30
2486,14
2487,4
2488,27
2489,29
2490,18
2491,32
2492,4
2493,29
2494,14
2495,12
2496,30
2497,20
2498,7
2499,35
2500,7
2501,18
2502,14
2503,29
2504,4
2505,35
2506,30
2507,12
2508,12
2509,14
2510,35
2511,35
2512,35
2513,35
2514,35
2515,32
2516,12
2517,4
2518,35
2519,35
2520,35
2521,20
2522,35
2523,18
2524,29
2525,35
2526,30
2527,29
2528,14
2529,7
2530,35
2531,12
2532,4
2533,7
2534,35
2535,4
2536,14
2537,35
2538,35
2539,29
2540,35
2541,35
2542,35
2543,35
2544,20
2545,32
2546,4
2547,12
2548,35
2549,14
2550,18
2551,14
2552,35
2553,35
2554,12
2555,35
2556,7
2557,7
2558,12
2559,35
2560,29
2561,29
2562,4
2563,18
2564,35
2565,12
2566,35
2567,4
2568,14
2569,20
2570,29
2571,32
2572,4
2573,35
2574,14
2575,35
2576,35
2577,35
2578,12
2579,18
2580,35
2581,7
2582,4
2583,7
2584,14
2585,35
2586,35
2587,35
2588,14
2589,29
2590,20
2591,29
2592,12
2593,35
2594,32
2595,29
2596,12
2597,35
2598,4
2599,12
2600,35
2601,35
2602,4
2603,35
2604,18
2605,4
2606,7
2607,12
2608,35
2609,35
2610,14
2611,7
2612,20
2613,18
2614,35
2615,35
2616,32
2617,4
2618,29
2619,12
2620,35
2621,35
2622,35
2623,29
2624,29
2625,18
2626,14
2627,7
2628,35
2629,35
2630,35
2631,4
2632,20
2633,12
2634,7
2635,4
2636,35
2637,35
2638,12
2639,12
2640,34
2641,32
2642,35
2643,35
2644,35
2645,12
2646,14
2647,29
2648,34
2649,29
2650,7
2651,29
2652,18
2653,35
2654,35
2655,35
2656,20
2657,35
2658,35
2659,35
2660,35
2661,35
2662,35
2663,35
2664,32
2665,7
2666,35
2667,12
2668,35
2669,19
2670,35
2671,4
2672,35
2673,35
2674,35
2675,35
2676,35
2677,35
2678,4
2679,35
2680,12
2681,35
2682,19
2683,35
2684,34
2685,7
2686,35
2687,20
2688,29
2689,29
2690,12
2691,35
2692,35
2693,35
2694,12
2695,29
2696,35
2697,34
2698,7
2699,35
2700,32
2701,35
2702,12
2703,35
2704,35
2705,35
2706,35
2707,35
2708,34
2709,35
2710,35
2711,20
2712,7
2713,35
2714,19
2715,12
2716,32
2717,35
2718,29
2719,29
2720,35
2721,35
2722,35
2723,35
2724,12
2725,35
2726,12
2727,19
2728,34
2729,7
2730,35
2731,29
2732,12
2733,34
2734,35
2735,35
2736,35
2737,19
2738,35
2739,20
2740,12
2741,35
2742,7
2743,35
2744,35
2745,34
2746,12
2747,35
2748,35
2749,29
2750,35
2751,32
2752,29
2753,35
2754,35
2755,7
2756,35
2757,35
2758,35
2759,35
2760,29
2761,12
2762,12
2763,34
2764,35
2765,12
2766,7
2767,35
2768,32
2769,35
2770,35
2771,34
2772,19
2773,35
2774,12
2775,35
2776,19
2777,29
2778,35
2779,34
2780,35
2781,35
2782,7
2783,29
2784,35
2785,35
2786,12
2787,19
2788,35
2789,12
2790,35
2791,7
2792,35
2793,35
2794,35
2795,29
2796,32
2797,34
2798,12
2799,35
2800,35
2801,35
2802,35
2803,35
2804,35
2805,35
2806,34
2807,35
2808,35
2809,12
2810,35
2811,35
2812,12
2813,29
2814,35
2815,35
2816,7
2817,35
2818,35
2819,35
2820,35
2821,35
2822,34
2823,32
2824,29
2825,12
2826,35
2827,35
2828,35
2829,35
2830,35
2831,35
2832,35
2833,19
2834,35
2835,35
2836,35
2837,29
2838,35
2839,19
2840,35
2841,35
2842,12
2843,12
2844,35
2845,35
2846,35
2847,19
2848,7
2849,35
2850,29
2851,34
2852,35
2853,12
2854,34
2855,35
2856,35
2857,35
2858,35
2859,37
2860,35
2861,29
2862,12
2863,19
2864,35
2865,34
2866,37
2867,12
2868,37
2869,35
2870,35
2871,35
2872,35
2873,35
2874,12
2875,37
2876,29
2877,35
2878,32
2879,35
2880,7
2881,37
2882,29
2883,37
2884,35
2885,35
2886,37
2887,35
2888,12
2889,34
2890,19
2891,34
2892,29
2893,12
2894,35
2895,37
2896,12
2897,37
2898,19
2899,35
2900,35
2901,34
2902,35
2903,35
2904,37
2905,19
2906,12
2907,35
2908,37
2909,37
2910,29
2911,35
2912,19
2913,12
2914,35
2915,29
2916,35
2917,35
2918,37
2919,12
2920,35
2921,37
2922,35
2923,37
2924,35
2925,35
2926,29
2927,32
2928,37
2929,37
2930,34
2931,34
2932,37
2933,34
2934,12
2935,12
2936,35
2937,37
2938,35
2939,12
2940,35
2941,35
2942,37
2943,35
2944,35
2945,29
2946,12
2947,37
2948,29
2949,19
2950,37
2951,37
2952,37
2953,37
2954,37
2955,19
2956,37
2957,35
2958,37
2959,37
2960,37
2961,19
2962,37
2963,35
2964,37
2965,37
2966,29
2967,35
2968,37
2969,12
2970,12
2971,37
2972,37
2973,19
2974,37
2975,35
2976,35
2977,37
2978,37
2979,34
2980,37
2981,34
2982,35
2983,35
2984,34
2985,37
2986,19
2987,37
2988,12
2989,35
2990,37
2991,37
2992,35
2993,29
2994,35
2995,29
2996,37
2997,12
2998,37
2999,37
3000,37
3001,12
3002,35
3003,12
3004,37
3005,35
3006,29
3007,37
3008,37
3009,37
3010,37
3011,37
3012,35
3013,35
3014,35
3015,37
3016,19
3017,19
3018,35
3019,12
3020,37
3021,34
3022,12
3023,37
3024,19
3025,37
3026,34
3027,37
3028,36
3029,34
3030,35
3031,37
3032,19
3033,29
3034,37
3035,35
3036,37
3037,12
3038,35
3039,37
3040,37
3041,19
3042,37
3043,37
3044,29
3045,12
3046,35
3047,37
3048,12
3049,35
3050,35
3051,37
3052,37
3053,37
3054,35
3055,12
3056,37
3057,37
3058,35
3059,36
3060,35
3061,37
3062,34
3063,34
3064,37
3065,12
3066,34
3067,37
3068,29
3069,37
3070,37
3071,12
3072,37
3073,35
3074,19
3075,19
3076,35
3077,12
3078,35
3079,19
3080,37
3081,29
3082,37
3083,36
3084,37
3085,37
3086,37
3087,19
3088,35
3089,37
3090,12
3091,37
3092,12
3093,36
3094,37
3095,19
3096,37
3097,37
3098,37
3099,37
3100,37
3101,37
3102,37
3103,37
3104,37
3105,37
3106,34
3107,37
3108,35
3109,37
3110,34
3111,37
3112,35
3113,35
3114,29
3115,12
3116,37
3117,37
3118,39
3119,34
3120,39
3121,36
3122,35
3123,12
3124,37
3125,39
3126,36
3127,37
3128,37
3129,37
3130,39
3131,37
3132,39
3133,12
3134,12
3135,39
3136,37
3137,37
3138,36
3139,35
3140,39
3141,37
3142,19
3143,37
3144,19
3145,19
3146,37
3147,39
3148,37
3149,35
3150,35
3151,39
3152,12
3153,19
3154,39
3155,12
3156,35
3157,34
3158,29
3159,34
3160,39
3161,36
3162,19
3163,37
3164,39
3165,37
3166,37
3167,39
3168,36
3169,34
3170,37
3171,35
3172,39
3173,37
3174,12
3175,39
3176,12
3177,37
3178,39
3179,36
3180,35
3181,37
3182,12
3183,35
3184,35
3185,39
3186,39
3187,12
3188,37
3189,37
3190,39
3191,39
3192,37
3193,36
3194,37
3195,39
3196,34
3197,36
3198,37
3199,39
3200,12
3201,34
3202,36
3203,12
3204,19
3205,19
3206,39
3207,39
3208,39
3209,19
3210,37
3211,19
3212,35
3213,34
3214,35
3215,39
3216,36
3217,37
3218,35
3219,37
3220,19
3221,37
3222,39
3223,39
3224,39
3225,37
3226,12
3227,19
3228,12
3229,36
3230,37
3231,39
3232,39
3233,37
3234,39
3235,36
3236,34
3237,39
3238,12
3239,37
3240,37
3241,36
3242,39
3243,35
3244,39
3245,35
3246,39
3247,39
3248,39
3249,34
3250,39
3251,39
3252,12
3253,39
3254,39
3255,36
3256,37
3257,39
3258,36
3259,37
3260,39
3261,39
3262,39
3263,39
3264,12
3265,34
3266,39
3267,39
3268,39
3269,39
3270,37
3271,19
3272,36
3273,19
3274,39
3275,37
3276,19
3277,39
3278,39
3279,19
3280,39
3281,19
3282,37
3283,39
3284,39
3285,37
3286,39
3287,35
3288,12
3289,12
3290,39
3291,39
3292,36
3293,37
3294,36
3295,19
3296,36
3297,39
3298,36
3299,39
3300,39
3301,37
3302,39
3303,39
3304,36
3305,34
3306,37
3307,39
3308,12
3309,39
3310,37
3311,12
3312,39
3313,39
3314,36
3315,39
3316,34
3317,37
3318,39
3319,39
3320,35
3321,37
3322,12
3323,39
3324,39
3325,39
3326,37
3327,39
3328,37
3329,36
3330,39
3331,37
3332,36
3333,36
3334,39
3335,12
3336,39
3337,19
3338,36
3339,19
3340,39
3341,12
3342,36
3343,19
3344,19
3345,39
3346,19
3347,39
3348,39
3349,39
3350,37
3351,34
3352,37
3353,19
3354,36
3355,37
3356,37
3357,39
3358,39
3359,39
3360,39
3361,39
3362,37
3363,12
3364,12
3365,39
3366,34
3367,36
3368,39
3369,39
3370,39
3371,39
3372,12
3373,36
3374,39
3375,36
3376,37
3377,39
3378,36
3379,39
3380,37
3381,37
3382,36
3383,12
3384,39
3385,37
3386,37
3387,39
3388,36
3389,39
3390,39
3391,39
3392,39
3393,39
3394,39
3395,39
3396,12
3397,39
3398,39
3399,36
3400,41
3401,41
3402,39
3403,39
3404,19
3405,19
3406,41
3407,19
3408,39
3409,41
3410,36
3411,19
3412,37
3413,41
3414,19
3415,39
3416,39
3417,41
3418,37
3419,39
3420,39
3421,19
3422,34
3423,39
3424,12
3425,37
3426,41
3427,41
3428,36
3429,37
3430,12
3431,41
3432,36
3433,36
3434,41
3435,38
3436,39
3437,39
3438,41
3439,39
3440,36
3441,36
3442,41
3443,12
3444,39
3445,41
3446,39
3447,39
3448,12
3449,41
3450,41
3451,36
3452,39
3453,36
3454,41
3455,37
3456,39
3457,37
3458,12
3459,37
3460,41
3461,41
3462,39
3463,39
3464,41
3465,39
3466,39
3467,38
3468,39
3469,36
3470,36
3471,41
3472,19
3473,34
3474,39
3475,41
3476,19
3477,19
3478,36
3479,12
3480,36
3481,19
3482,41
3483,19
3484,41
3485,39
3486,41
3487,37
3488,36
3489,41
3490,12
3491,37
3492,39
3493,38
3494,19
3495,39
3496,37
3497,39
3498,41
3499,41
3500,41
3501,39
3502,12
3503,12
3504,36
3505,41
3506,39
3507,38
3508,41
3509,39
3510,41
3511,12
3512,41
3513,36
3514,36
3515,39
3516,39
3517,37
3518,36
3519,37
3520,41
3521,36
3522,41
3523,36
3524,37
3525,39
3526,39
3527,41
3528,38
3529,39
3530,41
3531,12
3532,36
3533,41
3534,41
3535,41
3536,41
3537,19
3538,19
3539,41
3540,41
3541,41
3542,41
3543,19
3544,19
3545,39
3546,41
3547,39
3548,38
3549,41
3550,41
3551,12
3552,41
3553,41
3554,19
3555,41
3556,41
3557,39
3558,41
3559,39
3560,41
3561,36
3562,12
3563,37
3564,41
3565,12
3566,39
3567,41
3568,36
3569,41
3570,19
3571,38
3572,36
3573,37
3574,41
3575,41
3576,41
3577,39
3578,41
3579,41
3580,38
3581,36
3582,41
3583,12
3584,39
3585,41
3586,39
3587,36
3588,41
3589,41
3590,41
3591,38
3592,41
3593,39
3594,36
3595,41
3596,37
3597,12
3598,39
3599,41
3600,41
3601,41
3602,39
3603,41
3604,41
3605,39
3606,39
3607,38
3608,41
3609,19
3610,41
3611,41
3612,36
3613,19
3614,19
3615,38
3616,36
3617,36
3618,12
3619,12
3620,19
3621,41
3622,38
3623,41
3624,41
3625,41
3626,41
3627,39
3628,12
3629,36
3630,39
3631,19
3632,39
3633,41
3634,38
3635,39
3636,39
3637,41
3638,41
3639,41
3640,39
3641,12
3642,36
3643,41
3644,19
3645,36
3646,41
3647,38
3648,41
3649,41
3650,41
3651,41
3652,12
3653,41
3654,39
3655,38
3656,36
3657,41
3658,39
3659,39
3660,38
3661,41
3662,36
3663,36
3664,41
3665,41
3666,39
3667,39
3668,41
3669,41
3670,38
3671,36
3672,41
3673,41
3674,36
3675,19
3676,19
3677,41
3678,41
3679,41
3680,41
3681,41
3682,19
3683,41
3684,19
3685,39
3686,41
3687,41
3688,41
3689,38
3690,41
3691,41
3692,41
3693,41
3694,19
3695,12
3696,41
3697,41
3698,39
3699,41
3700,39
3701,36
3702,41
3703,36
3704,41
3705,39
3706,41
3707,12
3708,19
3709,38
3710,41
3711,41
3712,41
3713,38
3714,38
3715,39
3716,41
3717,41
3718,43
3719,41
3720,39
3721,38
3722,41
3723,43
3724,36
3725,12
3726,19
3727,41
3728,41
3729,43
3730,36
3731,41
3732,43
3733,38
3734,39
3735,41
3736,36
3737,43
3738,39
3739,39
3740,41
3741,36
3742,41
3743,41
3744,43
3745,41
3746,43
3747,41
3748,41
3749,43
3750,39
3751,19
3752,19
3753,19
3754,38
3755,43
3756,41
3757,38
3758,36
3759,43
3760,41
3761,19
3762,38
3763,36
3764,12
3765,38
3766,43
3767,41
3768,39
3769,41
3770,39
3771,41
3772,19
3773,43
3774,12
3775,43
3776,36
3777,41
3778,40
3779,39
3780,43
3781,41
3782,41
3783,19
3784,36
3785,43
3786,36
3787,43
3788,41
3789,41
3790,36
3791,40
3792,43
3793,41
3794,41
3795,43
3796,36
3797,39
3798,38
3799,19
3800,39
3801,38
3802,43
3803,41
3804,43
3805,38
3806,41
3807,41
3808,38
3809,43
3810,39
3811,43
3812,36
3813,40
3814,43
3815,43
3816,36
3817,41
3818,43
3819,43
3820,43
3821,43
3822,43
3823,19
3824,19
3825,38
3826,41
3827,43
3828,43
3829,43
3830,19
3831,41
3832,12
3833,41
3834,43
3835,40
3836,43
3837,43
3838,19
3839,43
3840,41
3841,12
3842,43
3843,39
3844,43
3845,41
3846,43
3847,43
3848,43
3849,36
3850,36
3851,43
3852,19
3853,41
3854,41
3855,36
3856,38
3857,43
3858,39
3859,38
3860,38
3861,41
3862,43
3863,41
3864,43
3865,43
3866,40
3867,43
3868,43
3869,38
3870,19
3871,36
3872,43
3873,43
3874,43
3875,41
3876,41
3877,36
3878,43
3879,40
3880,41
3881,41
3882,39
3883,43
3884,41
3885,43
3886,38
3887,43
3888,36
3889,19
3890,41
3891,45
3892,43
3893,43
3894,39
3895,45
3896,43
3897,19
3898,19
3899,43
3900,38
3901,40
3902,12
3903,45
3904,43
3905,36
3906,43
3907,19
3908,41
3909,41
3910,38
3911,40
3912,36
3913,12
3914,41
3915,45
3916,41
3917,19
3918,45
3919,39
3920,45
3921,40
3922,36
3923,43
3924,41
3925,38
3926,43
3927,43
3928,45
3929,19
3930,45
3931,36
3932,41
3933,36
3934,45
3935,39
3936,41
3937,38
3938,43
3939,43
3940,43
3941,45
3942,45
3943,41
3944,41
3945,19
3946,40
3947,36
3948,41
3949,38
3950,40
3951,45
3952,45
3953,45
3954,45
3955,43
3956,41
3957,45
3958,45
3959,45
3960,38
3961,41
3962,45
3963,45
3964,40
3965,43
3966,38
3967,45
3968,45
3969,41
3970,43
3971,45
3972,45
3973,36
3974,45
3975,19
3976,19
3977,45
3978,45
3979,38
3980,12
3981,43
3982,19
3983,40
3984,45
3985,41
3986,36
3987,45
3988,41
3989,41
3990,43
3991,45
3992,19
3993,45
3994,45
3995,43
3996,36
3997,43
3998,45
3999,45
4000,41
4001,45
4002,38
4003,36
4004,45
4005,19
4006,41
4007,40
4008,40
4009,36
4010,45
4011,45
4012,40
4013,43
4014,45
4015,40
4016,45
4017,45
4018,19
4019,38
4020,45
4021,41
4022,43
4023,43
4024,41
4025,36
4026,45
4027,45
4028,40
4029,45
4030,41
4031,38
4032,41
4033,45
4034,43
4035,45
4036,38
4037,45
4038,45
4039,19
4040,45
4041,36
4042,41
4043,43
4044,45
4045,45
4046,43
4047,40
4048,40
4049,12
4050,41
4051,45
4052,45
4053,19
4054,41
4055,43
4056,45
4057,36
4058,40
4059,38
4060,45
4061,19
4062,40
4063,41
4064,45
4065,36
4066,36
4067,41
4068,19
4069,40
4070,19
4071,45
4072,45
4073,43
4074,38
4075,45
4076,36
4077,45
4078,43
4079,45
4080,47
4081,19
4082,47
4083,41
4084,47
4085,47
4086,47
4087,45
4088,47
4089,45
4090,36
4091,41
4092,47
4093,38
4094,47
4095,47
4096,41
4097,38
4098,47
4099,43
4100,47
4101,45
4102,43
4103,47
4104,47
4105,45
4106,40
4107,47
4108,45
4109,19
4110,40
4111,40
4112,41
4113,43
4114,47
4115,45
4116,36
4117,47
4118,47
4119,42
4120,40
4121,47
4122,47
4123,45
4124,38
4125,47
4126,47
4127,41
4128,47
4129,45
4130,43
4131,43
4132,41
4133,19
4134,45
4135,38
4136,40
4137,47
4138,47
4139,41
4140,36
4141,47
4142,36
4143,19
4144,47
4145,43
4146,36
4147,45
4148,19
4149,47
4150,47
4151,45
4152,47
4153,41
4154,36
4155,47
4156,38
4157,45
4158,40
4159,40
4160,38
4161,19
4162,47
4163,43
4164,47
4165,19
4166,40
4167,36
4168,42
4169,43
4170,41
4171,47
4172,47
4173,45
4174,45
4175,47
4176,43
4177,41
4178,40
4179,47
4180,19
4181,42
4182,36
4183,47
4184,47
4185,45
4186,47
4187,38
4188,45
4189,45
4190,45
4191,47
4192,40
4193,41
4194,47
4195,19
4196,47
4197,47
4198,43
4199,38
4200,47
4201,41
4202,47
4203,47
4204,47
4205,43
4206,47
4207,47
4208,47
4209,40
4210,47
4211,47
4212,47
4213,45
4214,40
4215,47
4216,42
4217,45
4218,47
4219,41
4220,36
4221,47
4222,36
4223,47
4224,45
4225,47
4226,40
4227,36
4228,38
4229,47
4230,19
4231,42
4232,47
4233,47
4234,38
4235,19
4236,36
4237,47
4238,47
4239,47
4240,19
4241,40
4242,47
4243,47
4244,43
4245,41
4246,45
4247,47
4248,36
4249,47
4250,47
4251,43
4252,45
4253,43
4254,47
4255,19
4256,47
4257,45
4258,47
4259,47
4260,47
4261,47
4262,38
4263,38
4264,47
4265,40
4266,41
4267,47
4268,19
4269,47
4270,42
4271,42
4272,45
4273,40
4274,45
4275,49
4276,19
4277,47
4278,42
4279,47
4280,47
4281,47
4282,38
4283,43
4284,49
4285,43
4286,40
4287,49
4288,45
4289,43
4290,47
4291,41
4292,47
4293,40
4294,49
4295,45
4296,47
4297,19
4298,40
4299,49
4300,45
4301,47
4302,49
4303,38
4304,36
4305,47
4306,36
4307,41
4308,49
4309,49
4310,36
4311,49
4312,49
4313,49
4314,49
4315,36
4316,49
4317,49
4318,45
4319,49
4320,47
4321,36
4322,49
4323,43
4324,49
4325,45
4326,49
4327,42
4328,42
4329,49
4330,36
4331,47
4332,47
4333,47
4334,49
4335,40
4336,42
4337,49
4338,49
4339,49
4340,38
4341,40
4342,19
4343,43
4344,45
4345,19
4346,49
4347,49
4348,38
4349,41
4350,49
4351,47
4352,47
4353,49
4354,49
4355,40
4356,49
4357,49
4358,19
4359,47
4360,47
4361,49
4362,45
4363,43
4364,45
4365,49
4366,38
4367,49
4368,49
4369,49
4370,43
4371,47
4372,40
4373,49
4374,45
4375,40
4376,49
4377,49
4378,49
4379,19
4380,19
4381,43
4382,49
4383,47
4384,42
4385,49
4386,38
4387,49
4388,42
4389,47
4390,42
4391,47
4392,49
4393,49
4394,49
4395,49
4396,49
4397,49
4398,49
4399,49
4400,42
4401,49
4402,49
4403,49
4404,45
4405,49
4406,42
4407,45
4408,49
4409,49
4410,36
4411,40
4412,49
4413,49
4414,45
4415,36
4416,49
4417,36
4418,49
4419,49
4420,49
4421,43
4422,43
4423,47
4424,36
4425,49
4426,49
4427,38
4428,47
4429,19
4430,49
4431,36
4432,40
4433,47
4434,49
4435,49
4436,49
4437,36
4438,49
4439,49
4440,49
4441,49
4442,49
4443,38
4444,43
4445,49
4446,49
4447,49
4448,49
4449,49
4450,49
4451,49
4452,49
4453,45
4454,49
4455,49
4456,49
4457,47
4458,49
4459,47
4460,47
4461,36
4462,49
4463,45
4464,49
4465,49
4466,49
4467,42
4468,40
4469,40
4470,42
4471,49
4472,49
4473,49
4474,49
4475,38
4476,49
4477,49
4478,49
4479,42
4480,47
4481,42
4482,49
4483,19
4484,49
4485,45
4486,49
4487,49
4488,49
4489,49
4490,49
4491,49
4492,49
4493,49
4494,49
4495,49
4496,49
4497,49
4498,49
4499,43
4500,49
4501,47
4502,49
4503,19
4504,49
4505,49
4506,49
4507,49
4508,42
4509,49
4510,49
4511,47
4512,49
4513,38
4514,49
4515,49
4516,49
4517,49
4518,49
4519,49
4520,49
4521,49
4522,45
4523,49
4524,47
4525,49
4526,49
4527,49
4528,49
4529,49
4530,49
4531,49
4532,49
4533,49
4534,43
4535,40
4536,49
4537,49
4538,49
4539,49
4540,49
4541,49
4542,49
4543,47
4544,49
4545,45
4546,49
4547,49
4548,49
4549,49
4550,49
4551,49
4552,49
4553,49
4554,49
4555,40
4556,49
4557,49
4558,49
4559,49
4560,49
4561,49
4562,49
4563,49
4564,49
4565,49
4566,49
4567,49
4568,49
4569,49
4570,49
4571,49
4572,49
4573,49
4574,49
4575,49
4576,49
4577,19
4578,49
4579,49
4580,49
4581,49
4582,49
4583,49
4584,49
4585,49
4586,49
4587,49
4588,40
4589,49
4590,49
4591,49
4592,49
4593,49
4594,49
4595,47
4596,49
4597,49
4598,49
4599,19
4600,49
4601,49
4602,45
4603,36
4604,49
4605,49
4606,49
4607,36
4608,42
4609,49
4610,49
4611,36
4612,49
4613,42
4614,42
4615,49
4616,49
4617,38
4618,49
4619,49
4620,47
4621,49
4622,49
4623,49
4624,49
4625,36
4626,49
4627,43
4628,45
4629,47
4630,42
4631,49
4632,40
4633,49
4634,49
4635,38
4636,49
4637,40
4638,49
4639,49
4640,47
4641,45
4642,36
4643,19
4644,43
4645,49
4646,49
4647,49
4648,49
4649,49
4650,42
4651,38
4652,49
4653,49
4654,49
4655,49
4656,49
4657,45
4658,47
4659,36
4660,47
4661,49
4662,49
4663,38
4664,49
4665,45
4666,47
4667,40
4668,42
4669,49
4670,49
4671,42
4672,44
4673,49
4674,49
4675,43
4676,49
4677,42
4678,45
4679,19
4680,49
4681,19
4682,40
4683,49
4684,43
4685,42
4686,47
4687,47
4688,47
4689,49
4690,49
4691,40
4692,49
4693,45
4694,47
4695,36
4696,36
4697,49
4698,38
4699,42
4700,49
4701,40
4702,49
4703,36
4704,19
4705,38
4706,45
4707,49
4708,47
4709,49
4710,36
4711,44
4712,49
4713,19
4714,44
4715,42
4716,38
4717,47
4718,49
4719,49
4720,45
4721,49
4722,42
4723,42
4724,40
4725,36
4726,47
4727,38
4728,45
4729,49
4730,19
4731,49
4732,49
4733,49
4734,42
4735,47
4736,36
4737,45
4738,40
4739,47
4740,49
4741,40
4742,49
4743,42
4744,49
4745,44
4746,44
4747,49
4748,47
4749,45
4750,49
4751,44
4752,40
4753,47
4754,36
4755,45
4756,19
4757,49
4758,42
4759,38
4760,38
4761,47
4762,36
4763,49
4764,49
4765,38
4766,42
4767,45
4768,36
4769,49
4770,38
4771,40
4772,42
4773,49
4774,49
4775,47
4776,47
4777,19
4778,36
4779,40
4780,49
4781,44
4782,45
4783,44
4784,49
4785,47
4786,45
4787,49
4788,49
4789,42
4790,42
4791,36
4792,44
4793,19
4794,40
4795,47
4796,49
4797,49
4798,42
4799,47
4800,49
4801,19
4802,40
4803,36
4804,49
4805,47
4806,42
4807,42
4808,49
4809,45
4810,46
4811,49
4812,45
4813,49
4814,40
4815,38
4816,44
4817,38
4818,47
4819,38
4820,36
4821,36
4822,38
4823,49
4824,47
4825,44
4826,49
4827,49
4828,36
4829,42
4830,19
4831,40
4832,47
4833,42
4834,42
4835,49
4836,36
4837,40
4838,49
4839,49
4840,45
4841,46
4842,19
4843,49
4844,47
4845,46
4846,47
4847,40
4848,42
4849,42
4850,44
4851,36
4852,49
4853,47
4854,49
4855,49
4856,44
4857,49
4858,19
4859,40
4860,36
4861,42
4862,19
4863,45
4864,47
4865,38
4866,38
4867,44
4868,47
4869,46
4870,38
4871,40
4872,49
4873,49
4874,42
4875,46
4876,49
4877,49
4878,38
4879,40
4880,44
4881,40
4882,36
4883,36
4884,42
4885,49
4886,42
4887,44
4888,40
4889,49
4890,47
4891,47
4892,49
4893,49
4894,19
4895,36
4896,47
4897,46
4898,49
4899,42
4900,46
4901,42
4902,44
4903,36
4904,36
4905,49
4906,49
4907,46
4908,49
4909,42
4910,49
4911,47
4912,47
4913,38
4914,40
4915,38
4916,47
4917,42
4918,40
4919,38
4920,44
4921,36
4922,19
4923,49
4924,46
4925,42
4926,40
4927,19
4928,38
4929,49
4930,46
4931,49
4932,40
4933,47
4934,44
4935,36
4936,49
4937,42
4938,47
4939,36
4940,46
4941,42
4942,48
4943,49
4944,36
4945,46
4946,42
4947,49
4948,44
4949,44
4950,49
4951,19
4952,49
4953,46
4954,36
4955,36
4956,47
4957,42
4958,40
4959,40
4960,49
4961,40
4962,38
4963,40
4964,49
4965,44
4966,48
4967,46
4968,38
4969,49
4970,40
4971,42
4972,48
4973,36
4974,38
4975,49
4976,42
4977,49
4978,49
4979,19
4980,44
4981,47
4982,36
4983,46
4984,44
4985,38
4986,42
4987,49
4988,48
4989,36
4990,49
4991,42
4992,49
4993,46
4994,36
4995,44
4996,48
4997,40
4998,47
4999,40
5000,42
5001,40
5002,49
5003,40
5004,38
5005,19
5006,42
5007,36
5008,46
5009,46
5010,49
5011,48
5012,36
5013,38
5014,42
5015,49
5016,44
5017,42
5018,38
5019,46
5020,49
5021,48
5022,50
5023,49
5024,36
5025,44
5026,42
5027,38
5028,49
5029,48
5030,48
5031,19
5032,44
5033,36
5034,46
5035,49
5036,49
5037,40
5038,36
5039,40
5040,40
5041,36
5042,50
5043,44
5044,42
5045,48
5046,40
5047,46
5048,42
5049,38
5050,49
5051,42
5052,44
5053,49
5054,48
5055,38
5056,36
5057,48
5058,42
5059,19
5060,36
5061,46
5062,50
5063,38
5064,44
5065,48
5066,49
5067,49
5068,36
5069,46
5070,44
5071,38
5072,48
5073,42
5074,40
5075,42
5076,40
5077,46
5078,48
5079,42
5080,50
5081,40
5082,36
5083,42
5084,49
5085,50
5086,38
5087,19
5088,46
5089,40
5090,48
5091,42
5092,36
5093,44
5094,50
5095,38
5096,46
5097,49
5098,36
5099,50
5100,44
5101,50
5102,48
5103,38
5104,46
5105,36
5106,36
5107,48
5108,42
5109,42
5110,46
5111,42
5112,40
5113,38
5114,50
5115,42
5116,36
5117,40
5118,50
5119,50
5120,44
5121,48
5122,40
5123,44
5124,48
5125,40
5126,44
5127,38
5128,48
5129,36
5130,46
5131,36
5132,38
5133,50
5134,50
5135,19
5136,50
5137,46
5138,38
5139,48
5140,38
5141,42
5142,42
5143,42
5144,42
5145,48
5146,40
5147,44
5148,50
5149,44
5150,50
5151,40
5152,50
5153,50
5154,46
5155,36
5156,38
5157,36
5158,40
5159,46
5160,36
5161,46
5162,40
5163,50
5164,48
5165,38
5166,48
5167,50
5168,50
5169,40
5170,50
5171,42
5172,42
5173,42
5174,44
5175,36
5176,36
5177,42
5178,44
5179,46
5180,42
5181,36
5182,38
5183,46
5184,38
5185,48
5186,40
5187,50
5188,48
5189,48
5190,50
5191,50
5192,40
5193,38
5194,36
5195,40
5196,36
5197,36
5198,50
5199,44
5200,44
5201,46
5202,42
5203,46
5204,42
5205,46
5206,38
5207,50
5208,40
5209,48
5210,42
5211,48
5212,50
5213,48
5214,42
5215,50
5216,36
5217,40
5218,40
5219,36
5220,38
5221,50
5222,40
5223,36
5224,50
5225,46
5226,46
5227,44
5228,50
5229,46
5230,48
5231,48
5232,38
5233,44
5234,42
5235,40
5236,42
5237,36
5238,42
5239,38
5240,50
5241,40
5242,36
5243,42
5244,38
5245,50
5246,50
5247,42
5248,48
5249,48
5250,48
5251,46
5252,40
5253,46
5254,44
5255,50
5256,40
5257,36
5258,44
5259,38
5260,36
5261,44
5262,50
5263,42
5264,40
5265,38
5266,50
5267,36
5268,42
5269,48
5270,50
5271,48
5272,42
5273,48
5274,40
5275,46
5276,38
5277,36
5278,46
5279,38
5280,42
5281,50
5282,46
5283,36
5284,44
5285,50
5286,44
5287,40
5288,40
5289,50
5290,42
5291,48
5292,36
5293,38
5294,48
5295,42
5296,50
5297,40
5298,48
5299,36
5300,40
5301,46
5302,42
5303,50
5304,46
5305,40
5306,36
5307,44
5308,50
5309,42
5310,50
5311,38
5312,44
5313,48
5314,38
5315,36
5316,48
5317,44
5318,42
5319,40
5320,48
5321,50
5322,36
5323,42
5324,46
5325,50
5326,50
5327,40
5328,46
5329,38
5330,42
5331,38
5332,40
5333,46
5334,50
5335,36
5336,48
5337,50
5338,44
5339,42
5340,40
5341,48
5342,44
5343,50
5344,36
5345,46
5346,38
5347,38
5348,42
5349,42
5350,36
5351,40
5352,46
5353,50
5354,50
5355,46
5356,40
5357,48
5358,42
5359,36
5360,44
5361,50
5362,48
5363,38
5364,40
5365,38
5366,42
5367,48
5368,44
5369,40
5370,50
5371,50
5372,36
5373,46
5374,42
5375,42
5376,48
5377,40
5378,46
5379,50
5380,38
5381,40
5382,36
5383,48
5384,50
5385,42
5386,38
5387,42
5388,44
5389,50
5390,48
5391,42
5392,44
5393,36
5394,40
5395,38
5396,46
5397,50
5398,50
5399,40
5400,38
5401,44
5402,46
5403,42
5404,48
5405,50
5406,36
5407,46
5408,42
5409,40
5410,48
5411,40
5412,50
5413,38
5414,42
5415,50
5416,48
5417,44
5418,36
5419,38
5420,42
5421,48
5422,50
5423,46
5424,40
5425,44
5426,42
5427,38
5428,50
5429,36
5430,42
5431,48
5432,38
5433,46
5434,50
5435,42
5436,48
5437,40
5438,38
5439,50
5440,40
5441,44
5442,42
5443,50
5444,38
5445,42
5446,46
5447,44
5448,48
5449,50
5450,38
5451,36
5452,40
5453,42
5454,46
5455,42
5456,50
5457,40
5458,48
5459,44
5460,50
5461,36
5462,38
5463,46
5464,40
5465,46
5466,42
5467,50
5468,40
5469,48
5470,42
5471,50
5472,38
5473,44
5474,38
5475,46
5476,50
5477,48
5478,42
5479,42
5480,40
5481,38
5482,44
5483,50
5484,40
5485,50
5486,36
5487,46
5488,48
5489,48
5490,38
5491,42
5492,42
5493,42
5494,36
5495,44
5496,50
5497,40
5498,46
5499,48
5500,50
5501,38
5502,40
5503,42
5504,42
5505,44
5506,50
5507,46
5508,48
5509,40
5510,38
5511,50
5512,40
5513,50
5514,48
5515,36
5516,44
5517,46
5518,46
5519,42
5520,42
5521,38
5522,50
5523,40
5524,38
5525,48
5526,46
5527,44
5528,50
5529,42
5530,50
5531,40
5532,42
5533,38
5534,40
5535,48
5536,48
5537,46
5538,44
5539,40
5540,38
5541,50
5542,42
5543,50
5544,42
5545,48
5546,36
5547,46
5548,40
5549,44
5550,40
5551,44
5552,50
5553,38
5554,42
5555,48
5556,50
5557,40
5558,46
5559,42
5560,50
5561,38
5562,44
5563,48
5564,42
5565,40
5566,46
5567,38
5568,42
5569,50
5570,46
5571,50
5572,50
5573,44
5574,40
5575,48
5576,40
5577,38
5578,42
5579,46
5580,48
5581,38
5582,44
5583,40
5584,42
5585,50
5586,42
5587,48
5588,38
5589,50
5590,46
5591,40
5592,42
5593,48
5594,38
5595,44
5596,46
5597,50
5598,42
5599,42
5600,40
5601,50
5602,44
5603,50
5604,38
5605,48
5606,42
5607,40
5608,44
5609,38
5610,46
5611,48
5612,38
5613,42
5614,50
5615,40
5616,44
5617,50
5618,46
5619,50
5620,40
5621,42
5622,42
5623,46
5624,48
5625,40
5626,48
5627,44
5628,42
5629,46
5630,38
5631,50
5632,40
5633,50
5634,38
5635,48
5636,44
5637,42
5638,40
5639,38
5640,48
5641,46
5642,42
5643,50
5644,40
5645,42
5646,50
5647,50
5648,46
5649,44
5650,40
5651,42
5652,48
5653,40
5654,46
5655,38
5656,42
5657,48
5658,38
5659,50
5660,50
5661,42
5662,46
5663,50
5664,44
5665,40
5666,48
5667,42
5668,40
5669,44
5670,48
5671,42
5672,40
5673,48
5674,46
5675,50
5676,50
5677,42
5678,40
5679,46
5680,38
5681,42
5682,44
5683,48
5684,38
5685,48
5686,40
5687,42
5688,44
5689,50
5690,50
5691,50
5692,40
5693,42
5694,46
5695,40
5696,46
5697,44
5698,42
5699,48
5700,44
5701,50
5702,48
5703,42
5704,38
5705,50
5706,50
5707,46
5708,40
5709,42
5710,40
5711,46
5712,42
5713,40
5714,48
5715,40
5716,44
5717,48
5718,48
5719,50
5720,50
5721,42
5722,44
5723,42
5724,46
5725,38
5726,46
5727,42
5728,40
5729,48
5730,40
5731,42
5732,50
5733,48
5734,50
5735,50
5736,40
5737,44
5738,40
5739,44
5740,42
5741,46
5742,42
5743,46
5744,50
5745,48
5746,42
5747,50
5748,48
5749,38
5750,50
5751,44
5752,40
5753,40
5754,44
5755,40
5756,46
5757,42
5758,46
5759,42
5760,48
5761,50
5762,48
5763,42
5764,50
5765,50
5766,42
5767,44
5768,40
5769,44
5770,40
5771,40
5772,46
5773,50
5774,40
5775,46
5776,48
5777,50
5778,42
5779,48
5780,50
5781,42
5782,42
5783,44
5784,44
5785,50
5786,46
5787,46
5788,50
5789,40
5790,48
5791,40
5792,50
5793,48
5794,48
5795,40
5796,42
5797,42
5798,42
5799,42
5800,44
5801,44
5802,50
5803,46
5804,46
5805,50
5806,48
5807,50
5808,48
5809,40
5810,40
5811,40
5812,42
5813,42
5814,50
5815,42
5816,42
5817,44
5818,50
5819,44
5820,46
5821,50
5822,46
5823,48
5824,48
5825,40
5826,40
5827,42
5828,42
5829,50
5830,42
5831,42
5832,44
5833,50
5834,44
5835,46
5836,48
5837,46
5838,48
5839,48
5840,50
5841,50
5842,40
5843,40
5844,42
5845,42
5846,42
5847,50
5848,42
5849,44
5850,48
5851,44
5852,46
5853,48
5854,46
5855,50
5856,50
5857,50
5858,48
5859,48
5860,42
5861,42
5862,42
5863,48
5864,44
5865,42
5866,44
5867,46
5868,46
5869,40
5870,50
5871,50
5872,50
5873,48
5874,48
5875,46
5876,46
5877,44
5878,44
5879,42
5880,42
5881,42
5882,42
5883,50
5884,40
5885,50
5886,50
5887,48
5888,48
5889,46
5890,46
5891,46
5892,44
5893,44
5894,42
5895,42
5896,50
5897,42
5898,40
5899,50
5900,48
5901,48
5902,48
5903,46
5904,50
5905,46
5906,44
5907,44
5908,42
5909,42
5910,50
5911,42
5912,42
5913,50
5914,48
5915,50
5916,48
5917,46
5918,46
5919,44
5920,50
5921,44
5922,42
5923,42
5924,50
5925,42
5926,42
5927,48
5928,48
5929,48
5930,50
5931,46
5932,46
5933,44
5934,50
5935,44
5936,42
5937,50
5938,42
5939,42
5940,48
5941,50
5942,48
5943,46
5944,50
5945,46
5946,44
5947,50
5948,44
5949,42
5950,48
5951,42
5952,42
5953,48
5954,50
5955,46
5956,46
5957,50
5958,46
5959,44
5960,50
5961,44
5962,50
5963,42
5964,48
5965,42
5966,48
5967,50
5968,46
5969,46
5970,50
5971,44
5972,50
5973,44
5974,48
5975,42
5976,48
5977,50
5978,42
5979,46
5980,50
5981,46
5982,46
5983,48
5984,44
5985,50
5986,48
5987,44
5988,42
5989,48
5990,50
5991,46
5992,50
5993,46
5994,50
5995,44
5996,48
5997,44
5998,50
5999,48
6000,42
6001,46
6002,50
6003,46
6004,48
6005,44
6006,50
6007,44
6008,48
6009,44
6010,48
6011,50
6012,46
6013,50
6014,50
6015,46
6016,48
6017,44
6018,50
6019,48
6020,44
6021,46
6022,50
6023,46
6024,48
6025,50
6026,44
6027,48
6028,44
6029,50
6030,46
6031,46
6032,50
6033,50
6034,46
6035,48
6036,50
6037,44
6038,48
6039,50
6040,50
6041,46
6042,48
6043,46
6044,50
6045,44
6046,48
6047,50
6048,46
6049,50
6050,48
6051,46
6052,48
6053,46
6054,50
6055,48
6056,50
6057,50
6058,46
6059,48
6060,50
6061,46
6062,48
6063,50
6064,46
6065,50
6066,48
6067,46
6068,48
6069,50
6070,50
6071,48
6072,50
6073,46
6074,50
6075,48
6076,50
6077,48
6078,50
6079,46
6080,50
6081,48
6082,48
6083,50
6084,50
6085,46
6086,48
6087,50
6088,48
6089,50
6090,48
6091,50
6092,50
6093,48
6094,50
6095,48
6096,50
6097,48
6098,50
6099,48
6100,50
6101,50
6102,50
6103,48
6104,50
6105,50
6106,50
6107,48
6108,50
6109,50
6110,48
6111,50
6112,50
6113,50
6114,50
6115,50
