1.366756e+00,5.908249e-01,-5.968110e-01,2.121310e-01,-2.808599e-01,-1.183157e+00,9.167526e-02,9.807744e-01,-7.546763e-01,1.780914e+00
1.524106e+00,5.273925e-01,1.043658e-01,5.064400e-02,1.094064e-01,3.744214e-01,-1.727347e+00,6.359744e-01,-1.226230e+00,4.829409e-01
1.601667e+00,7.562278e-01,5.501398e-01,-1.413862e+00,3.289054e-01,3.683506e-03,-1.265266e+00,8.664167e-01,1.180759e+00,5.925847e-01
-5.515398e-03,-4.522517e-01,6.096943e-01,4.732364e-01,9.591407e-03,-2.239771e-01,6.911991e-03,-4.900378e-01,8.426915e-01,2.728518e-03
-3.896696e-03,-1.023335e+00,-5.189916e-01,9.211791e-01,-6.028080e-03,-1.200718e+00,1.024279e-02,9.901190e-01,-5.746028e-01,-8.977700e-05
-9.643253e-04,-6.122871e-01,1.364293e+00,-6.156828e-01,-2.053801e-03,-9.877254e-01,1.633400e-03,-2.017009e-01,-5.772484e-01,-2.570990e-03
-4.635712e-03,2.023954e-01,4.065873e-01,9.078990e-01,-2.130091e-04,1.251502e+00,2.975873e-03,9.053443e-01,5.730721e-01,-4.601776e-03
-9.760375e-01,3.389405e-01,-5.432711e-01,4.317134e-01,3.831648e-01,-2.252097e-01,-1.148978e-01,2.646542e-01,-5.383248e-01,1.906394e+00
-6.173211e-03,4.538930e-01,-1.289775e-01,-5.441829e-02,7.430740e-04,8.834776e-01,9.978667e-04,9.189222e-01,6.396888e-01,-8.462655e-04
1.715808e-04,-1.332923e+00,1.438560e+00,-7.035336e-01,9.855777e-03,1.477777e+00,-5.656170e-03,-1.415965e+00,-4.616197e-01,2.069355e-03
3.126852e-03,9.539495e-01,8.168235e-01,-1.363306e-01,5.899160e-03,-1.110022e+00,-3.273374e-03,1.041863e+00,1.296777e+00,4.309801e-03
-5.162700e-03,-6.414636e-02,1.178538e+00,-4.233485e-01,-6.517172e-03,-8.789296e-01,8.875286e-04,-1.224775e+00,2.777776e-01,-4.582983e-03
-7.095191e-04,-4.980734e-01,5.487385e-01,1.522173e+00,-3.185908e-03,2.004729e-01,1.093935e-02,2.199234e-02,5.528353e-01,4.301580e-03
-3.554541e-03,8.825562e-01,1.225755e+00,-1.964601e-01,-2.631387e-03,3.983455e-01,4.708314e-03,1.347283e+00,8.614352e-01,7.087217e-04
-2.317689e-03,2.865790e-01,1.442484e+00,-5.197337e-01,-1.349905e-03,-1.742930e-01,-9.774915e-04,-7.965527e-01,8.640928e-01,-6.246152e-04
1.522303e+00,-7.451265e-01,-1.680359e+00,-7.311895e-01,-2.386092e-01,-8.015558e-02,-1.390937e+00,8.490620e-01,1.028203e+00,-1.946382e+00
-7.779355e-01,-6.062456e-01,3.431495e-01,-7.376022e-01,-3.156012e-01,-1.339388e-01,3.513612e-01,-4.557649e-01,6.008030e-01,-1.650336e-01
6.137888e-03,4.026367e-01,-4.698609e-01,-2.405004e-01,3.200606e-03,-1.042565e-01,-6.331216e-03,6.902465e-01,7.840528e-01,-7.649976e-06
-1.598140e-01,-4.669040e-01,-1.714588e+00,-1.026853e+00,-6.149966e-01,-6.961326e-01,1.730098e-01,1.693081e+00,8.779236e-01,2.677425e-02
-8.130729e-01,-1.063211e-01,-2.253129e+00,-6.034283e-02,1.147955e+00,-7.305149e-01,-1.469260e+00,1.215142e-02,5.409505e-01,1.039413e+00
