1.365263e+00,1.767346e+00,-2.255900e-01,-4.847792e-01,-2.799780e-01,3.048654e-01,1.040610e-01,1.406026e+00,8.993414e-01,1.781047e+00
1.517043e+00,1.116239e-01,-5.983244e-01,-9.519178e-01,1.075822e-01,-3.764982e-01,-1.744351e+00,4.258744e-02,2.222359e-01,4.840806e-01
1.598193e+00,-1.211159e+00,-7.014892e-01,7.487242e-02,3.140242e-01,-4.902958e-01,-1.260322e+00,-1.513644e+00,1.287794e-01,5.899697e-01
1.811250e-03,-4.991683e-01,-2.097481e+00,3.833293e-01,-3.225173e-03,-2.901672e-01,1.633152e-02,6.115571e-01,-6.201715e-01,1.710946e-03
4.066221e-03,-9.969259e-01,2.501899e-01,1.682653e+00,-7.766242e-03,2.136338e-01,9.049685e-03,1.257241e+00,1.263774e+00,6.301071e-03
2.580110e-03,1.434031e+00,3.485990e-01,9.864059e-01,-8.214357e-03,5.069417e-01,2.830427e-03,2.269026e+00,6.621816e-03,6.372387e-03
-2.092402e-03,-1.043626e+00,4.521890e-02,-1.665459e+00,-2.643977e-03,5.034784e-01,-1.573256e-03,-1.733834e-02,1.032642e+00,1.369644e-03
-9.678206e-01,5.788482e-01,2.865935e-01,-2.837951e-01,3.873508e-01,-8.097508e-01,-1.152104e-01,1.137419e+00,2.176706e-01,1.903887e+00
1.362332e-03,-7.166660e-02,-6.664570e-01,-7.816841e-01,7.036691e-05,-2.401129e-01,2.445910e-03,1.203096e+00,-3.284079e-01,1.784963e-03
-2.940725e-03,2.430296e-01,-1.448886e+00,7.946554e-01,-6.284919e-03,4.319263e-01,-8.309869e-03,-1.562462e+00,2.468075e-01,-2.914185e-03
-4.352209e-03,7.889136e-01,1.695196e-01,3.643500e-03,1.538539e-03,5.260948e-01,2.147660e-03,-1.573804e+00,2.181553e-01,1.534437e-03
-5.056467e-03,1.145385e+00,-4.803889e-01,-2.265118e+00,-2.104811e-03,-4.185157e-01,1.145358e-03,-2.082373e-01,-3.798478e-01,-4.656835e-03
6.230644e-03,9.949469e-01,1.741417e+00,2.199955e+00,1.316885e-03,-3.902386e-01,7.201370e-04,9.354528e-01,4.757693e-02,2.421719e-03
-2.763759e-03,1.939064e-01,-6.587903e-01,1.234852e-01,-4.831547e-03,2.153924e-01,9.118134e-03,-6.163341e-01,-9.742517e-01,1.270746e-03
-4.534796e-03,1.639601e+00,4.197985e-01,2.939450e-01,-3.747216e-03,1.114605e-01,5.942221e-03,-3.577692e-01,-4.222922e-01,-2.814997e-03
1.518477e+00,-1.132173e+00,-3.963274e-01,2.715460e-01,-2.470404e-01,9.662226e-01,-1.378209e+00,-7.305672e-01,-1.881979e-01,-1.944723e+00
-7.799189e-01,-1.119248e+00,2.873229e-01,6.097752e-01,-3.069052e-01,2.105404e+00,3.559323e-01,-3.382896e-01,1.161691e+00,-1.616858e-01
-1.968888e-03,-5.268469e-02,2.003227e+00,5.571993e-01,-5.473087e-03,1.227885e-01,-3.229752e-03,1.064607e-01,5.458531e-01,6.564247e-04
-1.619006e-01,1.322462e-01,-1.470663e-01,-1.681849e+00,-6.252236e-01,2.632405e-01,1.818628e-01,-3.276229e-01,-1.733488e+00,2.194700e-02
-8.132838e-01,3.651722e-01,-1.931814e-01,-2.040136e-01,1.167295e+00,-1.435782e-01,-1.471906e+00,-8.407371e-01,1.112515e+00,1.034930e+00
