1.361152e+00,9.235016e-01,4.129940e-02,4.144153e-01,-2.754629e-01,-2.549408e+00,9.883547e-02,-1.256944e+00,2.429148e+00,1.780578e+00
1.524359e+00,-3.593662e-01,2.465315e-01,1.061555e-01,1.004336e-01,4.375316e-01,-1.743586e+00,1.274877e+00,-2.560916e-02,4.854798e-01
1.600875e+00,-9.735793e-01,-1.015171e+00,-9.392601e-01,3.287975e-01,-5.122548e-01,-1.276461e+00,1.720351e+00,-3.561013e-01,5.933378e-01
4.066811e-03,3.899867e-01,-1.327147e+00,-1.450744e-01,-2.405697e-03,9.484119e-01,-1.317215e-03,-9.120995e-02,-4.515213e-01,-1.681959e-03
1.654007e-03,-5.613034e-01,7.153722e-01,2.621146e+00,-5.785343e-03,1.256279e+00,2.080296e-03,4.965002e-01,1.723981e+00,7.186250e-04
-4.313534e-03,2.428713e+00,4.311643e-01,-3.296234e-01,-8.417954e-03,1.140331e+00,1.954415e-03,-2.351518e-01,2.593908e-01,5.904124e-04
-1.782856e-04,-9.249771e-02,-5.846979e-01,2.092237e+00,-3.584369e-04,-2.912021e-01,4.370187e-04,2.841071e-01,3.009169e-01,-1.995405e-03
-9.692001e-01,3.545739e-01,-7.433570e-01,1.639425e-01,3.837894e-01,-6.482907e-01,-1.098120e-01,1.485045e-01,1.092464e+00,1.903787e+00
-4.249739e-03,-1.752398e-01,-1.750611e-01,-2.676778e-02,-7.355703e-04,-1.037258e+00,-1.894237e-02,1.490055e+00,-3.792008e-01,4.772677e-03
1.977850e-04,-9.502716e-01,1.245341e+00,-6.305015e-02,-5.321908e-03,-1.088820e+00,1.292601e-02,2.779566e-01,-5.209124e-01,1.788098e-04
-2.540550e-03,2.222427e-01,-4.838554e-01,-5.241051e-01,2.253225e-03,6.099517e-01,1.326429e-02,-3.989701e-01,-5.559101e-01,5.055985e-04
2.184893e-03,-6.146417e-01,3.470130e-01,8.977437e-02,3.039115e-04,1.030439e+00,-5.698760e-04,-2.788185e-02,-1.023099e+00,-6.722344e-03
2.076200e-03,1.476839e-01,1.440429e+00,1.020947e+00,3.069556e-03,8.550279e-01,2.305208e-03,1.084940e+00,1.686347e-01,2.935248e-03
2.087117e-03,1.421427e+00,-3.701153e-02,-2.852545e-01,6.523811e-04,-2.169363e-01,-1.292027e-02,7.843012e-01,-6.943784e-01,2.502898e-03
-4.163166e-03,-2.250563e-01,8.968202e-01,-3.357908e-01,-1.086943e-02,2.428594e+00,2.539565e-03,-1.501148e+00,7.524796e-01,-1.376650e-03
1.525060e+00,1.443752e-01,3.555354e-02,-1.641671e+00,-2.408949e-01,1.822245e-01,-1.380882e+00,-7.861953e-02,-3.470845e-01,-1.949076e+00
-7.856377e-01,7.671334e-01,6.100686e-01,8.427083e-01,-3.118712e-01,4.276046e-01,3.535661e-01,-2.074449e-01,1.890991e-01,-1.602413e-01
3.874267e-04,-1.084548e+00,7.512359e-01,-1.483084e+00,-6.915151e-03,3.511671e-01,-1.303845e-03,-1.677451e-01,3.109590e-01,-1.520053e-03
-1.538761e-01,1.242325e+00,4.783898e-02,-3.121288e-01,-6.293938e-01,-9.399533e-01,1.645690e-01,-6.988047e-01,-1.762603e-01,1.926915e-02
-8.160106e-01,-7.479971e-02,1.743574e-01,-4.822880e-01,1.154020e+00,-2.944895e-01,-1.459257e+00,-8.373241e-02,-4.195848e-01,1.040441e+00
