1.358649e+00,2.064783e-01,-7.651052e-01,5.257796e-01,-2.763693e-01,1.825930e+00,8.344691e-02,7.666586e-02,-1.130485e+00,1.779251e+00
1.523132e+00,1.056034e+00,-1.005813e+00,5.732242e-01,1.084879e-01,1.876052e-01,-1.734444e+00,-4.200362e-02,-9.411010e-01,4.843244e-01
1.601355e+00,1.967143e+00,5.239945e-02,-1.361910e-02,3.281688e-01,-6.385478e-01,-1.265924e+00,6.860361e-01,3.112335e-01,5.911726e-01
-6.370610e-03,2.080078e-01,3.023037e-01,9.748240e-01,2.860035e-03,-3.048194e-01,5.644028e-03,-1.984593e+00,1.311310e+00,-3.091745e-03
-9.562530e-04,-9.619949e-01,-9.001949e-01,-7.645223e-01,3.855385e-03,1.053577e+00,-5.354021e-03,1.171893e-01,-3.658859e-01,-2.489700e-04
-1.653302e-03,4.653106e-03,2.456308e-01,-7.692906e-01,-2.614540e-03,-1.145863e+00,1.149335e-02,8.366430e-01,6.244223e-01,2.721121e-03
2.345177e-03,-7.643725e-01,-1.540020e+00,-3.715780e-01,2.101148e-03,5.777642e-02,3.855843e-03,-1.199657e-01,-3.477599e-01,1.951857e-03
-9.726040e-01,-3.057624e-01,-9.121830e-01,7.373978e-01,3.956951e-01,1.292213e+00,-1.100503e-01,-5.389263e-01,2.293328e-01,1.905209e+00
5.574794e-04,5.792656e-02,-1.982960e-02,-2.333412e-01,2.986793e-03,-3.865124e-01,6.370831e-03,2.435973e-01,1.427135e-01,-1.422836e-03
-5.787705e-03,1.967201e-01,8.103643e-01,-1.071945e+00,4.045534e-03,1.836553e-02,8.019037e-03,2.557332e-01,2.339119e-01,1.211323e-03
5.793495e-03,5.182997e-01,7.884621e-01,1.703380e+00,-7.938806e-04,1.119917e+00,-1.270129e-03,-6.232503e-01,8.532224e-01,-3.200745e-04
-2.600393e-03,3.599337e-01,-1.369901e+00,1.045930e+00,-1.475844e-02,-4.728902e-01,1.031087e-02,3.170259e-01,5.696091e-01,-1.158832e-03
3.929753e-03,7.276649e-01,6.978813e-01,2.548050e-01,5.832552e-03,1.311940e+00,3.084798e-03,-5.037948e-01,4.233994e-01,3.434048e-03
-2.782717e-04,-1.139250e+00,8.872608e-01,-1.019825e+00,2.369059e-03,-1.264001e+00,-8.782392e-04,-1.030689e+00,7.770234e-01,6.676125e-04
2.023676e-03,-5.452341e-01,1.359120e+00,7.242135e-03,-2.138001e-04,-1.000369e+00,2.240255e-03,-2.265549e-01,-1.000663e+00,-5.779908e-03
1.519940e+00,-1.269291e+00,-1.149106e+00,6.595952e-01,-2.461326e-01,-3.430718e-01,-1.397797e+00,-6.914589e-01,2.459566e-01,-1.944873e+00
-7.699439e-01,1.515720e+00,-6.965141e-01,7.916636e-02,-3.159908e-01,1.776099e-01,3.568967e-01,-5.736540e-01,-1.196566e+00,-1.631101e-01
-5.381969e-04,2.609103e-02,-1.253166e+00,1.681226e+00,-9.833317e-04,-3.295500e-01,-7.475883e-03,1.062463e+00,7.978921e-01,-1.753388e-03
-1.518926e-01,-6.645824e-01,1.485121e+00,-2.516262e-01,-6.235933e-01,1.788487e+00,1.695393e-01,1.347216e+00,3.900582e-01,2.685645e-02
-8.185632e-01,6.886465e-01,-1.252479e+00,-1.848881e-01,1.155354e+00,8.641645e-01,-1.449598e+00,-3.337123e-01,-1.601300e+00,1.037065e+00
