1.371595e+00,-7.780573e-01,-4.718830e-01,-1.557942e+00,-2.857160e-01,6.975077e-01,9.350409e-02,1.227995e+00,-6.133913e-02,1.775802e+00
1.526432e+00,-1.854103e-01,1.255357e-01,1.475046e+00,1.142041e-01,1.414016e+00,-1.744671e+00,2.240993e-01,8.970706e-01,4.856463e-01
1.600351e+00,1.290190e+00,1.993564e+00,-3.917145e-01,3.304885e-01,-1.315671e+00,-1.269421e+00,8.921311e-01,-1.763490e-01,5.910104e-01
2.160534e-03,3.220893e-01,-8.252235e-02,2.335738e-01,-6.133244e-03,-1.895458e-01,8.172171e-03,1.768194e+00,1.806162e+00,4.928645e-04
1.340839e-03,2.218389e+00,1.787273e+00,1.011464e+00,-1.308458e-03,2.290933e-01,1.151404e-02,-6.081461e-01,3.862094e-01,-2.380535e-03
7.460849e-04,1.272382e-01,4.234655e-01,2.685927e-01,-5.133197e-03,-1.313085e-01,1.004447e-02,-2.483289e-02,-1.519668e-01,1.936421e-03
-7.473932e-04,4.172769e-01,-9.681517e-01,1.825931e+00,3.458108e-03,-1.861927e+00,-1.122558e-02,-4.267216e-01,2.826040e-01,-2.613438e-04
-9.703744e-01,5.139287e-01,1.091388e+00,1.130737e+00,3.852670e-01,-1.870125e-01,-1.156999e-01,-1.154124e+00,3.248925e-01,1.904214e+00
3.600184e-04,1.373395e+00,4.486860e-02,1.147666e+00,5.151596e-03,4.893415e-01,1.041864e-03,-1.089892e+00,-6.387314e-01,3.714768e-03
-2.206391e-03,-4.201964e-01,2.898921e-01,1.333951e+00,-2.465653e-03,-1.028644e+00,-6.418489e-03,-1.020429e+00,1.806990e-01,3.445044e-04
6.194268e-03,1.234923e+00,-6.215444e-01,1.780815e+00,1.674662e-03,8.304211e-01,-8.261994e-03,-8.754757e-01,-1.396845e+00,-2.177710e-04
8.773561e-04,-1.247165e+00,8.318387e-01,5.633037e-01,-1.050527e-03,-3.751783e-01,5.122962e-03,-1.697483e+00,1.252739e-01,-3.404594e-03
4.025765e-03,-2.770391e-01,-6.811749e-01,-8.890497e-01,7.237792e-03,8.485802e-02,-5.605247e-03,-7.508933e-01,1.786527e+00,4.947508e-03
-1.504314e-03,1.355211e+00,1.100905e-01,-1.092542e+00,5.673383e-03,-3.884497e-01,-1.195325e-03,-1.570229e+00,-3.116612e-01,2.519117e-03
-4.870245e-03,-1.594617e-01,3.377070e-01,4.014551e-01,1.492480e-03,-2.412297e-01,1.346464e-03,1.340075e-01,-5.823619e-01,-4.166082e-03
1.529815e+00,-7.029135e-01,-4.163839e-01,-8.478525e-01,-2.452779e-01,1.506678e+00,-1.394759e+00,1.001650e-01,-1.068846e-01,-1.947938e+00
-7.797366e-01,-6.369895e-01,4.601982e-01,1.572265e+00,-3.171154e-01,-2.050280e-01,3.711521e-01,4.843357e-01,-1.881852e+00,-1.606415e-01
2.468146e-03,-1.502027e+00,1.490846e+00,9.144721e-02,5.810445e-03,8.711036e-01,6.270154e-04,3.459679e-01,-1.311260e+00,1.161202e-03
-1.577324e-01,-3.125822e-01,3.533119e-02,-9.728622e-01,-6.270061e-01,1.344621e-01,1.668081e-01,2.807876e-01,3.469235e-01,2.188461e-02
-8.150733e-01,1.046455e+00,6.078305e-01,-4.789270e-01,1.162069e+00,-1.283013e+00,-1.458277e+00,1.112747e+00,8.742436e-01,1.039550e+00
