1.363643e+00,4.748711e-02,9.312626e-01,1.180909e+00,-2.769461e-01,9.250249e-01,9.577339e-02,5.978993e-01,5.116269e-01,1.780386e+00
1.524363e+00,-1.598443e-01,8.192575e-03,-1.830627e+00,1.101035e-01,-8.642438e-02,-1.745616e+00,-8.917351e-01,7.572602e-01,4.881114e-01
1.597880e+00,-4.648049e-01,-3.761882e-01,-2.571875e-01,3.190310e-01,-5.642440e-01,-1.272056e+00,-6.425904e-01,-3.205349e-01,5.880951e-01
2.474960e-03,-3.772777e-01,3.200251e-01,-4.141286e-01,-8.628166e-03,8.679026e-01,-6.704402e-03,2.275292e-01,-8.595689e-01,-3.354550e-04
-4.181717e-03,-6.738561e-01,-5.977717e-01,9.715104e-02,6.115811e-03,1.073373e+00,2.915996e-03,-1.733052e+00,1.033166e-01,7.575851e-04
1.036927e-03,-2.057399e+00,-5.067838e-01,3.175827e-01,1.985241e-03,6.886899e-01,4.431146e-03,-1.773515e+00,-6.425821e-01,2.753872e-03
-2.940754e-03,-5.729354e-01,2.268613e-01,-6.201702e-01,-3.016244e-03,1.388733e-02,3.528351e-03,1.242693e+00,1.904127e-01,1.092702e-03
-9.735659e-01,-5.878956e-02,6.077932e-01,1.108112e-01,3.840779e-01,2.075721e-01,-1.190044e-01,-1.399356e+00,1.364908e-01,1.903702e+00
1.064654e-03,-1.492092e+00,1.474378e+00,1.491555e+00,-1.006848e-02,4.097996e-01,6.042760e-03,-4.667953e-01,7.754991e-01,2.194399e-03
1.419580e-04,-6.621685e-01,1.127948e+00,3.061511e-01,-3.190896e-03,-1.799971e+00,-1.264412e-02,-2.901789e-01,-8.647148e-01,8.503075e-04
7.604621e-04,-6.950872e-01,1.303278e+00,-3.068124e-01,-2.327863e-04,1.467498e+00,9.830470e-04,9.652710e-01,-3.032721e-01,8.427556e-04
3.070233e-03,1.346276e+00,-5.445113e-01,-3.665249e-01,4.004262e-04,-6.891222e-01,1.257895e-02,-6.991999e-01,8.244900e-01,-2.714746e-03
1.720210e-03,7.480411e-01,1.172790e+00,-5.462688e-02,6.213171e-04,1.800377e-01,-3.518272e-03,6.119757e-01,3.728844e-01,2.412695e-03
-1.121819e-04,3.860556e-01,1.173195e+00,-5.373977e-01,1.456302e-04,-9.499176e-01,6.807394e-04,2.684693e-01,-1.026668e+00,3.769716e-03
-2.366603e-03,1.091401e+00,7.578817e-02,-4.350701e-01,9.767689e-03,8.941439e-01,-5.557328e-06,-1.104263e+00,-1.123849e+00,-2.090794e-03
1.525045e+00,-2.197090e-01,-2.232121e-02,1.100006e+00,-2.560768e-01,-3.179230e-01,-1.381543e+00,9.431640e-02,-2.945657e-01,-1.945430e+00
-7.832743e-01,1.860466e-02,1.085604e+00,1.481611e+00,-3.107762e-01,-3.938767e-01,3.600380e-01,9.292469e-02,-9.139137e-01,-1.658596e-01
8.100439e-04,4.646997e-01,1.655636e-02,1.329999e+00,-6.451234e-04,-1.471659e+00,-2.782423e-03,-5.943894e-01,-1.225760e-01,2.842650e-03
-1.530548e-01,9.789661e-01,-5.918630e-01,-5.578178e-01,-6.193838e-01,-1.466340e+00,1.782698e-01,-3.161334e-01,-2.042568e-01,2.625481e-02
-8.223625e-01,4.399075e-01,1.132353e+00,1.755769e+00,1.155015e+00,2.235727e+00,-1.449270e+00,6.852048e-01,-9.201089e-01,1.033416e+00
