1.367280e+00,-4.956551e-01,9.424033e-01,-1.126717e+00,-2.823258e-01,-1.574774e+00,8.533931e-02,-1.108996e-01,8.891044e-01,1.777676e+00
1.513673e+00,-9.387303e-02,7.580767e-01,1.405521e+00,1.156181e-01,3.422893e-01,-1.739092e+00,-4.843549e-01,2.744189e-01,4.895509e-01
1.598051e+00,3.636422e-01,-4.281077e-01,-6.357328e-02,3.271701e-01,4.514480e-01,-1.265618e+00,5.064717e-01,-9.744809e-01,5.906298e-01
-1.922754e-03,2.141065e-01,8.229373e-01,-2.748846e-01,6.485766e-04,-1.178897e+00,2.977713e-03,1.989129e+00,1.167965e+00,-5.273638e-04
-3.064845e-03,9.685202e-02,1.351220e+00,2.894437e-01,-4.389225e-03,-1.111094e-01,2.444880e-03,-1.214708e+00,-2.794206e-01,-6.088659e-04
5.070824e-03,-4.616449e-01,2.769976e+00,2.955583e-02,-6.660643e-03,-3.347041e-01,9.758107e-03,-1.035616e-01,-1.206765e-01,-1.944970e-03
-2.614541e-03,-9.536996e-01,-1.696375e+00,-3.062854e-01,-5.777253e-03,-6.905068e-03,-2.081309e-02,5.052009e-02,9.215405e-01,-1.562266e-03
-9.670114e-01,-8.503808e-01,4.719721e-01,1.387491e+00,3.815489e-01,-3.840229e-02,-1.159479e-01,-1.540434e+00,6.662587e-01,1.907425e+00
2.484311e-03,-5.927441e-01,-4.787413e-01,5.398122e-01,-3.969559e-03,2.965869e-01,4.813935e-03,8.657843e-02,4.764317e-02,1.700452e-03
-2.759082e-03,9.657687e-01,-7.927162e-01,-4.928945e-01,-2.192789e-04,9.325233e-01,1.680953e-03,1.181444e-02,-7.203387e-02,-2.900933e-03
-3.242833e-03,8.340020e-01,8.402940e-01,4.230930e-01,3.898639e-03,-1.899730e-01,-3.068818e-03,8.884441e-01,2.038057e-01,-6.621365e-05
-2.740041e-03,1.738454e-01,5.595615e-01,-3.488852e-01,-1.520488e-03,5.916115e-01,2.829313e-03,-3.484093e-02,-7.702389e-02,-2.185067e-03
4.247913e-03,-1.261832e+00,-3.913586e-02,-8.006320e-03,1.198786e-02,-1.906393e+00,-9.660177e-03,1.613415e+00,-1.309935e-02,1.083858e-03
1.704271e-03,1.134998e+00,-1.225761e+00,-3.383043e-01,-3.700641e-03,-1.517943e+00,5.880844e-03,1.450280e+00,-6.237806e-01,-2.037459e-03
3.706448e-03,7.934003e-01,8.728853e-01,-3.257654e-02,-1.744329e-03,2.648195e-01,-8.786182e-03,5.956739e-01,2.553874e-01,-4.091307e-03
1.524250e+00,-1.429210e+00,1.420667e-01,-7.186432e-01,-2.493867e-01,8.960624e-01,-1.395572e+00,2.986408e-01,-1.471172e+00,-1.944665e+00
-7.811867e-01,2.614500e-01,-2.180743e-01,1.109407e+00,-3.283164e-01,-1.934479e-01,3.581962e-01,-7.162875e-01,-3.366189e-02,-1.643151e-01
4.256793e-04,-1.761340e+00,1.376318e+00,-6.286014e-01,-6.709132e-03,9.839878e-01,2.725716e-03,-2.094123e-01,-3.668712e-02,1.889378e-03
-1.568005e-01,-4.519928e-01,2.212921e-01,-4.972918e-01,-6.241521e-01,5.251745e-01,1.611392e-01,-7.498671e-02,-3.771796e-03,2.613573e-02
-8.179599e-01,-1.165254e+00,2.690748e-01,1.081892e-01,1.154907e+00,3.042470e-01,-1.453550e+00,1.937704e-01,1.470099e-02,1.037896e+00
