1.366855e+00,-1.374086e-01,-2.380273e-01,-2.255626e+00,-2.821945e-01,-7.625528e-01,1.023824e-01,-1.148662e+00,4.920991e-01,1.781329e+00
1.516804e+00,-1.900683e-01,-2.020824e-01,3.804270e-01,1.167132e-01,4.917849e-01,-1.744973e+00,-4.074492e-01,-3.154377e-01,4.860690e-01
1.599100e+00,6.759750e-01,4.623905e-01,1.540162e+00,3.346336e-01,4.961752e-01,-1.258010e+00,4.238420e-01,1.363730e+00,5.925502e-01
1.216565e-03,3.420499e-01,-1.425144e-01,1.624126e+00,-5.599782e-03,1.730587e-01,-1.172468e-02,-2.552342e-01,1.347172e-01,7.255300e-04
4.471501e-03,2.501609e-02,2.043234e-01,1.023224e+00,-6.740945e-03,3.606659e-01,1.063166e-02,-5.730283e-01,-9.790282e-01,1.741720e-04
6.970308e-03,-9.774874e-01,6.867798e-03,1.790805e-02,-9.607353e-04,9.688271e-02,-1.006257e-03,-1.751368e+00,-8.149088e-02,-1.236033e-03
7.907045e-05,-4.962549e-02,8.475709e-01,4.210876e-01,-1.431853e-03,3.422287e-01,5.392871e-03,-3.215626e-01,5.510882e-01,1.176611e-03
-9.709174e-01,2.333599e-01,3.813897e-01,5.084358e-01,3.802423e-01,-6.110818e-01,-1.121711e-01,-3.217011e-01,-6.970688e-01,1.902794e+00
-1.445752e-03,-6.389725e-01,-1.111139e+00,-9.738887e-01,7.671674e-03,-9.517904e-01,9.056731e-03,-1.554430e+00,-1.084413e-01,2.845341e-04
-3.823657e-03,6.788289e-01,1.688884e+00,8.795260e-01,1.469583e-03,1.581715e+00,4.821380e-03,-8.136448e-02,1.280853e+00,-8.544417e-04
-3.128807e-03,3.495750e-01,-1.197826e-01,-2.337090e-01,-4.311351e-03,-4.014061e-01,4.736199e-03,-1.596354e-02,8.413476e-01,2.507316e-03
4.584569e-03,-2.449728e-01,-3.890872e-01,1.368269e+00,-8.125183e-03,1.353408e+00,-1.058401e-03,8.339637e-02,9.551299e-01,1.021730e-03
1.410863e-03,-3.381690e-01,1.800754e-01,5.712536e-01,-2.796789e-03,5.795281e-02,1.507094e-02,3.397281e-01,-2.549321e-01,4.717860e-03
2.903410e-03,4.219679e-01,-3.100203e-01,5.554239e-01,4.648887e-03,-1.597499e+00,-5.836473e-03,-1.437184e-01,3.281754e-01,7.810573e-04
-9.963582e-03,4.807968e-01,-1.003863e+00,5.442584e-01,-3.277179e-03,1.083132e+00,7.316487e-03,-1.295970e+00,9.723308e-01,-1.313856e-03
1.523089e+00,9.744455e-01,-3.495550e-01,2.518465e-02,-2.493571e-01,-2.905128e-01,-1.385504e+00,-1.554948e+00,1.252108e+00,-1.944882e+00
-7.821732e-01,6.375073e-01,1.351934e-01,2.377931e-01,-3.128795e-01,-1.843990e+00,3.447376e-01,-5.669163e-01,9.451831e-01,-1.597765e-01
-1.716699e-03,-5.579951e-01,9.463499e-02,6.854384e-01,-2.638234e-03,5.175207e-01,-4.940571e-04,1.142051e+00,-1.181435e+00,-4.367775e-04
-1.583550e-01,3.448542e-01,-5.305503e-01,3.691788e-01,-6.235473e-01,-2.148818e-01,1.779825e-01,8.424453e-01,-5.130631e-01,2.372331e-02
-8.148780e-01,-1.625920e+00,2.822080e-01,-1.548561e-01,1.159320e+00,-4.067376e-01,-1.474416e+00,1.200759e+00,-2.907890e-01,1.038387e+00
