1.366224e+00,-1.338921e+00,-5.671281e-01,1.159937e+00,-2.887937e-01,2.460122e-01,8.784344e-02,-1.282609e+00,9.170202e-01,1.781236e+00
1.526463e+00,3.792203e-01,3.994496e-01,-5.076924e-01,1.113369e-01,1.283153e+00,-1.754740e+00,2.058562e-01,-7.223809e-01,4.837322e-01
1.602162e+00,-1.337130e-01,1.097563e-01,1.376242e+00,3.314191e-01,1.415831e+00,-1.255563e+00,7.727399e-01,3.636102e-01,5.884324e-01
-8.132693e-04,5.436860e-01,-6.333467e-01,9.272369e-01,3.866897e-03,-7.807182e-01,8.771200e-03,9.263045e-01,5.357546e-01,1.695128e-03
3.350793e-03,-4.814233e-01,-1.042345e-01,-4.055270e-01,-1.096330e-02,7.856427e-01,-3.347031e-03,-9.058393e-01,-1.227417e+00,4.008266e-03
1.210734e-03,-4.531292e-01,-9.818019e-01,-1.093048e+00,6.729737e-03,1.115123e+00,1.249455e-02,3.293240e-01,3.536561e-01,1.893996e-03
-3.027083e-03,-2.270009e-01,-8.844958e-01,7.721513e-01,-6.362140e-03,-9.676610e-01,6.228423e-03,-1.166171e+00,1.465062e-01,2.102857e-03
-9.775321e-01,7.005319e-01,-9.758531e-01,1.434033e+00,3.861878e-01,-1.131669e-01,-1.171400e-01,-1.569704e+00,3.672659e-01,1.905452e+00
-6.521117e-03,-2.436207e-01,-3.310925e-01,-3.104204e-01,-7.127602e-03,4.416219e-01,-1.265236e-03,3.869613e-01,-6.392847e-01,-1.073432e-04
-2.106024e-03,-6.472346e-01,-1.228971e+00,-1.619943e+00,-2.955412e-03,3.780935e-01,2.305604e-03,-8.565379e-02,1.147685e+00,-3.680884e-03
-3.332544e-03,-2.126046e-01,-1.005659e-01,-2.735232e-01,2.171384e-04,1.652689e-01,-9.015596e-03,-9.249565e-01,9.343677e-01,-2.299806e-03
-2.184387e-04,1.519513e+00,1.529004e+00,-1.271726e+00,-9.576795e-03,-8.421278e-01,-1.192152e-02,1.398859e-01,6.850353e-01,-7.295289e-03
4.516479e-04,3.717666e-01,6.730006e-02,-2.039847e+00,1.907726e-03,6.949141e-01,-3.627435e-03,-9.212336e-02,-1.208721e+00,2.471221e-03
-9.287112e-04,1.014651e+00,1.615371e-01,-1.399725e+00,8.398312e-03,-1.919288e+00,-2.010705e-03,8.143659e-01,3.299848e-02,1.283475e-03
-3.214804e-03,2.064209e-01,-1.332155e+00,1.279020e+00,6.461677e-04,-3.676231e-01,-6.826824e-03,-4.117964e-01,-5.748860e-01,-2.760032e-03
1.525733e+00,-3.696818e-01,8.987552e-01,-1.046303e+00,-2.430915e-01,3.665757e-01,-1.391920e+00,-2.249201e-01,-3.272352e-02,-1.947789e+00
-7.792319e-01,-7.902970e-02,-3.290593e-01,-6.251376e-01,-3.228989e-01,-5.840763e-01,3.554222e-01,7.824524e-01,6.698033e-01,-1.610490e-01
-2.276728e-03,-1.195320e+00,3.386308e-02,1.045854e+00,-7.486053e-03,-9.591269e-02,-4.068808e-03,5.621055e-01,-8.995953e-01,-2.166668e-03
-1.600866e-01,1.659385e-01,-5.817039e-01,4.670113e-01,-6.207558e-01,-8.052262e-01,1.829299e-01,-1.850042e+00,-4.193540e-01,2.314498e-02
-8.144350e-01,1.685134e-01,8.069159e-01,1.672543e+00,1.152350e+00,9.602496e-01,-1.456752e+00,6.762663e-01,4.503447e-02,1.035209e+00
