1.370016e+00,4.217695e-01,-2.786608e-01,2.180718e-02,-2.883318e-01,-1.958464e-02,1.057364e-01,-5.705170e-02,-3.966893e-01,1.783994e+00
1.523367e+00,2.048896e+00,-3.674874e-01,-1.763053e+00,1.126952e-01,2.125052e-01,-1.735013e+00,-4.032375e-01,6.918421e-01,4.901988e-01
1.597623e+00,-4.907179e-01,-1.035811e+00,1.490860e+00,3.229815e-01,9.067711e-01,-1.260526e+00,6.229350e-01,-1.246524e+00,5.908943e-01
-2.206601e-03,-1.016390e+00,3.519013e-01,-1.478488e+00,-4.590559e-04,4.725994e-01,2.245043e-03,-7.248298e-01,4.704354e-01,1.089655e-03
6.729288e-03,3.893963e-01,6.684151e-01,1.504577e+00,-4.142397e-03,-6.731497e-01,1.460545e-02,5.415687e-01,-1.082753e+00,-7.841616e-04
-1.766928e-03,7.586178e-01,-5.163441e-01,-1.035748e+00,-5.003067e-03,5.954350e-01,-3.469185e-03,7.468386e-01,9.614540e-02,8.354899e-04
-5.243883e-03,7.952392e-01,-7.838680e-01,-9.529472e-01,-5.468297e-04,5.858117e-02,-8.598799e-04,-1.929849e-01,8.681851e-01,-2.841927e-04
-9.753146e-01,-9.998716e-01,2.325234e-01,5.630614e-01,3.875654e-01,-5.834150e-01,-1.320979e-01,-7.404466e-01,-3.095007e-01,1.905579e+00
-3.982946e-03,-3.178085e-01,3.901243e-01,1.258885e+00,-5.600677e-03,2.543315e-01,-1.173396e-02,1.837838e+00,1.144524e+00,3.150760e-03
-5.082581e-03,1.250116e+00,2.023547e-01,-1.316566e+00,-2.067816e-03,-1.515054e+00,4.713783e-04,1.801755e+00,6.011846e-01,-1.892708e-03
4.165700e-03,5.800375e-01,-2.462976e-02,2.251285e-01,5.207645e-03,2.131652e-02,-1.409022e-03,6.947343e-01,4.776785e-01,2.697832e-03
-3.559733e-03,2.015236e-01,1.728047e+00,4.704053e-01,-4.819437e-03,8.689385e-02,2.660859e-03,-3.487049e-01,2.242248e-01,1.283566e-03
1.783603e-03,-5.763942e-02,-1.184784e+00,4.299431e-01,2.192710e-03,9.689040e-01,3.145661e-03,1.196193e+00,-1.058983e+00,-1.717249e-03
5.884431e-03,-2.948360e-01,-1.976461e-01,-1.202148e+00,2.915758e-03,1.680411e+00,-5.801643e-03,9.599821e-01,-7.437849e-01,2.063302e-03
-9.110016e-04,-1.530386e-02,-1.074186e+00,4.266696e-01,1.891450e-03,2.216997e-01,-4.820259e-03,-1.375290e+00,5.060385e-01,-4.293627e-03
1.522756e+00,-3.543863e-01,-1.729509e-01,1.033043e+00,-2.433375e-01,-1.240588e+00,-1.385651e+00,-8.815350e-01,2.834640e-01,-1.947699e+00
-7.782095e-01,-2.794261e-01,4.923184e-01,-4.947709e-01,-3.273388e-01,5.316293e-01,3.551701e-01,-8.644916e-01,4.571858e-01,-1.608533e-01
-5.391979e-03,-8.762569e-01,5.807059e-01,9.555376e-01,-4.096566e-03,-6.483940e-01,9.289652e-03,9.818124e-01,-7.731756e-01,-2.985788e-03
-1.588982e-01,1.068294e-03,-1.625711e-01,-1.503468e+00,-6.285301e-01,-4.157448e-01,1.606072e-01,-3.979583e-01,-1.709833e+00,1.909245e-02
-8.206895e-01,1.175258e+00,8.660577e-03,-7.663747e-02,1.156645e+00,-2.033662e-01,-1.454845e+00,-8.615263e-01,3.436953e-01,1.037693e+00
