1.350226e+00,-1.067011e+00,3.481057e-01,9.345823e-01,-2.795435e-01,4.595704e-01,8.649656e-02,3.783209e-01,2.582220e-01,1.782613e+00
1.531493e+00,9.897414e-01,-2.099502e+00,-6.177127e-01,1.097709e-01,-1.181063e+00,-1.744222e+00,-1.853220e-01,1.584193e-01,4.894466e-01
1.603307e+00,1.332915e+00,1.157366e-01,-4.596862e-01,3.263244e-01,-1.634430e+00,-1.265324e+00,1.364216e+00,1.308298e+00,5.876009e-01
3.652219e-03,1.417665e+00,1.101851e+00,-5.531006e-01,2.874820e-03,3.927237e-01,4.441245e-04,1.758411e-01,-5.415277e-01,1.275992e-04
-2.010634e-03,-7.884388e-01,-4.714639e-02,6.026519e-01,2.594008e-03,8.040530e-02,-1.127849e-02,8.062835e-01,-8.153223e-01,-1.981073e-03
5.395281e-04,-1.718230e-01,5.140024e-01,-6.391971e-01,8.566211e-04,4.980950e-01,1.895501e-03,-4.755940e-01,7.572881e-01,2.336473e-04
-1.125949e-04,-3.412811e-01,-1.022830e-01,1.167492e+00,-1.292374e-03,2.321397e-01,-5.015152e-03,7.491981e-02,8.908109e-01,-3.803220e-03
-9.732001e-01,1.654338e+00,-6.342536e-01,-2.589868e-01,3.856539e-01,-2.988782e-01,-1.196400e-01,-1.191287e-02,-1.063967e+00,1.899497e+00
-1.982564e-03,-1.819914e+00,4.501136e-01,-9.545021e-02,-1.710737e-03,1.304909e+00,-2.027650e-03,8.031263e-01,7.842181e-01,8.280801e-04
-1.134837e-03,9.073519e-01,1.211688e+00,-1.938342e-01,-1.414630e-03,-1.121041e-01,7.827226e-03,1.325036e+00,-1.077291e+00,-1.198204e-03
-3.717811e-03,-2.199389e-01,9.530745e-02,7.503841e-01,-5.854568e-03,1.037775e-01,3.613214e-03,3.709199e-02,9.042910e-01,1.989955e-03
-3.404028e-03,1.075072e+00,-2.118393e-01,-1.213316e-01,1.556972e-03,6.342491e-01,1.967097e-03,-1.004648e+00,1.979243e+00,-5.646496e-03
-1.634372e-03,1.930067e-01,9.649194e-01,-1.871014e+00,8.278664e-03,-6.823071e-01,1.825176e-03,3.238795e-01,2.075100e-01,4.942164e-04
3.679473e-03,-2.610609e-02,5.331865e-01,-6.323234e-01,-2.528281e-03,-7.699240e-02,6.310854e-03,5.383179e-01,-6.978040e-02,-1.764233e-03
4.516578e-03,9.075847e-01,9.787116e-01,-2.108258e-01,-7.225904e-03,5.914097e-01,6.172214e-03,8.653005e-01,-9.039016e-02,-3.675375e-04
1.523267e+00,-1.414155e+00,-1.608574e+00,-2.748265e-01,-2.527812e-01,-6.644066e-01,-1.397608e+00,3.303923e-02,-1.509616e+00,-1.945672e+00
-7.834431e-01,-1.047791e+00,-4.878166e-01,9.956413e-01,-3.138523e-01,-1.380003e+00,3.530722e-01,-2.003603e+00,-7.090746e-01,-1.605318e-01
-3.900977e-03,1.433512e+00,1.130898e+00,-9.764075e-01,2.321658e-03,-6.766912e-01,5.696957e-03,2.101513e-01,4.536725e-01,7.009643e-04
-1.622881e-01,-6.482862e-02,1.518935e+00,-2.715477e-02,-6.237661e-01,7.659871e-01,1.673074e-01,2.054072e-01,8.259835e-01,2.265696e-02
-8.174462e-01,9.366841e-01,-6.147155e-01,-1.355810e+00,1.151964e+00,1.133389e+00,-1.445936e+00,-6.523550e-01,3.927313e-02,1.038568e+00
