1.365668e+00,1.522773e+00,-5.952550e-02,-2.973556e-01,-2.837410e-01,1.881807e+00,9.653418e-02,3.783086e-02,1.634720e-01,1.778051e+00
1.522319e+00,-3.286233e-01,-5.884012e-02,-4.777621e-01,1.156081e-01,2.461132e-01,-1.749160e+00,2.352193e-01,5.354171e-01,4.899368e-01
1.598698e+00,2.885716e-01,8.053392e-01,1.933465e-02,3.304966e-01,-4.591680e-01,-1.267678e+00,5.641123e-01,-1.897434e-01,5.881909e-01
8.939949e-04,6.966933e-01,1.417203e-01,3.462324e-01,1.261131e-03,-1.299904e+00,7.006818e-04,-7.484126e-01,4.109753e-01,3.254928e-03
3.590796e-03,3.689184e-01,6.182675e-02,-5.025231e-01,-5.611520e-03,6.279755e-01,-1.284631e-04,2.022143e+00,2.655493e-01,-1.955653e-03
1.093629e-03,-7.420349e-01,-5.619516e-02,3.433924e-01,5.175339e-03,9.625164e-01,-4.347932e-03,-1.061201e+00,-5.120413e-02,-2.125998e-03
-1.162449e-03,1.141158e-02,-7.554429e-01,7.277407e-01,1.034228e-02,-6.449512e-01,7.264136e-03,2.124247e-01,-1.919147e+00,-1.468407e-03
-9.736627e-01,-3.526097e-01,8.395976e-01,-4.985865e-01,3.835156e-01,3.290758e-01,-1.118656e-01,7.766035e-01,1.991601e+00,1.905012e+00
2.357393e-03,4.357859e-01,-3.831822e-01,-1.665569e+00,8.738273e-03,-7.497776e-01,3.764831e-03,4.901654e-01,-9.052530e-01,1.271276e-03
-3.194062e-03,3.390654e-01,-9.744244e-01,4.742510e-01,6.746778e-03,6.167098e-01,8.880313e-03,-6.330051e-02,-7.288398e-01,-3.273065e-03
3.399022e-03,1.085124e+00,-4.274399e-01,-2.602824e-01,-9.158104e-03,-5.869482e-01,2.001062e-03,2.699942e-01,9.351171e-02,-4.863727e-06
1.211513e-03,-1.953660e+00,-2.124252e-01,1.315191e-01,-6.034024e-03,-1.076943e+00,-8.937389e-04,1.485225e-01,-9.055149e-01,1.546460e-03
5.088285e-03,-9.477623e-02,-1.317075e+00,-4.924726e-01,-5.084159e-03,-2.634534e-01,4.965353e-04,-4.699499e-01,-2.859863e-01,2.333175e-03
3.730927e-03,-5.437475e-01,2.169074e-01,-1.069083e-01,2.034463e-03,1.707930e+00,-9.635340e-03,-1.870679e+00,-6.052993e-01,-9.829248e-05
-7.319892e-03,-1.894899e+00,1.783832e+00,-9.930291e-01,-2.360948e-03,-8.587098e-02,-3.685807e-03,-1.270915e+00,-1.666497e+00,-8.230000e-04
1.520309e+00,-3.639183e-01,4.180763e-01,1.382378e+00,-2.482084e-01,5.609375e-01,-1.382573e+00,-1.649388e-01,-4.405912e-01,-1.947612e+00
-7.842350e-01,-6.560135e-01,8.350148e-01,-9.180007e-01,-3.096313e-01,-2.200004e-01,3.522387e-01,8.569097e-01,-8.217572e-01,-1.602676e-01
1.466854e-03,2.589817e-01,7.306700e-01,-5.700775e-01,8.031141e-04,4.414740e-01,-2.371245e-03,-5.799537e-01,-5.076308e-01,-2.637845e-03
-1.589487e-01,-8.406042e-02,5.812312e-01,-2.767844e-01,-6.303146e-01,-1.031825e+00,1.877717e-01,9.698755e-02,-1.410844e+00,2.422070e-02
-8.119950e-01,1.163248e+00,-4.445453e-02,2.942221e-01,1.163311e+00,7.166204e-01,-1.448883e+00,2.807383e-02,1.110608e+00,1.037728e+00
