1.363808e+00,-2.239531e-01,4.376458e-01,-9.213887e-01,-2.767716e-01,-7.380565e-01,7.950100e-02,1.279456e+00,1.886027e+00,1.775983e+00
1.521508e+00,7.154545e-01,-2.605223e-01,-1.298671e+00,1.108402e-01,1.064703e+00,-1.743218e+00,4.781067e-01,1.663121e+00,4.875263e-01
1.599171e+00,1.582915e-01,-2.063700e-01,-1.003113e+00,3.206151e-01,-2.596354e-01,-1.274918e+00,-7.724322e-01,1.333328e-01,5.912196e-01
7.725683e-03,-5.792337e-01,7.266618e-01,4.014282e-01,6.625406e-03,6.047958e-03,6.324586e-03,4.572585e-01,-4.900880e-01,-1.132577e-03
1.229464e-04,6.244235e-01,-5.031214e-01,1.052778e-01,-2.987543e-04,1.466111e-01,-6.383116e-04,3.220009e-01,6.880888e-01,-1.122040e-03
3.338521e-04,-8.847347e-01,-4.444516e-03,3.879678e-01,-5.465936e-03,4.010416e-01,3.464205e-03,-1.919891e-01,7.055280e-01,6.238666e-04
-3.625155e-04,-7.214051e-01,9.746771e-01,4.508703e-01,-5.813051e-03,-2.821667e-01,7.999596e-03,1.146196e+00,-2.167172e-01,2.820030e-03
-9.710298e-01,-1.156956e+00,-5.354402e-01,3.922002e-02,3.827903e-01,3.747371e-01,-1.151178e-01,5.541816e-01,-1.284047e+00,1.905925e+00
4.261798e-03,-3.751919e-02,-3.410549e-02,-5.458466e-01,-1.546830e-03,1.600763e-01,-5.210701e-03,4.980707e-01,1.189593e+00,3.279152e-03
1.197086e-03,1.168448e+00,5.922159e-01,-3.477434e-01,8.046589e-04,5.262638e-01,-1.475710e-03,3.820776e-01,1.689643e+00,-1.756759e-04
5.085596e-03,8.551669e-01,-6.758299e-01,-4.509096e-01,3.535763e-03,-1.573008e+00,4.048641e-03,1.338529e+00,2.901897e-01,-4.273145e-04
7.806239e-04,-1.213593e+00,1.106237e+00,-4.124726e-01,-5.024978e-03,-1.286770e-01,9.056996e-03,3.080872e-01,9.582769e-01,2.086693e-03
-1.384177e-03,8.006913e-01,-1.266137e+00,3.439398e-01,8.886483e-03,-1.577454e+00,5.018965e-03,1.467672e-01,1.811977e-01,3.943976e-03
2.625566e-04,9.530418e-01,7.037791e-01,1.497748e+00,-3.450892e-03,2.123064e+00,8.115927e-03,1.689182e-01,-4.556166e-01,3.656564e-04
1.751467e-03,2.403579e-01,-3.585455e-01,-3.722493e-01,8.526670e-03,8.799208e-02,8.306993e-04,7.898724e-01,-4.418905e-01,1.430024e-03
1.522987e+00,3.493515e-01,2.782745e-01,-2.258898e-01,-2.387066e-01,1.402878e+00,-1.379165e+00,-5.989364e-02,1.165740e+00,-1.948577e+00
-7.795180e-01,6.301235e-01,5.557077e-01,1.901898e-01,-3.122825e-01,1.550920e-01,3.526143e-01,6.946468e-01,1.315965e+00,-1.617336e-01
-5.216192e-03,4.454588e-01,2.392921e-01,3.689628e-01,-1.394642e-03,2.172633e-01,-3.122472e-03,4.978833e-01,1.606267e-01,1.284645e-03
-1.601062e-01,-1.485729e-02,8.816491e-01,1.175390e+00,-6.266769e-01,1.188644e+00,1.745996e-01,4.035008e-01,-1.028018e+00,2.469732e-02
-8.140866e-01,-8.387823e-01,-1.214520e+00,-9.860191e-02,1.160059e+00,4.691138e-01,-1.441403e+00,-1.568047e+00,9.840844e-01,1.038091e+00
