1.361217e+00,7.153647e-03,4.195819e-01,1.657058e+00,-2.858944e-01,5.756652e-01,1.028211e-01,2.509773e-01,1.116444e+00,1.777833e+00
1.527288e+00,4.618200e-01,1.447504e-01,-1.319848e-02,1.088687e-01,9.528142e-01,-1.732672e+00,8.905395e-01,-2.553957e-01,4.872976e-01
1.599206e+00,-8.842283e-01,2.563216e-01,-4.342104e-01,3.257490e-01,1.142413e+00,-1.266820e+00,-1.310843e+00,1.189017e+00,5.873392e-01
1.293555e-03,-1.340027e+00,1.770357e-01,7.924493e-01,-8.162284e-03,2.004122e-01,-3.154490e-03,1.792708e-02,8.846350e-01,2.218637e-03
1.256511e-03,4.935439e-02,-5.549976e-01,4.772685e-01,-3.471194e-03,5.005763e-01,5.946026e-03,-5.901015e-02,-6.594314e-02,-7.393612e-04
-6.158757e-04,4.970245e-01,-2.977261e-01,-8.073682e-01,-6.981048e-03,-1.726232e+00,-2.111960e-03,4.583669e-01,6.710191e-01,-1.162338e-03
-5.674841e-04,2.329793e+00,-2.902431e-01,1.287817e-01,1.437788e-03,4.700262e-01,-4.547246e-03,-5.588168e-01,-1.007738e+00,-4.096553e-03
-9.714987e-01,1.262087e+00,4.227258e-01,4.942073e-01,3.862844e-01,5.249943e-01,-1.278817e-01,1.588815e-01,-9.496898e-01,1.907122e+00
5.731718e-03,-1.106540e+00,-2.404582e-01,-3.835092e-01,-6.128019e-03,8.621632e-01,-7.981174e-04,-4.125010e-01,-1.625987e+00,1.536370e-04
-4.791114e-03,-1.871971e-01,3.173783e-01,-1.172329e-01,-7.084100e-03,-8.322346e-01,-3.537527e-04,-4.856324e-01,5.791780e-01,-2.148503e-03
-1.673067e-04,1.636705e+00,-3.719446e-01,4.654572e-01,-1.218442e-03,2.039119e-01,-6.222376e-03,5.824964e-01,-3.590170e-01,-6.607420e-04
-5.374667e-04,7.086589e-02,2.502505e-01,-5.455600e-01,-3.767679e-03,-4.679358e-01,7.901862e-04,-1.104310e-01,-5.519338e-01,-5.327663e-03
3.451843e-03,-4.013721e-01,-2.639618e-01,-1.166871e-01,2.313818e-03,6.257762e-01,6.187123e-03,7.064093e-01,-3.591627e-01,-1.643866e-03
2.308770e-04,-3.392161e-01,1.959161e-01,-2.467733e+00,1.956790e-03,-4.566458e-01,-3.448292e-03,6.125868e-01,1.053325e-01,4.233329e-03
-1.601471e-04,-1.988169e-01,4.216253e-02,5.240163e-01,-2.259189e-03,-1.972618e-01,1.446549e-02,1.133501e-02,-1.179583e+00,2.095887e-03
1.527075e+00,1.389211e+00,2.014742e+00,-6.434613e-01,-2.462712e-01,2.216588e+00,-1.388821e+00,-3.311001e-01,1.249520e-01,-1.948406e+00
-7.830060e-01,-2.575737e-01,5.411583e-01,4.748532e-01,-3.118391e-01,-1.425261e+00,3.498532e-01,1.642028e-01,3.414900e-02,-1.626201e-01
-6.928697e-03,4.855295e-01,-1.748427e+00,-1.775824e+00,-3.470174e-03,6.676029e-01,2.147667e-03,1.839900e+00,-8.756929e-01,7.432262e-04
-1.581911e-01,1.583572e+00,-8.849735e-01,6.977117e-01,-6.191684e-01,-1.954678e-01,1.700422e-01,-1.333793e+00,1.423355e+00,2.541966e-02
-8.194348e-01,-9.121769e-02,8.523138e-01,7.532175e-01,1.153531e+00,-9.584975e-02,-1.456179e+00,1.364735e+00,-1.244975e-01,1.040016e+00
