1.362859e+00,-3.328087e-01,-1.127130e+00,-4.833456e-02,-2.768225e-01,6.921285e-01,8.821810e-02,6.251725e-01,4.780540e-01,1.778725e+00
1.528811e+00,-1.488283e-01,8.830607e-01,-1.201496e+00,1.123422e-01,2.343504e-01,-1.755958e+00,-1.170232e+00,2.456116e-01,4.847431e-01
1.596786e+00,2.804962e-01,-1.046752e-01,-2.136182e-01,3.295669e-01,-1.453314e+00,-1.262232e+00,-3.686764e-01,-3.870109e-01,5.908358e-01
4.096681e-04,-1.170879e+00,-6.096295e-01,2.504688e-01,-1.059916e-03,6.116778e-01,2.188171e-03,-1.088896e+00,-7.013758e-01,1.414266e-03
5.002050e-04,5.174469e-01,-4.358688e-01,2.115822e+00,-2.856048e-03,-1.258695e+00,9.739051e-03,4.562962e-01,-1.269679e-01,4.383211e-04
5.117549e-04,5.389965e-01,2.555357e-01,-1.318654e+00,-7.089085e-03,-1.027080e+00,1.598125e-03,6.426400e-01,4.175281e-01,3.835361e-03
-4.292976e-03,3.576077e-01,-1.666873e+00,6.410287e-01,-2.685228e-03,-1.262971e-01,2.878734e-03,8.890898e-01,1.668444e-01,2.005706e-03
-9.745592e-01,-7.901944e-01,-1.051772e+00,-1.805751e-01,3.855500e-01,-1.279153e+00,-1.297910e-01,-7.831516e-01,-1.552764e+00,1.903595e+00
-3.218165e-03,6.984565e-01,-7.441656e-01,6.345694e-01,-6.555199e-03,3.835812e-01,6.268260e-03,-3.305617e-01,9.160861e-01,1.160958e-03
-6.735108e-03,-3.720414e-01,1.263292e+00,-3.589225e-01,1.219196e-04,-2.934335e-01,2.532356e-03,4.355166e-01,1.229593e+00,-4.576275e-04
3.078902e-03,8.205206e-01,-6.481292e-01,1.405234e+00,1.282375e-04,3.610771e-01,-2.977155e-03,-1.383902e+00,-7.253850e-01,1.260322e-03
6.879225e-04,3.608220e-02,-2.332540e+00,2.701958e-01,-6.361547e-03,-2.637900e-01,-2.086636e-03,-5.937201e-01,-8.695121e-01,-1.290820e-03
-2.077208e-03,-2.168817e-01,4.493053e-01,1.332430e+00,-9.691016e-04,1.026245e+00,1.082147e-02,-3.774523e-01,3.202944e-01,2.732818e-03
-1.847559e-03,-3.689750e-01,5.454071e-01,1.409001e+00,1.241714e-03,-1.530075e+00,-8.626332e-03,1.138819e+00,2.305992e-01,1.553944e-03
-3.831361e-04,4.670353e-01,-1.192022e+00,-1.247463e+00,-3.167693e-03,-1.805667e+00,-2.780027e-03,-8.536084e-01,3.772915e-01,-7.640347e-04
1.523310e+00,8.948044e-01,6.541172e-01,1.291718e+00,-2.383540e-01,-7.695748e-01,-1.385871e+00,9.402804e-01,1.003529e-01,-1.942946e+00
-7.861005e-01,1.301651e+00,-7.954110e-01,1.380710e+00,-3.212283e-01,3.361768e-02,3.627427e-01,-6.123307e-01,-6.382782e-01,-1.607648e-01
-3.761015e-03,-7.036382e-02,9.467205e-01,1.575625e-01,1.209037e-03,5.296283e-01,-3.915721e-03,-9.914860e-01,-6.965186e-01,2.210231e-03
-1.566729e-01,2.737067e-01,-1.271484e+00,1.251879e+00,-6.236502e-01,-6.016459e-01,1.772631e-01,-2.598893e-01,5.675217e-02,2.358435e-02
-8.104370e-01,-1.210034e-01,3.981190e-01,1.055922e+00,1.151532e+00,9.855166e-01,-1.470170e+00,1.507973e-01,-9.699854e-01,1.039193e+00
