1.364317e+00,1.572325e-01,-1.542184e-01,-1.846233e-01,-2.813341e-01,5.476763e-01,9.556795e-02,1.597464e-01,-6.296811e-01,1.773021e+00
1.521695e+00,9.496358e-01,-2.106294e-01,-1.439785e+00,1.061511e-01,3.343522e-01,-1.734765e+00,-4.945190e-01,-8.354620e-02,4.876617e-01
1.599985e+00,4.265576e-01,-5.442818e-01,-7.228536e-01,3.238405e-01,-6.893269e-01,-1.261904e+00,3.135994e-01,-5.105985e-02,5.896859e-01
-2.237785e-03,-1.662277e+00,-1.694644e-05,3.963925e-01,-3.199251e-03,4.526462e-01,-3.721244e-03,3.390243e-01,6.076016e-01,1.921878e-03
4.982838e-03,-2.120803e-01,-7.596419e-02,1.595087e+00,-7.626733e-03,1.136650e+00,-1.592099e-03,1.920777e+00,-2.372558e-01,-1.262024e-03
-7.768057e-05,-9.651934e-01,6.026301e-01,1.074124e+00,-6.478071e-03,-5.184880e-01,-7.775037e-03,1.665400e+00,7.186463e-01,-6.029511e-04
2.748071e-03,-7.056424e-02,6.484803e-01,7.956491e-01,-1.531667e-03,-1.289014e+00,-5.577304e-03,-4.311187e-01,-4.963720e-01,-1.749107e-03
-9.736109e-01,6.112386e-01,3.579702e-01,1.561205e-01,3.869726e-01,-7.631353e-02,-1.221082e-01,-4.781246e-01,-6.873867e-01,1.908144e+00
-1.310828e-03,-6.600349e-01,3.993243e-01,3.939220e-01,-9.088872e-04,3.899422e-01,1.093987e-02,-6.116980e-02,2.189636e+00,-7.780274e-04
-3.709909e-03,-2.129496e+00,-4.964619e-01,-5.803299e-02,-1.156660e-03,1.222545e+00,4.551547e-03,-7.392282e-01,-4.854000e-01,-3.528030e-04
-2.318024e-03,1.766718e+00,5.459381e-01,-7.675699e-02,1.181017e-03,1.336128e+00,-1.157898e-03,-1.223880e+00,-1.327900e-01,1.922422e-03
-7.458678e-03,-8.785947e-01,-9.033007e-01,-6.900809e-01,-5.245659e-03,1.270714e+00,1.393945e-02,5.249504e-01,7.408045e-02,1.689286e-04
1.187228e-03,2.021498e-01,-1.586485e+00,1.123542e+00,-8.359404e-03,6.552989e-01,-1.432198e-03,9.140183e-01,8.316964e-01,3.765125e-03
2.146044e-03,-4.568982e-02,7.403125e-01,1.141372e+00,-3.479380e-03,-9.324150e-01,1.700671e-03,1.320527e+00,6.786333e-01,6.881440e-04
-6.907695e-04,-2.760741e+00,-7.868371e-01,-6.901630e-01,1.184861e-04,-5.363982e-01,5.391384e-03,-1.054574e-02,8.355569e-01,1.280881e-03
1.526985e+00,1.693221e+00,1.356352e+00,1.496546e-01,-2.328278e-01,-1.426209e-01,-1.391067e+00,-5.959685e-01,6.124972e-01,-1.942157e+00
-7.856734e-01,1.633729e-01,-1.533497e+00,-2.059768e-01,-3.135666e-01,7.406260e-01,3.520761e-01,-6.317402e-01,1.732688e+00,-1.603575e-01
-1.275329e-03,-5.329673e-01,-1.149050e+00,-2.555458e-01,-7.577733e-03,7.949017e-01,-8.297686e-03,8.392930e-01,-3.449822e-01,5.769405e-04
-1.577699e-01,4.455115e-01,-4.305682e-01,8.862223e-01,-6.284463e-01,1.450692e+00,1.764249e-01,-1.948504e+00,-2.082086e-01,2.346977e-02
-8.170858e-01,2.339456e-01,9.815076e-01,-1.658660e+00,1.152951e+00,-1.984527e-01,-1.449165e+00,-9.408746e-02,4.799734e-01,1.036197e+00
