1.369375e+00,1.206306e+00,-4.939054e-01,8.175080e-01,-2.818555e-01,2.219254e-01,8.545841e-02,-4.303048e-01,-8.891533e-02,1.777321e+00
1.528101e+00,-1.477828e+00,6.101977e-02,1.623246e-03,1.038945e-01,2.403919e-02,-1.733823e+00,-2.381079e-01,7.878359e-02,4.880261e-01
1.602196e+00,-4.147884e-01,-3.549286e-01,-8.897748e-01,3.375445e-01,-1.484112e+00,-1.273181e+00,4.755284e-01,-1.929550e+00,5.864020e-01
-4.740157e-04,-7.162884e-02,-9.989573e-01,-7.440795e-01,2.860142e-05,-1.650244e+00,7.671835e-04,9.677803e-01,1.664865e+00,-2.786798e-03
2.731737e-03,1.440929e+00,1.399431e+00,-6.653440e-02,-6.885076e-03,-1.708655e-02,9.351097e-03,3.325121e-01,-8.889455e-01,-2.008046e-03
-5.489915e-03,1.108308e-01,-4.657282e-01,-7.116349e-01,6.972009e-03,-4.656789e-01,6.350501e-03,-1.042351e+00,3.918815e-01,1.451178e-03
-1.343522e-03,-6.331679e-01,6.814706e-01,1.853073e-01,-6.236491e-03,9.868652e-01,-9.162001e-03,-7.344726e-01,5.420637e-01,-1.887094e-03
-9.750087e-01,5.433904e-01,1.620883e+00,5.182821e-01,3.901767e-01,-4.964009e-03,-1.100158e-01,-4.156951e-01,-1.371398e+00,1.906007e+00
-2.384514e-04,-8.594104e-01,-3.931693e-01,-5.614038e-01,-4.564749e-04,3.526778e-02,-9.586234e-03,-2.484461e-01,-6.287658e-01,2.793258e-03
-4.664439e-03,-2.863455e-01,-3.849824e-01,-6.992068e-01,-3.945372e-03,-1.877723e-01,4.038099e-03,9.564414e-01,2.260105e-01,-6.821456e-04
-8.782109e-04,7.212048e-01,-1.389825e+00,-2.212289e-01,-2.416319e-03,-8.118576e-01,1.009831e-02,1.961537e-01,2.749605e-01,-2.016094e-03
3.594726e-03,-1.899154e+00,-7.509349e-01,-3.546349e-01,-1.054329e-02,1.561677e-01,2.159782e-03,-5.518843e-01,-2.318312e-01,-1.714281e-03
-3.091672e-04,1.101846e+00,4.424961e-01,-3.942377e-01,6.324231e-03,8.466097e-01,9.721614e-03,2.328720e-01,-7.364188e-01,3.869401e-03
4.835506e-03,-1.050335e+00,3.781899e-01,5.278214e-01,-2.868221e-03,2.509403e-01,1.380355e-02,1.946811e+00,-2.347846e-01,5.906319e-03
-4.876920e-04,-2.892544e-01,-1.839882e+00,-2.488912e-01,3.704984e-03,1.216742e+00,-9.948892e-03,5.729800e-01,7.373056e-01,-1.131391e-03
1.527526e+00,1.252698e-01,8.296311e-01,-6.928956e-01,-2.416027e-01,6.244628e-02,-1.382677e+00,-5.111000e-01,-7.866521e-01,-1.949596e+00
-7.811498e-01,-7.406259e-03,-1.940903e-01,-1.296354e+00,-3.085385e-01,5.042074e-01,3.572674e-01,-2.288002e-02,1.353228e+00,-1.597139e-01
-3.702011e-03,-9.589729e-01,5.449089e-01,1.496727e+00,1.145011e-03,2.464479e-01,8.739943e-04,-2.796812e-01,8.803909e-01,-3.019528e-03
-1.591237e-01,1.463715e-01,-2.870395e-01,-3.364900e-01,-6.261965e-01,-4.347136e-01,1.684164e-01,-4.638525e-01,-7.864391e-01,2.385713e-02
-8.184089e-01,-1.370789e+00,2.703410e-01,1.132042e+00,1.146397e+00,-1.103775e-01,-1.459232e+00,-8.377869e-01,4.886893e-01,1.036764e+00
