1.367893e+00,2.912505e-01,2.420537e-01,-2.957558e-01,-2.839262e-01,-2.994994e-01,9.075493e-02,9.162763e-01,1.201748e+00,1.780134e+00
1.521308e+00,1.014211e+00,-5.887209e-01,-3.224606e-01,1.182836e-01,1.567981e+00,-1.753217e+00,9.585818e-01,1.148037e-01,4.917196e-01
1.599060e+00,-8.361226e-01,-4.261810e-01,-8.093568e-01,3.159165e-01,-6.880106e-02,-1.268204e+00,-7.858471e-01,1.615345e-01,5.954999e-01
1.826706e-03,-5.234705e-02,5.336831e-01,-1.361735e-01,-4.191662e-04,-1.404095e-01,-7.482632e-03,3.881047e-01,1.583361e+00,5.061988e-03
2.813524e-04,-6.497183e-01,-8.444649e-01,1.506070e-01,3.522609e-03,-1.364088e-01,4.771176e-03,-2.191158e-01,7.259890e-01,-2.756042e-03
-2.170109e-03,6.039898e-01,3.423641e-01,-7.980040e-01,1.820469e-04,-8.698185e-01,-3.625758e-03,1.214416e+00,3.421761e-01,9.761122e-04
2.528172e-03,-5.785153e-01,2.174466e-01,-9.843347e-02,-5.152609e-03,9.933330e-01,-6.213104e-03,-4.668644e-01,-1.553529e+00,-8.253465e-04
-9.683369e-01,-9.830288e-01,-3.479739e-01,6.941504e-01,3.843243e-01,-8.961731e-01,-1.153514e-01,-9.356773e-01,-3.180827e-01,1.903826e+00
1.220679e-03,5.308601e-01,-5.120658e-01,2.286488e-01,1.383439e-03,-1.016546e+00,-9.108658e-04,1.099509e+00,3.253522e-01,-3.110953e-05
-4.552413e-04,-1.310690e-01,4.473066e-01,6.133063e-01,3.710002e-03,3.007417e-01,-2.901955e-03,-5.051288e-01,-8.394961e-02,4.199276e-04
9.238422e-04,-7.899773e-01,2.030734e+00,-6.427879e-01,1.081321e-02,7.341281e-01,6.420751e-03,1.423851e-01,-1.278690e+00,1.759354e-03
1.764102e-04,-1.658482e-01,1.880241e-02,1.135034e+00,-3.015094e-03,-4.070532e-01,-8.326510e-03,7.869310e-01,-5.498437e-01,-3.009161e-03
2.863202e-03,-2.280868e+00,-8.971500e-03,-1.309761e+00,8.002617e-03,-1.170921e+00,-6.023808e-03,2.102131e-01,-1.930535e-01,-5.915791e-04
2.742276e-03,-1.300929e-01,-8.760444e-01,-4.462546e-01,2.281028e-03,-3.610202e-01,3.244669e-03,-1.826016e-01,-1.092929e-01,1.342789e-04
-2.009102e-03,-1.909641e-01,6.444599e-01,-2.441611e+00,-3.590832e-03,8.233210e-02,-1.672138e-04,-1.131473e+00,3.372960e-01,-6.563382e-03
1.522917e+00,-5.203816e-01,-1.006079e+00,9.157548e-01,-2.426371e-01,1.044061e+00,-1.389878e+00,7.423861e-01,-7.976311e-01,-1.945496e+00
-7.808033e-01,-9.978245e-01,-1.521922e+00,1.956407e-01,-3.099409e-01,1.516925e+00,3.410886e-01,3.849018e-01,8.328674e-01,-1.615541e-01
-1.888421e-03,-7.855901e-01,4.200677e-01,2.593632e-01,-3.722769e-03,8.297013e-02,-6.608518e-03,1.496241e-01,1.420851e+00,-7.261094e-04
-1.515293e-01,3.245941e-02,9.538794e-01,2.455239e-01,-6.257590e-01,-1.445557e-02,1.688558e-01,1.486876e+00,-8.392278e-01,3.024033e-02
-8.113418e-01,-1.070605e+00,6.268102e-01,2.495449e-01,1.161756e+00,5.196129e-01,-1.446073e+00,1.083218e+00,-5.189906e-01,1.037950e+00
