1.379999e+00,5.172076e-01,8.669565e-01,1.255995e+00,-2.836598e-01,-5.059143e-01,1.016067e-01,-3.498536e-01,-1.423602e-01,1.777059e+00
1.522249e+00,9.356633e-01,-1.240236e+00,1.074876e+00,1.066351e-01,2.785728e-01,-1.751491e+00,3.930847e-01,2.178200e-01,4.888976e-01
1.601529e+00,-1.100004e+00,-9.209568e-02,-9.655044e-01,3.182620e-01,-1.753967e-01,-1.266100e+00,7.130398e-01,-9.366426e-01,5.870797e-01
3.339904e-03,1.491865e+00,1.285072e+00,-2.570727e+00,-8.495680e-03,-3.580578e-01,-9.383979e-03,6.385883e-01,3.826590e-01,2.456695e-04
-1.187674e-04,-1.322043e+00,-1.731233e+00,6.130393e-01,-1.159481e-02,1.087837e+00,-2.574520e-03,-5.126029e-01,-9.008148e-01,3.617182e-04
1.360763e-03,-1.472348e-02,7.778958e-01,-2.457883e-01,-2.423924e-03,-8.858175e-01,-4.599959e-03,-4.590031e-01,-4.091907e-01,2.109419e-03
-3.521708e-03,-7.036531e-01,7.260081e-01,5.441594e-01,2.013377e-04,1.150146e-01,6.934502e-04,-8.150581e-01,1.768312e+00,-1.254306e-03
-9.711634e-01,9.843467e-01,4.904553e-01,-8.275747e-01,3.831518e-01,6.392379e-01,-1.243344e-01,1.399626e+00,3.750602e-01,1.903883e+00
-4.878465e-04,-4.522808e-01,8.325930e-01,-1.412168e+00,-4.116524e-03,-2.234038e-01,4.261089e-03,1.070170e-01,4.052976e-01,2.640482e-03
-3.251727e-03,-2.218985e-01,-1.395030e+00,-8.065462e-01,5.693267e-03,-1.191643e+00,-3.227487e-04,1.228786e+00,-1.339084e-01,-9.943802e-07
2.889564e-03,9.879938e-01,1.591962e+00,6.966550e-01,-1.451433e-03,1.043392e+00,1.301048e-02,9.039967e-02,1.438476e+00,-5.017923e-04
-1.285373e-03,-7.873200e-01,-7.442634e-01,-2.766536e-01,4.052146e-04,-2.200813e-01,-1.377843e-02,8.219484e-01,1.076750e+00,-1.385507e-03
3.170757e-03,6.541138e-02,5.392489e-01,-4.283745e-01,7.090358e-03,-1.270495e+00,-2.825289e-03,-3.280691e-01,2.932036e-01,1.587738e-03
4.474098e-03,-9.762079e-01,-1.359007e+00,-1.260012e-01,4.978926e-03,6.627328e-02,-6.287143e-03,-4.162434e-01,1.643118e-01,6.178973e-04
-5.238006e-03,1.235008e-01,1.177940e+00,1.922492e-01,-9.904916e-04,-2.346195e+00,-1.085290e-03,-2.121294e-01,5.010362e-01,-1.555348e-03
1.519381e+00,-8.406040e-01,-4.761955e-01,1.365045e+00,-2.391842e-01,3.634220e-01,-1.385797e+00,-9.020356e-01,3.138399e-01,-1.950788e+00
-7.809835e-01,8.195605e-01,1.482935e-01,1.895638e+00,-3.123715e-01,1.930141e-01,3.509735e-01,-1.213010e+00,-2.409232e-02,-1.605773e-01
2.731021e-03,1.612435e-01,-1.548307e+00,-7.762067e-01,1.618638e-04,-8.778523e-01,9.912105e-03,-4.958117e-01,-4.198165e-01,-1.158681e-04
-1.533578e-01,8.968358e-02,4.174074e-02,1.808565e-01,-6.219715e-01,-1.401818e+00,1.825484e-01,-5.762191e-01,-1.566525e-01,2.230761e-02
-8.155449e-01,-2.827527e-01,4.049435e-01,-5.818564e-01,1.151816e+00,1.107389e+00,-1.457100e+00,-1.321469e+00,-1.826883e+00,1.035522e+00
