1.362375e+00,-2.095722e+00,-3.045823e-01,1.283893e-01,-2.948282e-01,9.700552e-02,8.087072e-02,1.141261e+00,3.919718e-02,1.778124e+00
1.519460e+00,1.829178e+00,-3.526007e+00,2.900903e-01,1.093137e-01,9.052327e-01,-1.757513e+00,-1.254204e-01,-1.045119e+00,4.901713e-01
1.597465e+00,1.631555e+00,-3.961468e-01,6.183138e-01,3.381984e-01,-1.241153e-01,-1.261973e+00,9.587356e-01,-9.917526e-01,5.895833e-01
-1.174529e-03,4.800482e-01,5.849920e-01,1.030127e+00,6.028395e-03,-1.804061e-01,-1.557760e-03,-5.395213e-01,-1.379091e-01,-1.762331e-03
-1.753796e-04,-3.416011e-01,7.966027e-01,1.090136e+00,1.017382e-02,9.858970e-01,2.200473e-03,7.541474e-01,2.022365e-01,1.116022e-03
3.635239e-04,5.467463e-01,-1.117307e+00,-4.071791e-01,3.915303e-03,8.297753e-02,1.360677e-02,1.216168e+00,3.142460e-01,7.599406e-05
2.322772e-04,2.548795e-01,-3.433204e-01,8.186468e-01,-6.613718e-03,4.136351e-01,7.776369e-03,4.389534e-01,1.774585e-01,-1.936274e-03
-9.666502e-01,-4.152214e-01,-5.074762e-01,6.268608e-01,3.844451e-01,1.120230e+00,-1.213491e-01,-3.607362e-01,-1.032128e+00,1.905837e+00
6.654880e-03,1.074550e+00,-4.538795e-02,2.035196e-01,4.683977e-04,-1.912059e-01,8.617475e-04,-1.113522e+00,2.836560e-01,1.307771e-03
7.124472e-04,4.607012e-01,-8.376965e-01,5.935977e-01,-1.986371e-03,-5.790418e-01,-6.978653e-03,1.206954e+00,5.054381e-02,7.245999e-04
6.271577e-03,-6.757926e-01,2.141973e-01,1.654545e-01,-2.779525e-03,-1.404944e-01,6.943812e-05,8.816008e-01,-3.952076e-01,4.901469e-03
-2.499894e-03,-1.295972e+00,1.040186e-01,-9.564214e-01,-4.556819e-03,1.183054e+00,-4.061672e-03,3.915593e-01,-1.013613e+00,-1.021730e-03
6.817954e-03,-9.169442e-01,1.064700e+00,-9.920827e-01,6.760670e-03,7.749190e-01,5.056376e-03,-1.124650e+00,4.534249e-01,1.602666e-03
6.645566e-03,7.517128e-01,1.182465e-02,2.030639e-01,4.533687e-03,5.518989e-01,-4.574649e-04,2.018201e-01,-1.039757e-01,1.931613e-04
1.788423e-04,1.134066e+00,6.577123e-01,-7.960436e-02,1.102040e-03,4.115330e-01,-3.775854e-03,1.037374e-01,-9.574858e-01,-1.175698e-03
1.527995e+00,5.626820e-02,-9.588225e-01,-6.313634e-01,-2.504700e-01,-1.291318e+00,-1.397462e+00,-1.477150e+00,4.558939e-01,-1.944522e+00
-7.808449e-01,-1.826862e-01,-9.280253e-01,1.144034e-01,-3.163026e-01,-1.494325e-01,3.592901e-01,4.641538e-01,-1.945980e+00,-1.594664e-01
1.138837e-03,-1.486464e+00,1.312050e+00,-1.183532e-01,1.305548e-03,-6.172097e-01,1.105639e-03,-1.556844e-01,1.873942e+00,1.113724e-05
-1.587784e-01,3.332755e-01,4.770480e-01,7.797003e-02,-6.220336e-01,4.506463e-01,1.629387e-01,1.027628e+00,-6.511347e-01,2.138514e-02
-8.180090e-01,-5.962756e-01,-2.630421e-01,-4.607439e-01,1.153833e+00,1.678957e-02,-1.465173e+00,6.357487e-01,1.149660e+00,1.041791e+00
