1.359404e+00,3.793800e-01,1.788097e+00,1.843496e+00,-2.815793e-01,2.370936e-01,9.590125e-02,-4.044539e-01,-2.267447e+00,1.778960e+00
1.528549e+00,1.370619e+00,-7.721267e-01,-5.998263e-01,1.092620e-01,4.694925e-02,-1.736156e+00,-2.700268e-01,-5.032737e-01,4.879358e-01
1.595934e+00,-5.738348e-02,-1.164245e-01,1.946000e+00,3.322159e-01,-1.261173e+00,-1.256283e+00,1.557697e-02,-2.916189e-01,5.946713e-01
-1.978950e-03,5.797424e-01,5.561383e-01,-1.813112e+00,-6.006914e-03,2.168393e-01,-6.603647e-03,-8.749511e-01,1.196708e+00,3.420455e-03
1.327484e-03,-1.417258e+00,5.600214e-01,3.656887e-01,-5.664573e-03,2.615315e-01,-9.660138e-04,6.757592e-01,4.007910e-01,9.806677e-05
-4.080333e-03,6.905992e-01,-2.297747e-01,-1.075722e+00,-8.980345e-03,8.950361e-01,2.564571e-03,1.781265e-01,-8.940670e-01,-1.227054e-03
-3.943028e-05,3.443379e-01,-2.557058e-01,-5.896084e-01,-2.659491e-03,-3.360943e-01,-4.878430e-03,3.556189e-01,-2.853919e-01,-4.034598e-03
-9.711961e-01,-8.260426e-02,1.330537e+00,-2.472699e-01,3.809462e-01,-3.504934e-02,-1.264487e-01,4.010537e-01,-7.485473e-01,1.903798e+00
-1.237786e-03,9.817476e-03,7.678435e-01,-5.331355e-01,-1.744974e-04,-9.708235e-02,3.231470e-03,1.577166e-01,-3.630280e-01,1.361705e-03
-1.008016e-03,-5.889302e-01,-3.860306e-01,3.344823e-01,3.101899e-03,-1.566752e-01,8.336570e-03,-5.832276e-01,2.018973e-01,-7.398834e-04
1.533917e-03,1.586099e-01,-1.618841e+00,1.595008e-01,1.468007e-02,-2.033157e-01,-7.544208e-03,-6.513344e-01,-3.789255e-01,1.729935e-03
-5.671053e-03,7.786414e-01,8.060506e-01,9.538588e-01,-1.154462e-03,-3.940892e-01,1.719005e-03,1.193247e+00,1.562069e+00,9.301503e-04
8.992011e-03,1.400455e-01,-1.695042e-02,5.197772e-01,4.954536e-04,-1.182966e+00,-2.335334e-03,4.471053e-01,1.458971e+00,-6.535618e-04
-6.405342e-03,3.649008e-01,8.289356e-01,4.422387e-01,-4.964969e-03,8.887947e-01,-2.738499e-03,-1.754685e-01,-1.836131e+00,1.447721e-03
-3.134550e-04,9.174662e-02,-2.172159e-01,-1.713368e-01,-3.693959e-03,-1.027956e-01,-5.357429e-03,-1.468844e+00,-3.304274e-02,2.591193e-03
1.528365e+00,7.390027e-01,-7.487069e-01,-9.518444e-01,-2.468206e-01,1.287227e+00,-1.390193e+00,-6.427412e-01,-9.434668e-01,-1.948708e+00
-7.746982e-01,5.656071e-01,-6.705996e-01,-5.703519e-01,-3.056999e-01,-4.340742e-01,3.420907e-01,1.047273e+00,-5.180615e-01,-1.653248e-01
-4.779940e-03,9.721433e-01,6.611400e-01,-4.804570e-01,5.189384e-04,-3.533422e-01,4.671186e-04,-5.464341e-01,-9.764720e-01,-1.722631e-03
-1.616508e-01,4.914735e-01,1.788180e-01,-4.436425e-01,-6.165396e-01,-3.457229e-01,1.708078e-01,3.150855e-03,-9.542590e-01,2.540723e-02
-8.224881e-01,-1.466578e+00,-3.130298e-01,-7.173742e-01,1.156735e+00,3.492825e-01,-1.454732e+00,-1.967569e-01,2.442074e-01,1.039670e+00
