1.362061e+00,-7.598553e-01,-6.483678e-01,4.448030e-01,-2.754116e-01,-6.821250e-02,9.141648e-02,3.874564e-01,-1.148024e+00,1.775922e+00
1.521991e+00,-8.687191e-01,1.025893e+00,-1.437683e-01,1.154510e-01,-1.095091e+00,-1.742488e+00,1.377869e+00,-2.091954e+00,4.874804e-01
1.595015e+00,5.981177e-01,-4.961476e-02,1.165667e+00,3.459797e-01,1.580146e+00,-1.260815e+00,-5.464618e-01,-4.356298e-01,5.910292e-01
1.080500e-03,-5.330060e-01,-7.367114e-01,1.035898e-01,-1.006364e-03,-4.961706e-01,-6.948416e-05,5.823231e-01,-2.996581e-01,2.673897e-04
3.166019e-03,-9.043007e-01,8.148115e-01,-3.691145e-01,-1.100555e-03,1.864334e+00,4.348202e-04,-3.396383e-01,-1.102058e+00,1.365108e-03
5.982620e-03,6.684923e-01,1.260995e+00,1.301906e-01,3.142562e-03,-5.325675e-01,6.224816e-03,-1.093771e+00,-2.465315e-01,-2.082240e-03
-2.988935e-03,2.652300e-01,-1.946873e+00,-2.072538e+00,-2.479251e-04,8.085881e-01,1.362491e-02,-8.896039e-01,-8.032674e-01,-3.536195e-03
-9.725486e-01,3.945785e-01,4.094470e-01,5.256353e-02,3.894843e-01,-2.865577e-01,-1.163769e-01,1.221988e+00,-1.639786e-01,1.904052e+00
1.360631e-04,-3.201583e-01,-8.672242e-02,-2.622698e-01,5.039838e-03,9.456214e-01,-2.456426e-03,1.040430e+00,9.988232e-01,5.237726e-03
-1.038311e-03,-2.337206e-01,5.215687e-02,-1.432291e+00,-4.783757e-03,-7.074887e-02,-1.016585e-02,-3.479103e-01,-1.472457e+00,1.349288e-04
-3.598976e-03,-5.168872e-01,7.190839e-01,-4.128919e-01,-2.347600e-03,-1.385603e+00,-1.345574e-03,6.435647e-01,-4.846946e-01,4.668070e-03
-8.330492e-03,1.408597e+00,-3.739241e-01,6.395751e-02,2.634648e-03,-7.277560e-01,9.332429e-03,-1.321726e+00,1.401626e-01,-6.329806e-04
-4.620421e-03,-1.590646e+00,-1.290555e-01,2.189532e-01,-8.251983e-04,3.775540e-01,-2.470655e-03,5.232806e-01,-9.000279e-01,1.224628e-04
-2.563835e-03,3.814990e-01,-7.097514e-01,1.950258e-01,2.086810e-03,-1.128796e-02,4.781228e-03,7.716795e-02,1.554311e-01,-1.173336e-03
1.601172e-03,-1.307456e+00,1.409752e+00,-1.084868e-01,-7.555882e-03,-4.489964e-01,1.849229e-03,1.667968e+00,3.915736e-01,-5.565266e-03
1.523333e+00,-4.341426e-01,1.308325e+00,7.239138e-01,-2.440070e-01,1.068829e+00,-1.402520e+00,-1.971932e-01,2.040572e-01,-1.947476e+00
-7.758543e-01,-4.175140e-01,7.025395e-03,6.831471e-01,-3.119875e-01,6.420039e-01,3.604642e-01,4.540121e-01,-2.802065e-01,-1.594291e-01
-6.410596e-03,3.252597e-01,-5.838302e-01,-5.815832e-01,4.121345e-03,-1.494056e+00,-5.830624e-03,-7.137928e-01,6.400323e-02,-2.576295e-03
-1.705133e-01,1.426197e+00,1.250419e-01,8.207738e-01,-6.235983e-01,-1.044512e-01,1.598624e-01,2.613644e-01,4.141169e-01,2.392546e-02
-8.151031e-01,-2.554926e-01,-5.187335e-01,1.765881e-01,1.152918e+00,6.606580e-02,-1.470948e+00,-2.308317e-01,-6.637505e-01,1.038733e+00
