1.367005e+00,-6.024875e-01,-1.225757e+00,-2.300147e-01,-2.884507e-01,9.954052e-01,9.634578e-02,4.021817e-01,1.070937e+00,1.777347e+00
1.524010e+00,-1.090233e+00,-2.393719e-01,2.311679e-01,1.074037e-01,5.000831e-03,-1.742383e+00,6.490522e-02,6.528481e-01,4.864262e-01
1.598369e+00,-4.506525e-01,-2.272143e-01,1.057825e-01,3.302742e-01,-3.732186e-01,-1.268306e+00,1.996129e-01,-7.224417e-01,5.936911e-01
7.512163e-04,3.757536e-01,-1.307095e-02,-1.525853e+00,-9.417856e-03,1.152804e-01,1.367510e-03,1.161412e+00,1.692166e-01,1.237310e-03
-3.841088e-04,5.456614e-01,2.699797e-01,1.412091e+00,8.165709e-04,-9.416368e-02,3.175535e-03,1.027924e-01,1.228760e+00,1.772011e-03
-6.307187e-04,-5.788644e-01,-8.880520e-01,-6.570504e-01,7.883129e-03,-1.999051e+00,4.118212e-03,5.667492e-01,-7.677130e-01,-2.181973e-03
-3.566886e-03,4.372617e-01,-8.100562e-01,-4.579780e-01,-4.141141e-03,-1.247583e+00,1.024015e-02,-9.048959e-01,-4.731814e-01,-9.945056e-05
-9.749213e-01,-8.469717e-01,3.637418e-01,4.476668e-01,3.793753e-01,4.500883e-01,-1.198996e-01,-4.677162e-01,9.394246e-03,1.904242e+00
-4.336563e-04,-4.735233e-01,4.134254e-01,1.126359e+00,-6.259886e-06,-7.399509e-01,-3.500433e-03,7.166175e-01,-3.973689e-02,8.827383e-04
-4.874233e-03,3.893400e-01,1.622341e+00,4.096884e-01,-8.012256e-03,-1.723806e+00,4.326668e-04,4.179855e-01,-6.945291e-01,-2.674716e-03
8.069881e-03,-7.146459e-01,-5.712124e-01,6.564658e-01,7.801641e-04,-4.617999e-01,-1.133870e-02,-2.349902e+00,5.042774e-01,1.222365e-03
1.360576e-03,-1.790255e-01,-7.984393e-01,2.160149e-01,-5.061109e-03,6.397793e-01,3.083515e-03,-9.927045e-01,-8.031271e-01,-1.874041e-03
-9.820542e-04,7.682580e-01,1.062330e-01,-7.818949e-01,2.864870e-03,-8.118804e-01,-8.777491e-03,7.815475e-01,-8.219532e-01,1.405538e-04
6.226310e-05,1.252531e-01,5.047657e-01,9.265168e-01,1.663233e-03,3.420943e-01,4.003315e-03,2.187549e-01,-5.494960e-01,-4.777390e-04
-9.307685e-04,8.177762e-01,1.468960e-01,5.256900e-01,-7.100846e-04,1.039920e+00,-9.367844e-03,-7.139238e-01,6.448059e-01,1.933093e-03
1.526132e+00,7.016087e-01,-8.964206e-01,3.792064e-01,-2.487324e-01,-2.541665e-01,-1.371714e+00,-1.077847e+00,-3.907889e-01,-1.945454e+00
-7.814296e-01,-1.698535e+00,1.049137e-01,-5.943288e-01,-3.208176e-01,-2.527810e-01,3.401128e-01,4.474775e-01,5.918307e-01,-1.624382e-01
-8.181027e-04,-1.321186e+00,-3.977134e-02,-4.885968e-01,-2.951974e-03,1.264439e+00,3.005806e-03,-4.567800e-01,6.828114e-01,-6.638305e-04
-1.569436e-01,8.209720e-01,1.177554e-02,1.304151e+00,-6.186899e-01,-1.575252e+00,1.790596e-01,-1.109195e-01,1.664178e-01,2.119036e-02
-8.088232e-01,6.743963e-01,4.828118e-01,4.999457e-01,1.157960e+00,1.836016e+00,-1.475544e+00,4.191848e-01,-8.254350e-01,1.041524e+00
