1.362207e+00,-1.276857e-01,-6.749559e-01,-1.288620e+00,-2.876163e-01,-1.169031e-01,8.869697e-02,5.090424e-01,-5.593341e-01,1.777603e+00
1.523756e+00,-6.690742e-01,-2.612405e-02,5.070322e-01,1.125074e-01,-1.839609e+00,-1.741679e+00,-1.203603e+00,1.291785e+00,4.844433e-01
1.598908e+00,7.264417e-01,-4.197932e-02,9.180667e-02,3.309754e-01,-2.411704e-01,-1.274287e+00,2.876647e-02,7.309797e-03,5.912781e-01
-8.947816e-05,1.453279e-01,6.730491e-01,5.447674e-01,-1.166270e-02,6.336121e-01,3.900739e-03,-3.872629e-01,1.682895e-02,1.124714e-03
3.920150e-03,-1.288353e+00,-1.195398e-01,-1.347348e+00,-4.546197e-03,-3.008362e-01,-3.053743e-03,8.941668e-01,1.037393e+00,2.021578e-04
-4.445091e-03,-1.214162e-01,5.065018e-01,1.920277e+00,6.478732e-03,6.834538e-01,-2.217903e-03,2.362521e-01,6.477234e-01,3.272744e-03
-3.983902e-04,9.673326e-02,-1.474386e+00,2.278522e-01,-3.462144e-03,-3.700202e-01,-5.503058e-03,2.615110e-01,-5.677452e-01,-3.917606e-04
-9.748444e-01,1.042862e-01,6.162336e-01,4.592290e-01,3.895370e-01,-3.885290e-01,-1.222660e-01,8.446232e-01,-1.158478e+00,1.904312e+00
2.746422e-03,-6.835241e-01,-6.804532e-01,-1.335283e+00,1.966119e-03,-2.993218e-01,-1.481231e-03,-8.013334e-02,6.748855e-01,-2.537834e-04
-7.439260e-03,8.128855e-01,2.966503e-04,1.409239e+00,-3.663054e-03,1.168552e+00,-5.400724e-03,-8.676666e-01,-9.705506e-01,-3.932221e-03
-1.913939e-03,5.898443e-01,-5.316205e-01,2.142059e-01,1.303273e-02,-1.581122e+00,3.636952e-04,-3.334460e-01,-1.248012e+00,8.757890e-04
-4.941714e-03,-1.785730e+00,5.265279e-01,-9.878807e-01,-3.574944e-03,1.988497e+00,5.847361e-03,-2.284503e-02,6.477179e-01,-4.053187e-03
-2.660668e-03,-4.296854e-01,-3.694991e-01,4.373042e-01,4.936934e-03,1.019752e+00,-1.499428e-03,-9.157126e-01,-3.804846e-01,3.011500e-03
-1.297338e-03,3.100643e-01,7.357415e-01,5.802484e-01,1.532835e-03,-7.092798e-01,5.208956e-03,7.317593e-01,-9.093195e-02,-2.515857e-03
-2.600707e-03,-2.212819e+00,7.184468e-01,-2.777489e-01,7.281788e-03,6.870216e-01,-1.643882e-03,2.990549e-01,1.632329e+00,-2.521290e-03
1.522125e+00,5.294565e-02,1.277165e+00,4.412354e-01,-2.471376e-01,-1.202074e+00,-1.387064e+00,1.499060e-01,-1.211843e-01,-1.948310e+00
-7.708994e-01,-8.316305e-01,5.887694e-01,-4.415661e-01,-3.075201e-01,5.269329e-01,3.663412e-01,-6.025477e-01,1.346440e-01,-1.618829e-01
1.520035e-03,6.623264e-01,-4.562913e-02,-1.063183e-01,-4.703984e-04,1.654448e+00,-4.039826e-03,-7.486851e-01,2.949197e-01,-7.950309e-04
-1.609175e-01,4.548414e-02,5.932077e-02,-9.187195e-01,-6.221074e-01,3.247194e-01,1.752499e-01,8.903803e-01,1.369608e+00,2.716665e-02
-8.144639e-01,1.494560e+00,6.978698e-01,4.375582e-01,1.158172e+00,-9.023554e-01,-1.448192e+00,-2.458717e-01,5.789780e-01,1.033928e+00
