1.366802e+00,6.821761e-01,5.181671e-01,-3.600366e-02,-2.936988e-01,7.409952e-01,1.028860e-01,-8.148548e-01,7.409348e-01,1.781700e+00
1.525249e+00,-6.700791e-02,-1.295187e+00,-6.278715e-01,1.171433e-01,3.786371e-01,-1.752657e+00,-5.209381e-01,5.610656e-01,4.876280e-01
1.599272e+00,6.099124e-01,2.548391e-02,-4.072466e-01,3.356090e-01,-1.154263e+00,-1.268624e+00,1.746712e-01,-3.384914e-01,5.862149e-01
-3.030293e-03,-8.115149e-01,-7.587889e-01,2.447827e-01,4.727836e-03,1.231239e-01,-1.621238e-02,-5.189088e-01,5.358761e-02,2.861854e-04
4.238921e-04,4.181838e-01,-4.300565e-01,-2.283684e+00,-4.049680e-03,-1.441301e+00,2.772698e-03,-2.776576e-01,-1.735715e+00,-1.782508e-03
3.785008e-03,-1.253013e+00,-5.932668e-01,5.676826e-01,4.410863e-03,-5.600605e-01,2.146855e-03,1.435425e-01,1.264046e+00,1.405517e-04
2.168581e-03,-1.743131e+00,1.613063e+00,-1.413613e-01,-7.244695e-03,9.420259e-01,1.806488e-03,1.869444e+00,-1.557510e-01,-2.225345e-03
-9.687643e-01,1.586468e+00,2.137238e-01,-4.773886e-03,3.818100e-01,-1.894654e+00,-1.209070e-01,-3.517349e-01,4.589041e-01,1.902255e+00
-6.053806e-03,6.331811e-01,1.548925e-01,-1.153438e+00,3.694622e-03,-1.438439e+00,-1.925595e-03,1.764524e+00,9.824247e-01,5.158136e-03
-2.394960e-03,-6.021995e-01,5.139443e-01,1.152063e-01,1.966668e-03,-2.766649e-01,1.347681e-02,7.777411e-01,6.613541e-01,-5.014147e-04
5.211509e-03,-6.354663e-01,3.339000e-01,8.630876e-01,-9.697695e-04,1.035648e+00,-1.431103e-02,1.292846e+00,1.573757e-01,1.384358e-03
-8.335644e-04,-5.725552e-01,-6.547407e-01,8.179027e-01,-3.162558e-04,7.068791e-01,1.283512e-02,8.297109e-01,-8.430255e-01,-2.336408e-03
4.892221e-03,7.057877e-01,-1.135678e+00,-2.527542e-01,-4.756792e-03,5.517344e-01,-1.547615e-02,7.080545e-01,2.448170e-02,3.600403e-03
5.628062e-04,8.334237e-01,-1.531436e+00,-7.093397e-01,-2.148789e-03,-1.027414e+00,1.759445e-03,-9.105101e-01,-2.078282e+00,2.050929e-03
-6.759805e-03,7.820475e-02,-7.236580e-01,-3.751447e-01,-1.230263e-03,8.997586e-01,-4.506945e-03,-2.307780e-01,1.725292e+00,-9.594157e-04
1.521053e+00,-1.524743e+00,-7.986064e-01,-9.705537e-01,-2.482759e-01,1.995331e-01,-1.392706e+00,9.501091e-01,-1.036260e+00,-1.947401e+00
-7.813706e-01,1.071698e-01,3.331000e-01,-1.452431e+00,-3.146060e-01,-4.884952e-01,3.560216e-01,6.707479e-01,-4.767574e-01,-1.608827e-01
-2.070607e-03,1.896813e+00,-7.012199e-01,6.743730e-01,-1.501144e-03,9.317464e-01,-1.517824e-03,1.094447e+00,-1.171076e-01,-5.154912e-04
-1.574046e-01,-1.263972e+00,-1.139655e+00,-3.848113e-01,-6.268304e-01,1.083967e-01,1.747819e-01,-3.465639e-01,-5.219030e-01,2.298363e-02
-8.195432e-01,1.226732e-01,-9.538007e-01,1.006190e+00,1.149417e+00,-3.175245e-01,-1.472386e+00,-1.256402e+00,-1.611528e-01,1.039833e+00
