1.364461e+00,3.543128e-01,-5.228383e-01,1.260222e+00,-2.862072e-01,2.163342e-01,9.657164e-02,-8.400510e-01,-1.562579e-01,1.775645e+00
1.528395e+00,-1.060326e+00,-7.007495e-02,-7.859645e-01,1.112193e-01,4.540094e-01,-1.729924e+00,-1.758972e-01,2.859468e-01,4.853392e-01
1.601856e+00,2.130706e-01,5.340345e-01,-1.083073e+00,3.383052e-01,5.930185e-01,-1.264958e+00,1.385794e+00,-3.046568e-01,5.927625e-01
2.427606e-03,1.142151e+00,3.847709e-02,-9.061345e-01,-7.805281e-04,-4.310935e-01,1.141971e-02,-1.957665e-01,5.064856e-01,2.932703e-03
-8.613123e-05,-7.645698e-01,-1.843988e-01,-1.082814e-01,-2.028290e-03,5.588260e-02,-8.006480e-03,-9.106865e-02,6.118118e-01,1.376861e-03
-1.143557e-03,1.158815e+00,-9.077609e-01,4.228492e-01,-5.228581e-03,1.358451e+00,-5.636800e-03,4.783983e-01,1.333152e-01,2.607794e-03
2.211202e-03,5.505536e-01,1.357240e+00,-6.872134e-01,5.846055e-03,8.074291e-02,-3.156556e-03,4.914190e-01,-2.462743e-02,-1.778388e-03
-9.656876e-01,-9.389659e-01,-1.331764e-01,4.142368e-02,3.937544e-01,6.326690e-01,-1.199897e-01,-2.610071e+00,8.657711e-01,1.903020e+00
5.856084e-04,-1.851971e+00,-9.724447e-01,1.555351e+00,1.798230e-03,1.030131e+00,-1.142008e-03,2.857134e-01,1.173452e+00,5.434004e-03
-1.668849e-03,1.391671e+00,-5.017455e-02,-1.839218e+00,6.414173e-03,2.601350e+00,-4.831391e-03,-9.033618e-01,-1.393454e+00,-4.237668e-03
4.116627e-03,1.241201e+00,-7.616179e-01,2.516285e-01,6.558649e-03,6.414317e-02,-1.040108e-02,-1.069668e+00,-1.031465e+00,1.130938e-03
1.957831e-03,-3.950678e-01,-5.278438e-01,4.042167e-01,-7.795449e-04,-2.327260e-01,4.100523e-03,-5.370476e-01,-1.630380e-01,-5.203843e-03
-3.370436e-03,1.330703e+00,-9.100252e-01,9.382439e-01,4.739772e-04,-1.977796e+00,-3.026764e-03,-8.661877e-01,2.040219e+00,2.247289e-03
7.367614e-04,-8.029658e-01,-1.195980e-01,1.169556e+00,1.090812e-03,8.410988e-01,-4.230391e-03,1.041464e-01,8.971890e-01,-7.469506e-04
-5.100572e-03,-1.095577e+00,4.250480e-01,-1.100255e+00,-6.591624e-03,-5.618459e-01,6.831467e-04,1.939815e-01,-1.485785e+00,1.199024e-03
1.523547e+00,-6.549209e-01,-1.447881e-01,2.406250e-01,-2.421082e-01,7.916687e-01,-1.392450e+00,4.311282e-01,-1.123938e+00,-1.944590e+00
-7.727743e-01,-9.588871e-01,6.543211e-01,5.374141e-01,-3.166079e-01,-1.277071e+00,3.373562e-01,1.378283e-01,-6.009544e-01,-1.627835e-01
-2.600320e-03,-6.086045e-01,-4.806395e-01,-4.329809e-01,6.793008e-04,-5.190031e-01,-1.370767e-02,-8.293621e-03,-4.703394e-01,-1.916754e-03
-1.540726e-01,9.421770e-01,3.517342e-01,6.766520e-01,-6.274434e-01,8.040103e-01,1.894702e-01,1.468561e-01,-5.304995e-01,2.146832e-02
-8.146114e-01,5.251992e-01,1.531655e+00,1.210111e-02,1.144051e+00,-5.452953e-01,-1.448619e+00,-1.501524e-01,3.060845e-01,1.040560e+00
