1.364510e+00,1.616341e+00,1.176257e+00,-2.466060e-02,-2.878557e-01,-4.406626e-01,9.374103e-02,1.286801e+00,-2.263589e-01,1.776972e+00
1.530161e+00,1.184046e+00,-4.447640e-01,1.518125e-01,1.105767e-01,1.721557e+00,-1.738694e+00,-1.194286e+00,-6.615488e-01,4.882266e-01
1.592770e+00,-2.144742e-01,8.661448e-01,8.815719e-01,3.220366e-01,-1.448795e-01,-1.254378e+00,-4.880521e-01,-5.666743e-01,5.926400e-01
5.787840e-03,-2.756231e-01,-7.168286e-01,-2.116102e+00,-3.661699e-03,3.692594e-01,3.589696e-03,-5.481301e-01,4.908487e-01,4.633276e-03
5.870198e-03,7.222208e-01,2.851734e-01,1.152372e-01,-8.821424e-03,-3.556453e-01,-1.205203e-02,1.973410e-01,-6.178725e-01,-3.580868e-03
-1.248318e-03,1.210617e+00,1.413886e-01,2.018683e-02,-3.320177e-04,-1.039115e+00,6.150227e-03,2.269823e-01,-4.688999e-01,8.122807e-04
1.635130e-03,-6.537097e-01,1.161511e-01,-2.097208e+00,2.030172e-03,-1.083480e+00,9.636051e-03,1.190853e+00,2.685839e-01,-1.758328e-03
-9.771123e-01,3.877889e-01,-4.860923e-01,3.498141e-01,3.856129e-01,8.349492e-01,-1.154352e-01,-2.103460e+00,1.235809e+00,1.905309e+00
1.129157e-04,-9.916053e-02,-3.556367e-01,9.580689e-01,-2.428321e-03,-7.207323e-01,-4.211104e-03,2.689152e-01,-1.836231e+00,3.359162e-03
-2.991854e-03,4.223142e-01,5.058427e-01,-5.478662e-01,-4.411128e-03,1.659456e-01,5.178280e-04,-1.462505e+00,-1.180843e+00,1.503971e-03
6.679741e-04,2.394156e-01,-8.479600e-01,-6.047104e-01,3.301952e-03,7.125904e-01,-6.621173e-03,-1.195051e-01,6.946750e-01,1.464255e-03
3.677582e-04,-1.194035e+00,1.473267e+00,8.620259e-01,-5.587021e-03,-2.018603e+00,5.932000e-03,-4.916255e-01,-2.881189e-01,-2.211366e-03
2.596593e-03,5.758667e-01,1.136050e+00,-3.158595e+00,3.628627e-04,7.651969e-01,-5.314362e-04,-1.007715e+00,-3.052361e-01,3.511060e-03
6.941462e-03,1.537061e+00,1.204335e-01,5.972977e-01,7.014334e-04,-1.769521e-01,6.117432e-03,9.610040e-02,1.384214e+00,-1.021338e-03
-6.239126e-04,-8.525045e-01,-8.275206e-01,1.881749e+00,2.748509e-03,-1.057267e+00,9.216351e-04,1.009111e+00,1.016430e+00,5.655361e-04
1.520495e+00,1.445654e+00,-1.174643e+00,-5.806003e-01,-2.472040e-01,-2.615737e-02,-1.387536e+00,2.656411e-01,2.517627e+00,-1.950555e+00
-7.805657e-01,7.080371e-01,-7.472734e-01,3.454447e-01,-2.986029e-01,4.677078e-01,3.433025e-01,-4.744995e-02,4.049288e-01,-1.639313e-01
-3.478928e-03,-4.593231e-01,-4.833452e-01,-7.636937e-01,5.735996e-04,2.577536e+00,-1.117147e-02,4.521178e-01,4.334940e-01,-4.336799e-03
-1.585604e-01,-3.745803e-02,2.069629e-01,6.610176e-01,-6.194921e-01,-1.298010e+00,1.725441e-01,3.295112e-02,-1.286622e+00,2.490844e-02
-8.116395e-01,7.717367e-01,1.266068e+00,-2.245754e+00,1.147690e+00,9.123355e-01,-1.452760e+00,1.780233e+00,-1.396803e-01,1.038876e+00
