1.361110e+00,2.265023e-01,-1.479709e+00,-3.321869e-01,-2.832441e-01,-7.667693e-01,8.660249e-02,2.731625e-01,-8.909067e-01,1.780259e+00
1.524896e+00,3.231458e-01,-1.066337e+00,-1.251928e+00,1.087564e-01,-1.364635e-01,-1.750133e+00,-3.356600e-01,7.781760e-01,4.860276e-01
1.599822e+00,-4.780687e-02,3.938043e-01,-2.799334e-01,3.257768e-01,1.436575e+00,-1.261774e+00,-1.927567e+00,-1.865110e-01,5.951485e-01
3.384180e-03,-2.566068e-01,-1.036394e+00,2.205138e-01,-4.557434e-03,-7.554810e-01,-8.833706e-03,7.230364e-01,-2.456972e+00,-3.956004e-03
-1.161349e-03,1.071023e-01,3.408211e-01,-3.910971e-01,-5.420071e-03,6.534059e-01,-1.923048e-03,-8.636611e-01,-1.442803e-02,2.185326e-03
-5.119862e-03,-3.984133e-01,1.368057e-01,9.597155e-01,-3.438493e-03,4.596112e-01,4.249155e-04,-5.890117e-01,-6.334614e-01,-3.671674e-03
-4.265421e-04,-4.978644e-01,9.931802e-01,1.365915e+00,-4.598640e-03,1.003639e+00,-1.197575e-02,7.148561e-01,-1.944299e-01,2.049975e-03
-9.701534e-01,-1.126665e+00,-7.872680e-01,-1.845585e-01,3.821439e-01,-2.701861e-01,-1.115001e-01,4.416208e-01,1.649543e+00,1.908700e+00
6.877184e-05,3.610063e-01,1.208596e+00,-7.116779e-01,-6.400062e-03,5.301456e-01,4.870384e-05,1.730264e+00,6.040182e-01,5.264144e-04
-5.246482e-03,6.315681e-01,-1.439638e-02,9.138394e-01,-3.624915e-03,8.151295e-01,1.276990e-03,-5.601563e-01,-1.774024e+00,-5.940827e-04
1.074775e-03,-3.476875e-01,-9.969053e-03,-1.623846e-01,6.857020e-03,-3.852040e-01,3.419871e-03,4.195373e-03,8.683448e-01,2.060338e-03
6.222208e-05,-1.297842e-01,5.894474e-01,1.854041e-01,-4.587945e-03,4.913598e-01,-2.149700e-04,7.201266e-02,-6.119580e-01,-5.565264e-03
4.716219e-03,1.422231e+00,-1.971716e-01,7.028455e-02,1.063941e-02,-1.860109e+00,-6.676142e-03,9.912985e-01,2.426047e-01,2.223440e-03
8.400886e-03,-4.946936e-01,4.004116e-03,-3.254796e-02,-2.734659e-04,-1.317353e+00,5.726599e-03,5.715647e-02,3.971356e-01,8.357195e-04
-1.334973e-03,7.285683e-01,6.314974e-01,7.552993e-01,3.255992e-03,-8.564416e-01,-2.961209e-03,4.684960e-01,1.318594e-01,1.039910e-04
1.515901e+00,5.051930e-01,-2.464313e+00,4.868236e-01,-2.426162e-01,1.122567e+00,-1.377551e+00,1.360334e-01,7.992460e-01,-1.948380e+00
-7.777260e-01,7.343865e-01,-8.123874e-02,8.691773e-01,-3.065661e-01,8.449991e-01,3.545675e-01,1.605187e-01,1.951450e-01,-1.592911e-01
-2.217849e-03,6.960078e-01,8.822138e-01,5.939081e-01,-1.843993e-03,-7.945202e-01,-8.450190e-03,-5.713815e-01,-5.973128e-02,1.496267e-03
-1.601871e-01,2.665611e-01,-3.634655e-01,-8.956915e-01,-6.254266e-01,-8.427292e-01,1.737261e-01,5.441938e-01,-1.395302e+00,2.577172e-02
-8.200916e-01,1.998307e-01,9.611317e-02,8.988391e-01,1.149892e+00,-1.445131e+00,-1.461502e+00,-2.530356e-01,-1.204781e-02,1.039981e+00
