1.362066e+00,4.140579e-03,-7.499143e-01,-2.678096e-01,-2.786994e-01,1.644208e+00,9.479879e-02,2.981893e-01,-8.328445e-01,1.780862e+00
1.529502e+00,3.148497e-01,4.140966e-01,-5.800369e-01,1.113641e-01,5.696597e-01,-1.745865e+00,1.484533e+00,-1.067802e+00,4.861149e-01
1.596100e+00,4.414955e-01,7.509291e-01,8.048612e-01,3.274452e-01,4.117878e-01,-1.270798e+00,2.605628e+00,4.956270e-01,5.875193e-01
-7.772491e-04,-1.054469e+00,7.635129e-01,-1.239817e+00,-2.281307e-03,9.194298e-01,7.920441e-03,1.439159e-01,1.645288e-01,-2.213945e-03
5.796883e-03,1.189733e+00,1.028521e-01,2.197259e-01,-6.965700e-03,-3.256592e-02,2.488577e-03,3.889073e-01,-3.157396e-01,-1.703141e-03
4.456203e-03,-3.329733e-01,1.118086e+00,-4.415914e-01,-8.728351e-04,8.908243e-01,1.131519e-02,1.338860e-01,5.934023e-01,-7.414696e-04
4.232584e-03,1.762969e+00,4.363215e-01,6.596181e-01,-9.436175e-03,6.275237e-01,4.160462e-03,-4.358063e-01,8.390156e-02,-3.485081e-03
-9.713942e-01,1.021369e+00,-1.276573e+00,-3.540259e-02,3.869521e-01,7.228496e-02,-1.116657e-01,-1.713311e-01,6.047306e-01,1.906343e+00
-3.353555e-03,-4.207184e-01,-5.733980e-01,8.291210e-01,1.270075e-03,8.681752e-01,7.147471e-03,-9.712137e-01,5.852678e-01,-5.541800e-04
3.576281e-03,1.726647e-01,3.296168e-02,9.304293e-01,1.160465e-03,7.743036e-01,-1.330708e-02,1.733151e+00,-1.211080e+00,-1.209273e-03
4.410706e-03,-1.110136e-01,2.603607e-01,1.199618e-01,-1.385846e-03,-1.249270e+00,-4.577710e-03,-1.129540e-01,-6.299491e-01,2.374114e-03
-6.628620e-04,9.047960e-01,9.419482e-01,-2.699303e-01,3.107545e-03,1.089614e+00,1.063063e-02,5.492979e-01,-1.247342e+00,-1.252280e-03
5.759440e-03,-6.786284e-01,1.413756e+00,-1.329563e+00,3.156737e-04,2.529951e-03,3.912655e-04,1.110024e+00,-3.521802e-02,2.544832e-03
6.629403e-04,7.319418e-01,8.291828e-01,3.067875e-02,-9.656871e-03,-1.521839e-01,5.459358e-03,-6.976796e-01,-2.529301e-01,8.339509e-05
-3.310674e-03,6.217715e-01,5.203025e-01,-1.471414e-01,-3.552560e-03,-1.066786e-01,-5.536200e-03,3.998349e-01,-1.826648e+00,-3.363423e-04
1.529761e+00,-5.618492e-01,-9.475008e-01,-1.179604e+00,-2.438513e-01,-7.120389e-01,-1.374790e+00,5.822501e-01,-1.681708e-01,-1.950034e+00
-7.793820e-01,1.233726e+00,-3.773754e-01,-1.907526e-02,-3.146417e-01,-6.159438e-01,3.464653e-01,-5.502518e-01,-4.491277e-01,-1.622014e-01
-7.435431e-03,7.750215e-01,-1.059741e+00,2.534695e-01,-5.637308e-03,4.949330e-01,1.679165e-02,5.765236e-01,9.129015e-01,2.777553e-05
-1.580298e-01,4.821576e-02,3.853195e-01,-6.806551e-01,-6.264220e-01,1.556159e+00,1.651294e-01,3.877635e-02,5.416933e-01,2.433919e-02
-8.110368e-01,-7.405202e-01,-7.848787e-01,1.258635e+00,1.148797e+00,-8.630569e-01,-1.462557e+00,6.113892e-01,-6.399462e-01,1.044963e+00
