1.368047e+00,-2.560303e-01,-4.456815e-01,-1.518736e+00,-2.840484e-01,-1.493231e+00,8.898701e-02,-3.635791e-01,-2.042652e-01,1.776727e+00
1.525402e+00,5.783220e-01,-3.871100e-01,1.623289e-02,1.110272e-01,1.172924e+00,-1.723302e+00,1.147952e+00,2.634249e-01,4.811103e-01
1.602863e+00,-6.291132e-01,1.201585e+00,3.328239e-02,3.310987e-01,9.677073e-01,-1.266986e+00,-1.047118e-01,-8.699641e-02,5.920703e-01
5.343099e-03,-3.759293e-02,6.897543e-01,-7.224136e-01,-8.252130e-04,2.615599e-01,-7.345672e-04,1.683786e+00,-1.402928e+00,5.581064e-03
-3.381499e-03,-1.248736e+00,5.304200e-01,3.552550e-01,-4.238966e-03,-7.149769e-01,-4.022153e-03,-4.599065e-01,-2.635549e-01,-2.190211e-03
-5.296037e-03,2.439625e-02,1.532579e-01,-1.250155e+00,-9.053650e-04,-1.232610e+00,-4.231124e-03,1.100227e+00,-6.842837e-01,5.762710e-04
7.578171e-03,8.578668e-01,6.630738e-02,-3.535184e-01,1.694412e-03,1.089266e+00,-2.442949e-03,-5.376299e-01,-2.717196e-01,3.208016e-03
-9.732034e-01,-9.625332e-01,5.535415e-01,6.259159e-02,3.851989e-01,1.609072e-01,-1.098669e-01,-1.348719e+00,1.072795e+00,1.906232e+00
5.078719e-04,-2.190854e-01,-8.673404e-01,6.023030e-01,7.322228e-03,1.497017e+00,3.134673e-03,1.133464e+00,6.216675e-01,-9.864095e-04
2.518708e-03,7.712959e-01,1.638671e-01,1.116002e+00,9.479623e-04,2.576255e-01,-4.351999e-03,-2.976087e-01,4.038319e-01,-9.046051e-04
1.413808e-03,1.053217e+00,-8.357920e-02,1.299876e+00,1.830560e-03,2.645468e-01,1.292647e-03,-5.052867e-01,5.918572e-01,1.632982e-03
-1.135207e-03,-2.143799e-01,-8.548819e-02,-5.858116e-01,-7.242482e-03,2.294853e+00,1.192141e-02,5.426330e-01,-6.168155e-02,-3.130067e-03
4.049003e-03,-2.944179e-01,1.023066e+00,2.314026e-01,-6.507849e-03,9.164477e-01,4.073384e-03,3.046230e-01,-1.265080e+00,2.263852e-03
2.610096e-03,-1.671942e-01,-1.563387e+00,-1.405803e-01,-3.216894e-03,-3.496659e-01,5.462907e-03,2.102030e-01,-3.465343e-01,3.424187e-04
-8.194935e-04,3.721489e-02,-1.532709e+00,-5.970283e-01,7.573802e-03,9.344360e-01,-7.563245e-03,-6.094665e-01,-1.441545e+00,-3.253652e-03
1.524668e+00,-1.914607e-01,4.685005e-01,3.527244e-02,-2.464967e-01,6.187571e-01,-1.394631e+00,-1.478756e-01,-1.305665e+00,-1.948619e+00
-7.751507e-01,2.725536e-01,1.210195e+00,-1.018833e+00,-3.105190e-01,8.609272e-01,3.491662e-01,8.181167e-02,5.104718e-01,-1.600360e-01
-3.784492e-04,9.061810e-02,-1.995649e-01,2.326504e-01,-1.171109e-03,-7.345193e-02,-4.641505e-03,1.119519e+00,1.791945e-01,5.442237e-05
-1.573801e-01,-1.079406e+00,5.378386e-01,4.074237e-01,-6.214295e-01,4.278858e-01,1.840814e-01,2.767414e-01,-4.131358e-01,2.467379e-02
-8.140398e-01,6.161839e-02,-1.068284e-01,-6.542552e-01,1.144385e+00,-4.311220e-01,-1.444458e+00,3.216275e-01,4.224058e-01,1.039001e+00
