1.358887e+00,-1.592068e-03,8.808038e-01,-1.764899e-01,-2.829080e-01,-2.597783e-01,9.832041e-02,-7.442379e-01,6.997705e-01,1.777733e+00
1.519964e+00,-1.493984e+00,-1.175356e+00,-2.007073e-01,1.044726e-01,5.016141e-01,-1.735656e+00,1.129081e+00,1.215622e+00,4.838508e-01
1.596139e+00,7.443068e-02,-4.468871e-01,1.090565e-01,3.338765e-01,-3.514751e-01,-1.272563e+00,9.292022e-02,8.080538e-01,5.919639e-01
6.818569e-04,-9.337075e-01,2.317558e-01,8.404964e-01,2.181166e-03,1.349982e+00,4.384450e-03,-6.222068e-01,9.368828e-01,2.433702e-03
3.862700e-03,-4.764354e-01,2.649599e-01,-1.496295e-01,-5.150739e-03,7.185578e-01,3.791746e-03,3.606532e-01,1.235434e-01,1.721956e-03
2.137933e-03,6.965041e-01,-2.895366e-01,-6.806006e-01,-5.390271e-04,-2.741076e-01,1.440845e-02,8.039932e-01,-1.306683e+00,-1.288608e-04
-1.652006e-03,-4.079490e-01,-6.618816e-01,8.708009e-01,-3.951182e-03,-4.731790e-01,6.667316e-03,1.680731e+00,1.774076e-02,1.453306e-03
-9.695252e-01,-3.066003e-01,1.467023e+00,1.225854e-01,3.835373e-01,-5.418613e-01,-1.034542e-01,-5.734996e-01,-3.016141e-01,1.903379e+00
-3.434589e-04,-9.567596e-01,-1.504018e+00,6.800652e-01,-1.872055e-03,1.109392e+00,-4.779063e-03,3.783098e-01,-9.156143e-01,9.489468e-04
9.249561e-04,-4.513032e-02,-1.162191e+00,7.499853e-01,2.440450e-04,1.030314e+00,3.923182e-04,-1.799000e+00,1.250351e+00,-1.862000e-03
-1.193372e-03,1.295606e-01,9.770968e-01,-1.707260e-01,9.427778e-03,-6.782679e-01,6.712771e-03,6.241114e-01,5.278059e-01,4.816341e-03
-2.357831e-03,-1.482051e-01,4.852201e-02,1.406878e+00,-2.210907e-03,-6.058455e-01,8.279935e-03,-3.144234e-01,1.054203e+00,-7.489429e-04
6.234697e-03,1.506014e+00,-4.259512e-02,-1.327911e-01,-3.919266e-03,-3.197040e-01,-4.493486e-03,-1.187083e+00,-1.479578e+00,2.203678e-03
4.608209e-03,-9.461975e-01,5.629483e-01,-1.542792e+00,2.520843e-03,-1.455763e+00,1.106051e-02,-3.324102e-01,-6.467822e-01,2.376737e-03
-4.049547e-03,2.578628e-01,1.924127e-01,-3.836032e-01,-4.300271e-03,4.362846e-01,-8.848813e-03,-3.378613e-01,3.017778e-01,-4.892943e-03
1.517996e+00,4.872588e-01,-1.333026e+00,5.363331e-01,-2.502684e-01,-1.106742e+00,-1.383010e+00,1.311052e+00,-2.381578e-01,-1.944778e+00
-7.821291e-01,-1.451578e-02,-4.261786e-01,4.632709e-01,-3.151271e-01,-1.930946e+00,3.488550e-01,4.128553e-01,7.223838e-01,-1.617748e-01
-6.128674e-03,-6.384808e-02,5.595127e-01,-3.959250e-01,1.482037e-03,-1.137745e+00,1.361901e-02,-1.284927e+00,3.290291e-01,1.968397e-03
-1.633444e-01,-2.378815e-02,1.378080e+00,1.277758e+00,-6.272946e-01,-4.496003e-01,1.706663e-01,2.273839e-01,-1.072859e-01,2.092697e-02
-8.181766e-01,1.376905e-01,-1.837561e+00,-7.470544e-01,1.149810e+00,-1.279393e-01,-1.460820e+00,8.865046e-01,7.452442e-01,1.036990e+00
