1.367215e+00,-4.407236e-01,-2.147890e-01,3.096674e-01,-2.830906e-01,1.446220e-01,9.357238e-02,-3.372978e-01,-7.302227e-01,1.776283e+00
1.528174e+00,9.557971e-02,-1.917458e-01,-5.102214e-01,1.131233e-01,-3.742930e-02,-1.741144e+00,1.333368e+00,3.989152e-01,4.876217e-01
1.599888e+00,8.937661e-03,-1.108843e+00,7.878598e-01,3.354524e-01,1.004304e+00,-1.270329e+00,-1.700681e+00,-2.698037e-01,5.896069e-01
-2.147874e-03,8.434072e-02,2.946865e-01,-6.789920e-01,-1.970622e-03,-6.372808e-01,-3.052504e-03,9.435100e-02,-9.869417e-01,-3.711064e-04
-3.525225e-04,-6.173648e-01,3.605947e-01,1.255199e+00,-3.836760e-04,-7.290455e-01,-1.548494e-03,2.078275e+00,-6.579610e-01,2.306759e-03
-4.105781e-03,-1.302919e+00,2.120483e-01,-2.084572e+00,1.716313e-03,-2.527025e-01,3.370195e-03,3.894954e-01,-4.212898e-01,3.047558e-03
9.712576e-04,-1.354814e+00,2.107027e-01,-3.938279e-02,-7.076507e-03,6.662042e-01,-6.569726e-03,7.289452e-01,1.250784e+00,-2.259308e-03
-9.766212e-01,-2.569404e-01,-9.576970e-01,2.719111e-01,3.878504e-01,1.513707e+00,-1.109314e-01,-1.139795e+00,4.202949e-01,1.905391e+00
-1.087235e-03,-1.586797e+00,-6.200017e-01,1.289783e-02,-3.157471e-03,1.540836e+00,-9.715905e-04,-1.681307e-03,-1.111953e+00,3.628809e-03
-1.484062e-03,-7.961098e-01,9.863230e-01,-4.228163e-01,-8.830531e-04,-1.211991e+00,3.595013e-03,-7.713360e-01,6.990046e-01,2.878128e-04
-2.393684e-03,-3.360633e-01,2.021370e-01,-6.347882e-01,-1.974825e-03,4.809837e-01,2.079678e-03,1.634859e+00,8.533922e-02,1.788140e-04
3.259567e-03,1.096370e+00,6.256769e-01,-1.422224e-01,-9.811575e-03,-2.973525e-01,5.799398e-03,1.472287e+00,1.266852e+00,-3.242951e-03
1.127514e-02,-8.128896e-01,3.441203e-01,1.398797e-02,8.582914e-03,9.042484e-01,1.220566e-02,-1.968699e+00,3.601008e-01,-1.901079e-03
4.282650e-03,4.645111e-01,-1.264768e+00,2.306598e-01,6.365586e-03,-5.496200e-01,1.299827e-02,5.198535e-01,1.150257e-01,5.373095e-03
-4.065442e-03,1.542333e+00,1.079297e+00,-5.329446e-01,-1.834879e-03,-6.987639e-01,-7.471070e-04,-9.867578e-01,9.144584e-02,-4.452518e-04
1.519436e+00,-8.644967e-01,9.442473e-01,-4.286476e-01,-2.477678e-01,2.419030e-01,-1.388979e+00,1.230312e-02,-1.245372e+00,-1.944979e+00
-7.761077e-01,-3.878716e-01,9.452547e-01,-2.117002e+00,-3.089961e-01,1.360345e+00,3.497440e-01,-1.285537e+00,1.012801e+00,-1.593824e-01
-1.492633e-03,7.846853e-01,7.414197e-01,8.495742e-01,-6.407913e-03,-6.916532e-01,-1.878591e-03,-1.379386e+00,2.807656e-01,-1.195327e-03
-1.597382e-01,4.654598e-01,-1.814606e+00,-1.518165e+00,-6.342420e-01,-2.745103e-01,1.752972e-01,-4.589090e-01,-2.282337e-01,2.396047e-02
-8.176072e-01,-4.742460e-01,2.360090e-01,2.914070e-01,1.148733e+00,-3.651985e-01,-1.465935e+00,-6.564359e-01,4.996336e-01,1.041949e+00
