1.359655e+00,-1.142409e+00,4.822381e-01,-3.831278e-01,-2.924011e-01,-6.572424e-02,8.033046e-02,-7.204771e-01,-3.580533e-01,1.782347e+00
1.530995e+00,-2.510582e-01,-3.493771e-01,9.679828e-02,1.020744e-01,3.868706e-02,-1.725261e+00,1.578034e+00,7.727222e-01,4.822839e-01
1.603496e+00,5.706074e-01,4.678661e-01,4.187049e-02,3.273373e-01,1.281711e-01,-1.258485e+00,-9.929367e-01,9.404885e-01,5.927446e-01
1.279813e-03,1.870237e+00,1.268849e-02,2.789051e-01,7.466745e-04,-9.431684e-01,-4.411586e-03,7.472653e-01,-4.315329e-01,-2.452621e-03
-1.394244e-03,5.102406e-01,-9.952681e-01,-2.530365e+00,6.821109e-03,1.499167e+00,3.268709e-04,2.264747e+00,5.248047e-01,-1.759162e-03
1.145358e-04,-3.949660e-01,9.016939e-01,2.712439e-01,1.939803e-03,-2.070823e-01,-1.753222e-04,-4.129505e-02,8.941951e-01,7.856623e-04
-6.384646e-03,9.881136e-01,5.494374e-01,-4.655663e-02,-2.871499e-03,1.553609e-01,1.539516e-04,-5.461976e-01,7.757208e-01,-2.561498e-03
-9.793134e-01,-2.063922e+00,-1.785005e-01,6.086210e-01,3.819872e-01,-4.257084e-01,-1.245077e-01,8.797462e-01,-1.509793e+00,1.903569e+00
-4.886996e-03,-1.240544e-01,-2.005462e-01,-3.422980e-01,5.109701e-03,-1.518785e-01,6.621578e-03,6.825365e-01,-1.515265e-01,2.460299e-03
1.013834e-03,7.555019e-01,8.200257e-03,-2.056543e-01,-1.175846e-02,3.321950e-01,-6.124320e-03,-4.010844e-01,-6.217241e-01,-1.185118e-05
2.481960e-04,-1.407344e-01,4.732558e-01,9.224964e-01,3.741048e-03,1.074388e+00,-4.838920e-03,4.313650e-02,-1.421428e+00,-6.926447e-04
-1.241396e-03,-4.631869e-01,2.175571e-01,1.763208e+00,-1.380678e-03,4.437171e-01,-3.742530e-03,1.950143e-01,-9.940878e-02,-5.979275e-03
1.689734e-03,2.629727e-01,1.307466e-01,6.896807e-01,2.485702e-03,2.950316e-01,-6.285193e-03,1.433931e+00,-4.753307e-01,9.462179e-04
-1.374085e-03,4.430783e-01,-8.426719e-01,8.088813e-01,-2.853918e-05,-1.238534e+00,4.157926e-04,9.433567e-03,-1.044705e+00,1.148000e-03
-3.248022e-03,-5.618889e-01,6.235443e-01,-5.832881e-02,-3.816003e-03,-1.188814e+00,-1.205720e-03,-4.738992e-01,-6.751874e-02,-3.878965e-03
1.517549e+00,-7.885490e-04,4.997638e-02,-2.650988e-01,-2.381015e-01,1.078548e+00,-1.391553e+00,-9.288418e-01,-6.082305e-01,-1.950223e+00
-7.735046e-01,-2.535598e+00,-4.136582e-01,-8.501430e-01,-3.157152e-01,-2.158974e-01,3.406675e-01,8.967906e-01,8.178665e-01,-1.625041e-01
-3.988455e-03,-4.069122e-01,3.213673e-01,5.256996e-02,-2.730656e-03,8.541444e-01,4.693265e-03,-7.434272e-01,8.300664e-01,-2.816125e-03
-1.638948e-01,-1.031716e+00,4.574230e-01,-7.687298e-01,-6.356082e-01,7.555502e-01,1.804603e-01,7.703051e-01,-4.863281e-01,2.699088e-02
-8.148045e-01,-5.115849e-02,-1.559125e-01,5.787914e-01,1.152487e+00,4.565113e-01,-1.462864e+00,2.212348e-01,-3.108083e-01,1.038937e+00
