1.353313e+00,7.931937e-02,9.637521e-01,1.315942e+00,-2.858040e-01,1.898006e-01,9.067590e-02,1.328698e+00,-4.723081e-01,1.779095e+00
1.530897e+00,-8.087242e-01,-7.382272e-01,6.728801e-01,1.044383e-01,6.239959e-01,-1.739442e+00,1.451190e+00,1.465334e+00,4.882649e-01
1.607570e+00,-2.858875e-01,-1.550908e+00,-6.666143e-01,3.336334e-01,-1.041132e+00,-1.255837e+00,2.200435e-01,5.687020e-01,5.915627e-01
1.118957e-03,-2.533055e-01,1.205220e+00,-8.567987e-01,-9.948478e-03,1.551059e-01,-1.928416e-03,1.080817e-01,-4.807840e-02,-1.460313e-03
-3.697346e-03,-8.977392e-01,-6.882391e-02,-2.973105e-01,-8.953916e-03,-1.720965e-01,1.350716e-03,1.113618e+00,-1.646920e-01,-2.618686e-03
2.752216e-04,-8.026486e-01,-5.024233e-02,-5.209446e-01,-4.474148e-03,1.825691e-01,-4.017248e-03,-8.292299e-02,-1.270743e-01,-2.309509e-03
-1.220261e-03,6.101585e-01,-1.123401e-01,-6.535929e-01,-6.645334e-03,3.379538e-02,3.847364e-04,4.843115e-01,-2.212567e-01,-1.791879e-04
-9.690399e-01,-1.274041e-01,-9.184803e-02,2.522918e-01,3.826184e-01,-6.962140e-01,-1.246773e-01,8.096191e-01,1.184347e+00,1.902595e+00
-8.995774e-04,7.886435e-01,-9.811724e-01,-5.789913e-01,-2.303605e-03,3.088427e-01,-1.514809e-02,3.577287e-01,1.593590e-01,1.325571e-03
1.621952e-03,1.386464e-01,-2.052278e+00,4.937051e-01,4.573300e-03,1.596405e-01,-3.119075e-03,-4.482324e-01,2.784612e-01,9.951479e-05
4.959285e-04,-1.087270e+00,8.533479e-01,8.128207e-01,7.112974e-03,-1.198842e+00,-1.526600e-03,3.157158e-01,-1.690408e+00,5.038164e-03
-3.109083e-03,5.196226e-01,9.209379e-01,-4.612803e-01,-7.120774e-03,-1.115035e+00,-5.795135e-03,-4.658165e-01,8.558469e-01,4.092396e-04
3.512924e-03,-7.592241e-01,1.592004e+00,-1.355659e+00,-5.296411e-03,-5.481066e-01,3.746444e-03,1.059583e+00,-1.725796e-01,4.476980e-03
2.005576e-03,-8.268133e-01,-5.471050e-02,-9.733808e-03,3.578344e-05,2.339434e-01,-1.057808e-02,-6.301764e-01,1.353519e+00,-2.207568e-03
-5.642175e-05,6.522564e-01,-1.466201e-01,4.970678e-01,-6.254412e-04,-1.240643e+00,1.113373e-03,-8.198309e-01,-1.148998e+00,-2.406943e-03
1.521559e+00,-9.961871e-02,-3.456355e-01,2.549207e-01,-2.390845e-01,1.741242e-01,-1.386726e+00,-1.228652e+00,2.068374e+00,-1.941389e+00
-7.805216e-01,2.593258e-02,-8.270820e-01,4.347589e-02,-3.131498e-01,-3.121711e-01,3.390966e-01,8.474205e-01,-1.612523e+00,-1.589590e-01
-9.739856e-03,-3.832429e-01,-3.175355e-01,-3.236347e-01,7.762068e-03,-1.317497e+00,6.788418e-03,2.256645e-01,1.923875e-01,4.553397e-04
-1.569135e-01,-3.484633e-01,-2.252694e-01,1.671996e+00,-6.279140e-01,-6.239596e-01,1.820015e-01,8.627918e-01,6.252305e-01,2.390242e-02
-8.118868e-01,3.611332e-01,-2.868089e-01,-3.039562e-01,1.151759e+00,-3.430683e-01,-1.452204e+00,2.106601e+00,-4.486493e-01,1.037754e+00
