1.367075e+00,-8.613138e-01,-3.360381e-01,-3.571416e-01,-2.957835e-01,-1.714664e-01,8.881727e-02,6.398841e-01,-1.818345e-01,1.776521e+00
1.520007e+00,-8.006896e-01,-9.720714e-01,-2.272568e-01,1.096605e-01,9.432347e-02,-1.737346e+00,1.228529e-01,-4.087813e-01,4.863428e-01
1.597417e+00,2.544532e-01,8.838479e-03,6.974982e-01,3.316896e-01,5.333882e-02,-1.267695e+00,1.215535e+00,1.869917e+00,5.903132e-01
7.846060e-04,-8.168922e-01,1.255075e+00,5.770778e-01,-5.274638e-03,-1.859610e+00,7.948575e-03,-8.105593e-02,-8.205575e-01,-1.047767e-03
2.516943e-04,2.376761e-01,-2.201259e-02,-2.598130e-01,-2.572562e-04,8.668876e-01,-1.096513e-02,-6.624486e-01,-8.505642e-01,1.876233e-03
1.641398e-03,5.887117e-01,7.863257e-01,7.396065e-01,8.952065e-03,-2.328433e-01,-3.478774e-04,2.823411e-01,-2.547162e+00,2.209999e-03
-1.860098e-03,1.531468e-01,-4.147883e-01,7.179301e-01,-1.346586e-02,-5.636610e-02,1.968203e-03,-9.281153e-02,8.952933e-03,-3.580688e-03
-9.730357e-01,4.121043e-01,1.420406e-01,3.297326e-01,3.876908e-01,1.396632e-01,-1.212357e-01,3.791029e-02,-6.736651e-01,1.901120e+00
-1.635557e-03,5.773130e-01,-2.199431e-01,-6.404250e-01,6.452155e-03,-6.198815e-01,-9.527393e-03,-2.162702e-01,-2.108446e+00,3.745597e-03
1.767432e-03,2.270050e-01,-1.119681e+00,-7.390871e-01,-7.549476e-03,4.713738e-01,-7.831061e-03,-5.201897e-02,8.084657e-02,-3.140834e-03
-2.721356e-03,-1.576056e+00,1.141343e-01,-1.170767e+00,6.334912e-03,1.583209e-02,-1.104018e-02,-4.839944e-01,6.719862e-02,-1.038127e-03
1.424257e-03,5.471350e-01,-1.156170e+00,1.317770e+00,-1.865948e-03,-6.600632e-01,7.902553e-03,-8.519924e-01,5.099174e-01,-4.555198e-03
-4.236324e-04,-1.929520e-01,-1.909989e-01,9.346761e-02,-2.320661e-03,-1.770136e-01,1.541689e-03,-4.411365e-01,-1.396486e+00,-1.633688e-04
6.304880e-03,9.161786e-01,1.431004e-01,5.121031e-01,-7.868397e-03,7.864877e-01,2.277225e-03,-8.447435e-01,-6.563397e-01,-6.219705e-04
-5.453579e-03,1.586724e+00,-4.145607e-01,3.806811e-01,-4.430140e-03,-6.356676e-01,2.278155e-03,1.307737e+00,-1.079889e+00,-2.720389e-03
1.523434e+00,7.810374e-01,8.576262e-01,-1.027873e+00,-2.411556e-01,7.587190e-02,-1.387928e+00,1.156842e+00,8.708063e-01,-1.943961e+00
-7.746207e-01,8.479642e-01,3.592415e-01,8.249609e-01,-3.161265e-01,9.047483e-01,3.498914e-01,-3.240251e-01,-4.119765e-03,-1.611050e-01
-4.410877e-03,1.022820e+00,-2.234521e-01,6.215254e-01,-4.737621e-03,-1.037267e+00,-2.854080e-03,-1.065286e-01,1.024502e+00,-1.945438e-03
-1.599520e-01,-1.243622e-01,-3.961837e-01,-1.468511e+00,-6.241340e-01,3.918969e-01,1.783007e-01,-3.550145e-01,-1.164044e-01,2.168068e-02
-8.172021e-01,-1.852695e-01,1.104513e+00,1.696709e+00,1.154316e+00,-3.859755e-01,-1.465483e+00,-1.063635e+00,-4.371139e-01,1.039771e+00
