1.359944e+00,-2.007088e-01,-1.448876e+00,-3.812953e-01,-2.780380e-01,6.176678e-01,8.792000e-02,-1.303392e+00,4.289934e-01,1.776084e+00
1.524771e+00,-1.096722e-01,-5.482045e-01,1.590283e+00,1.099997e-01,8.919659e-01,-1.750847e+00,1.722960e+00,-7.054928e-01,4.880872e-01
1.603144e+00,-1.511946e-03,1.401414e+00,-9.556229e-01,3.358374e-01,1.512339e-01,-1.278858e+00,1.010840e+00,-6.852947e-01,5.967627e-01
2.585472e-04,-9.119701e-01,1.400545e+00,6.401486e-01,2.155779e-03,9.079067e-02,-7.784015e-03,-3.181318e-01,4.705530e-03,-2.274980e-03
3.405343e-03,7.780134e-01,-1.808590e+00,1.393301e+00,-1.976783e-04,2.771459e-01,-1.123624e-03,-1.902618e-01,-1.311750e-01,-1.926496e-04
2.906449e-03,-1.189811e+00,-1.123371e-01,-1.502479e-01,-2.308878e-03,-1.534284e+00,5.529760e-04,1.556000e-01,7.619556e-01,1.421998e-03
1.889123e-03,1.370866e-01,6.643122e-01,-7.457206e-01,-5.081283e-03,1.127628e+00,-5.862912e-04,-6.487749e-01,-2.180167e+00,-2.173374e-03
-9.672956e-01,-2.911309e-01,-6.016185e-01,3.185814e-01,3.836636e-01,1.428951e+00,-1.125488e-01,8.561569e-01,-2.999443e-01,1.901635e+00
-2.984137e-03,2.712618e-01,9.422177e-01,6.389604e-01,5.126410e-04,4.637590e-01,-6.157942e-04,1.252938e+00,2.018976e-01,3.027760e-03
-1.090742e-03,2.652946e-01,7.165342e-01,-4.668434e-01,-8.212045e-03,-9.508731e-01,-6.679080e-03,-1.435802e+00,2.490800e-01,-1.225149e-03
2.543034e-03,2.031229e-01,-4.992518e-01,8.379827e-01,-2.740950e-03,-7.039776e-01,8.191575e-04,5.325823e-01,9.568603e-01,3.456526e-03
-2.728345e-03,-7.613694e-01,-2.287626e-01,2.435420e-01,-1.966300e-03,4.505032e-01,-7.481907e-03,3.614127e-01,1.622460e+00,-2.588140e-03
-4.992496e-03,1.276765e+00,-3.013493e-01,2.898602e-01,6.943382e-04,-7.238271e-01,-3.302479e-03,6.784039e-01,2.607675e-01,-1.095289e-03
6.240785e-04,-5.804375e-01,1.087925e+00,1.004461e+00,-8.733702e-04,-6.882593e-01,5.095792e-03,5.653914e-01,-3.581393e-01,-9.465461e-04
-1.722356e-03,-4.847318e-01,7.823889e-01,2.010041e-01,-8.848141e-03,-5.052313e-01,-3.512233e-04,1.820272e-01,3.449209e-01,2.022586e-03
1.522933e+00,1.376833e+00,-1.208620e+00,3.671568e-01,-2.454500e-01,5.075846e-01,-1.385061e+00,4.578332e-01,8.131813e-01,-1.946460e+00
-7.741323e-01,4.490470e-02,-6.914686e-01,5.211848e-01,-3.209293e-01,6.068758e-01,3.507457e-01,1.695353e-01,9.770901e-01,-1.624705e-01
-4.627153e-04,7.193422e-01,1.075780e+00,-6.208010e-01,3.736029e-03,1.076711e+00,-1.241299e-03,-3.166998e-01,2.399469e-01,-1.560736e-03
-1.606832e-01,8.905819e-01,-8.079240e-01,2.670294e-01,-6.216441e-01,-8.275785e-01,1.665083e-01,-2.664830e-01,2.753024e+00,2.309427e-02
-8.251151e-01,-5.776045e-01,1.375561e-01,3.979902e-02,1.158452e+00,7.111182e-02,-1.461997e+00,1.605296e-02,-5.634458e-01,1.036941e+00
