1.364214e+00,2.678333e-01,-1.276467e+00,4.355103e-01,-2.808395e-01,-1.000085e+00,1.025250e-01,8.190828e-01,5.496938e-01,1.779933e+00
1.518150e+00,-6.290525e-01,2.818977e-01,4.478722e-01,1.063603e-01,2.040330e+00,-1.736797e+00,-1.521088e+00,-7.928965e-01,4.833952e-01
1.604270e+00,1.737821e-01,-5.964922e-02,-3.919232e-01,3.252829e-01,6.884283e-01,-1.271709e+00,-5.576481e-01,-6.897841e-02,5.923168e-01
-5.714557e-04,1.078568e+00,1.052701e+00,-6.401208e-01,1.433817e-03,9.742179e-01,5.747371e-03,-9.479867e-01,-2.136886e+00,9.790732e-04
5.268850e-03,-5.716558e-01,2.571814e-01,1.463269e+00,-3.108876e-03,5.192961e-01,7.319950e-03,3.759633e-01,-4.116262e-01,-1.202162e-04
-7.384243e-04,-6.448536e-01,-2.505398e-01,7.721943e-01,-6.242772e-03,6.127204e-01,1.598508e-02,3.671992e-01,-6.545661e-02,4.782219e-03
-9.166598e-05,5.258947e-01,-6.262191e-01,-7.522073e-01,-5.586274e-03,-1.114406e+00,-5.440113e-03,2.180300e-01,-7.503807e-01,-1.181221e-03
-9.747013e-01,8.445650e-01,9.498579e-02,3.145676e-01,3.860187e-01,-6.624837e-01,-1.235624e-01,-9.806657e-01,-1.334509e-01,1.905493e+00
-5.018075e-03,2.826820e-01,8.851856e-01,2.717711e-01,3.401603e-03,-5.074730e-01,2.703550e-03,-2.845055e-01,1.343129e+00,3.230790e-03
-1.161533e-03,-1.070108e+00,7.983821e-01,-8.192633e-01,4.950843e-03,-1.656567e+00,3.433329e-03,-1.191230e+00,-3.178737e-01,2.851560e-03
1.550696e-03,-1.692082e+00,2.617635e-01,4.369202e-01,1.294010e-03,9.938874e-01,-4.711345e-03,1.903334e+00,5.533136e-01,-1.788028e-03
-2.929638e-03,-2.769681e-01,-6.840275e-01,-8.501334e-01,-6.299381e-03,-5.008269e-03,4.748356e-03,-6.357105e-01,-5.931309e-01,-6.813355e-04
9.342531e-03,1.949256e+00,-7.195745e-01,1.175096e+00,3.952944e-03,-7.689443e-01,2.937757e-04,-1.574375e+00,-2.425067e-01,2.587019e-03
1.074218e-03,-2.122357e+00,-4.168669e-01,-2.284582e-01,2.047306e-03,3.662023e-01,1.940374e-03,-2.873158e-01,-1.331027e+00,2.325800e-03
-2.962206e-03,3.508066e-01,-8.143607e-01,-2.228029e+00,-4.752501e-03,1.502718e+00,-7.344891e-03,-9.972643e-01,-1.332678e-01,-1.239817e-04
1.528644e+00,1.510364e+00,1.083343e-01,1.736834e+00,-2.482541e-01,-6.687733e-01,-1.394145e+00,1.079452e+00,-1.172092e+00,-1.946950e+00
-7.764069e-01,-4.023056e-01,2.080446e-01,3.301189e-01,-3.059895e-01,-3.918367e-02,3.537259e-01,-4.310860e-01,1.543171e+00,-1.610348e-01
-4.072526e-04,-8.079304e-01,-1.032697e-01,3.135104e-01,4.214051e-04,6.254652e-01,-7.039877e-04,3.192976e-01,1.092772e+00,3.442393e-03
-1.588246e-01,2.026055e-01,6.997262e-01,1.097210e+00,-6.225905e-01,-1.217238e+00,1.771682e-01,-1.306518e+00,-9.305201e-01,2.643522e-02
-8.149776e-01,-8.703675e-01,-9.825304e-01,-2.183281e-01,1.147441e+00,-3.096889e-01,-1.458486e+00,-8.996489e-01,5.525719e-01,1.039666e+00
