1.370667e+00,5.244786e-01,-1.988558e+00,2.184380e-01,-2.875725e-01,3.405982e-01,9.122597e-02,1.194396e+00,1.011037e+00,1.777053e+00
1.521469e+00,2.560844e-01,4.212838e-01,9.972307e-01,1.163531e-01,2.021832e-01,-1.752826e+00,1.819318e-01,-1.270976e-01,4.872576e-01
1.599459e+00,-1.054594e+00,-4.762579e-01,7.400540e-01,3.278682e-01,4.809697e-01,-1.266242e+00,-1.172815e+00,-6.926905e-03,5.907197e-01
-8.342031e-03,8.152740e-02,-1.359207e+00,-5.853746e-01,-5.208825e-03,-2.343339e-01,2.874317e-04,-1.214999e-01,5.262858e-01,4.500963e-05
-7.165008e-04,-5.407778e-01,-1.691406e-01,2.427200e-01,-1.927195e-03,-4.178571e-02,-2.398398e-03,-8.743408e-01,-1.391142e+00,1.037374e-03
8.601023e-04,-4.852337e-01,2.189903e-01,4.664113e-01,1.639234e-03,2.763791e-01,3.292028e-03,-1.854884e-01,-5.486861e-01,-1.160824e-04
-5.463900e-03,1.011762e+00,1.302683e+00,-8.747668e-01,2.565713e-04,-8.009700e-01,-1.223349e-03,-3.567080e-02,-9.519766e-01,2.946811e-04
-9.707738e-01,-2.013025e-01,7.004832e-01,8.439481e-01,3.836166e-01,1.098057e+00,-1.166742e-01,-7.967992e-01,4.915642e-01,1.903468e+00
1.243854e-03,-4.430849e-01,-8.809380e-01,-2.425919e-01,-7.049595e-03,5.414970e-01,-5.768031e-03,7.473639e-02,-1.432567e+00,6.892203e-04
-3.026726e-03,7.073494e-01,-5.137392e-01,-2.116813e-01,1.187881e-02,2.023702e-01,9.268116e-03,-8.552241e-01,-6.500175e-01,-3.596279e-03
-1.480590e-03,5.063057e-01,-4.598696e-01,-2.111822e-01,-3.939921e-03,5.315292e-02,5.019545e-03,-1.178700e+00,-7.479801e-01,-7.090361e-04
2.631959e-03,2.223865e-01,-1.215135e+00,-6.297482e-02,-5.766519e-03,1.133681e+00,9.736992e-03,-9.844776e-02,8.180209e-01,1.466086e-03
4.906762e-03,-4.752749e-01,3.890508e-01,-1.127180e+00,1.141736e-04,2.740973e-01,-4.852740e-05,6.563691e-01,-1.562584e-01,2.787329e-03
2.383303e-03,-2.003982e-01,-9.354580e-01,-3.221766e-01,-4.362179e-03,-1.860108e-01,-2.771943e-03,1.115928e-01,1.173707e+00,1.744132e-03
2.082918e-03,8.719518e-01,-4.978774e-03,1.143654e+00,-2.682167e-03,-6.181025e-01,-4.092504e-03,-3.953996e-01,1.984356e-03,5.261348e-03
1.525299e+00,1.062312e+00,1.694065e+00,-2.210444e-02,-2.489783e-01,-1.023934e+00,-1.382480e+00,-6.091982e-03,-8.599444e-01,-1.948662e+00
-7.750047e-01,5.466669e-01,-6.478835e-01,1.210833e+00,-3.232437e-01,-8.382576e-01,3.616470e-01,3.214294e-01,-7.982625e-01,-1.606144e-01
-2.640044e-03,-1.301783e+00,1.058635e+00,-1.747912e-01,3.085564e-03,1.866149e-01,-2.143569e-03,6.439023e-01,1.209702e-02,-1.002745e-04
-1.557450e-01,-9.465527e-01,-5.062174e-01,-6.323648e-01,-6.225440e-01,2.314319e-01,1.769609e-01,5.874453e-01,1.140670e+00,2.834468e-02
-8.183240e-01,-2.015683e+00,-1.727237e+00,7.227183e-02,1.149747e+00,1.015190e+00,-1.433272e+00,-7.070723e-01,-9.521037e-01,1.038971e+00
