1.368691e+00,7.775806e-01,4.633892e-01,7.625006e-01,-2.766353e-01,-8.712898e-01,8.774155e-02,-6.005652e-01,1.808420e+00,1.773816e+00
1.529080e+00,1.789730e-01,1.551178e-01,-1.326972e-01,1.075435e-01,-9.521176e-01,-1.738488e+00,6.964015e-01,8.010071e-01,4.859240e-01
1.602387e+00,-4.338529e-01,-1.584685e+00,8.292530e-01,3.293629e-01,-3.941586e-01,-1.261379e+00,-9.572107e-02,4.063430e-01,5.901305e-01
2.095054e-03,8.047739e-01,-8.241514e-01,-2.949235e-01,7.036937e-03,8.435247e-01,9.262394e-03,-1.187406e+00,6.642191e-01,3.478710e-04
-3.390283e-04,-3.282478e-01,1.119025e-02,-5.403772e-01,-1.630748e-03,1.775653e+00,-6.405587e-03,3.399244e-01,7.141294e-01,1.955332e-03
4.136824e-03,-1.058101e+00,-5.235358e-01,1.950646e+00,-4.686864e-03,4.379043e-01,1.101361e-02,-4.077684e-01,1.891675e-01,-5.645671e-04
-1.602027e-03,-9.886391e-01,2.399601e-02,-4.271768e-01,-1.385388e-03,-1.199134e+00,4.966258e-03,-8.440476e-01,2.574956e-01,-8.001416e-04
-9.733786e-01,-1.498781e+00,-2.721132e-01,9.370288e-01,3.918035e-01,-1.359363e+00,-1.185430e-01,3.545602e+00,4.093111e-02,1.904343e+00
1.676375e-03,5.413251e-01,2.832862e-01,-3.960909e-01,-3.546780e-03,-3.676034e-01,2.881090e-03,1.776058e-01,5.158953e-01,4.644596e-03
-6.834727e-03,5.217789e-01,-6.039163e-01,-2.966396e-01,7.502913e-05,5.453337e-01,-1.898921e-04,-8.968797e-01,2.585148e-01,-2.162649e-03
4.432321e-03,-1.051053e+00,7.601289e-01,-1.590395e+00,1.142792e-03,-1.317225e+00,-1.373620e-02,1.180659e+00,7.954614e-01,-3.471701e-03
-1.048619e-03,-7.276444e-02,-5.017070e-01,-2.419667e-01,-1.733697e-03,-3.558286e-01,4.890792e-03,1.395013e+00,-9.181517e-01,-4.874046e-04
-1.408605e-03,-6.229768e-01,6.373441e-01,5.246201e-02,-3.313103e-03,-5.255613e-01,2.511881e-03,8.615366e-02,1.141868e-01,2.116698e-03
-5.504678e-03,4.513871e-01,-1.225130e-02,-1.469812e-01,-1.609414e-03,2.162673e+00,2.689971e-03,-2.235340e+00,6.410113e-02,5.205710e-03
-5.159860e-03,-8.507757e-01,7.471364e-02,-9.035920e-01,-2.199796e-03,9.231150e-01,-4.653742e-03,-1.406719e+00,4.641162e-01,-1.659565e-03
1.526050e+00,-8.983526e-01,-3.046534e-01,-8.849389e-01,-2.423403e-01,-4.243996e-01,-1.377963e+00,1.053396e+00,-7.209311e-01,-1.944433e+00
-7.827452e-01,1.009580e+00,1.399746e+00,-2.724242e-02,-3.183117e-01,-3.774089e-01,3.552628e-01,-1.123854e-03,-1.052464e+00,-1.637591e-01
-7.885254e-03,-6.144419e-01,-2.669529e-01,2.213140e-01,6.020983e-03,-6.345559e-01,3.349415e-03,9.063819e-01,6.873692e-01,3.834159e-04
-1.579575e-01,-5.284308e-01,1.903557e-01,-1.205221e+00,-6.206293e-01,7.325619e-01,1.810639e-01,6.857327e-01,-4.320925e-01,2.143523e-02
-8.157511e-01,-4.177052e-02,1.488059e-01,3.767840e-01,1.152858e+00,7.080717e-01,-1.457484e+00,-3.769372e-01,1.690572e-01,1.037911e+00
