1.361887e+00,4.698318e-01,-1.050556e+00,-5.491667e-01,-2.829988e-01,6.462935e-01,9.246042e-02,1.063989e+00,4.410063e-01,1.773302e+00
1.528664e+00,-4.209950e-02,1.289939e+00,-8.337599e-01,1.118209e-01,-1.108406e-01,-1.735888e+00,-7.697201e-01,-7.185095e-01,4.865843e-01
1.602233e+00,-1.009493e+00,3.193200e-01,-6.378555e-01,3.355862e-01,-6.581908e-01,-1.289508e+00,1.037272e+00,1.088247e+00,5.896490e-01
3.898229e-03,-3.499870e-01,4.968001e-01,-7.077181e-01,-3.716500e-03,-9.343933e-01,-1.698126e-04,3.138242e-01,1.028774e+00,-1.962490e-03
-4.205432e-04,3.017870e-01,3.294825e-02,-1.101681e+00,2.133523e-04,-3.656383e-01,3.945852e-03,-1.666149e+00,-1.134679e+00,-1.884725e-03
-1.116755e-03,-8.084260e-01,-3.357363e-01,-1.417159e-01,-6.398779e-04,-7.010362e-01,-1.252578e-06,-6.306029e-01,1.180766e-01,4.165652e-03
-6.906063e-03,1.522316e+00,1.238118e+00,3.628452e-01,-4.410832e-03,1.669923e+00,-4.778100e-03,-2.627731e-01,5.070007e-01,4.414144e-03
-9.736935e-01,1.276430e+00,-2.877197e-01,1.200081e+00,3.922293e-01,3.144517e-01,-1.157655e-01,1.796411e-01,-9.222103e-01,1.905141e+00
9.688464e-04,-3.099132e-01,6.579533e-01,2.804547e-01,-3.138650e-03,7.195696e-01,9.239939e-03,7.013764e-01,2.198350e-01,8.128869e-04
-3.306296e-03,1.104345e+00,2.715471e-01,3.748225e-01,5.224779e-04,2.156210e-01,-1.121146e-02,-7.227331e-01,-1.853198e+00,6.856491e-05
2.009212e-03,4.121912e-01,-1.960304e+00,7.058856e-01,5.999694e-03,-7.873773e-01,-6.497930e-03,-1.246654e+00,-3.899457e-03,6.794693e-03
-2.828389e-03,6.612514e-01,1.863400e-01,-7.377140e-02,1.065216e-02,-3.849817e-01,7.042348e-03,-1.263018e+00,-1.105314e+00,1.180504e-03
6.426474e-03,9.560522e-01,-9.500789e-01,-1.242068e+00,-6.609766e-03,-1.489217e-01,-1.113970e-02,-9.001427e-01,1.177499e+00,7.106027e-04
3.102776e-03,3.275170e-01,4.006138e-01,-4.354175e-01,2.610063e-03,-7.169478e-01,3.685584e-03,-1.001089e+00,-5.967349e-01,6.568494e-04
7.862571e-04,-1.682798e-01,-9.389656e-01,4.137794e-01,3.655976e-03,-2.060110e-01,-1.451919e-03,-7.413789e-01,2.710963e+00,-5.785840e-04
1.521236e+00,3.078808e-01,6.304589e-01,1.129756e+00,-2.513302e-01,2.724229e-01,-1.385931e+00,-9.705079e-01,8.915748e-01,-1.947669e+00
-7.833309e-01,-1.084992e+00,-8.149945e-01,-3.196387e-01,-3.034318e-01,1.484106e+00,3.569113e-01,1.639025e+00,5.022558e-01,-1.683892e-01
1.333599e-03,8.926308e-01,1.529899e+00,5.761172e-02,-4.538919e-03,1.050246e+00,1.891111e-03,-1.459773e+00,-6.574976e-01,-2.655728e-04
-1.570115e-01,-1.685772e+00,2.588385e-01,3.276703e-01,-6.296546e-01,-1.106594e+00,1.708627e-01,2.008972e+00,1.215959e+00,2.416969e-02
-8.170979e-01,-4.712097e-01,2.879303e-01,-4.534668e-01,1.153193e+00,9.416569e-01,-1.457273e+00,6.275454e-01,5.084134e-01,1.040469e+00
