1.351399e+00,-3.884352e-01,-7.459154e-01,3.564124e-01,-2.782547e-01,-4.505035e-02,9.260676e-02,7.270126e-01,5.195821e-01,1.778861e+00
1.529353e+00,3.333573e-01,1.184287e-01,4.865517e-01,1.162474e-01,7.103597e-01,-1.733713e+00,4.688421e-01,6.993417e-01,4.908916e-01
1.599476e+00,-8.475380e-01,-5.754025e-01,1.024410e+00,3.306679e-01,1.624767e+00,-1.272407e+00,8.008953e-01,5.035804e-01,5.904485e-01
4.721860e-03,-6.302436e-01,-9.007637e-01,-1.555271e-01,5.292577e-03,2.231619e-01,2.653318e-03,-3.449198e-01,4.386612e-01,2.872541e-03
7.922475e-05,1.879742e+00,-7.953962e-01,4.254990e-01,-5.064642e-03,-7.131791e-01,2.652629e-03,-1.383481e+00,1.333405e+00,2.762254e-04
5.623637e-03,-8.326842e-01,5.477361e-01,6.997802e-01,-1.510072e-03,3.094950e-01,8.088227e-03,3.235694e-01,1.296007e+00,2.456522e-03
-3.139765e-03,-2.156255e-01,-6.903301e-01,-6.726988e-01,-1.877475e-03,1.370923e-01,5.138800e-03,-1.249801e+00,-1.333938e+00,2.721076e-03
-9.755829e-01,5.701988e-01,1.793493e+00,-4.107841e-01,3.891410e-01,-1.053636e+00,-1.289304e-01,1.904214e-01,-2.608733e-01,1.902331e+00
1.702918e-03,-7.399751e-01,5.961796e-01,-1.000204e+00,2.115219e-03,-2.816222e-01,4.633484e-03,-9.844553e-01,-1.127530e+00,4.143091e-03
-2.347233e-04,-9.641371e-01,-1.596856e+00,-1.234370e+00,-6.024863e-03,1.289863e+00,1.490758e-03,-1.087008e+00,-2.662169e-01,-6.715751e-04
1.787672e-03,-1.065704e+00,5.210150e-01,-1.223921e+00,9.337719e-04,-8.457127e-01,-1.212590e-02,-7.686774e-02,2.297476e-01,5.118441e-03
-7.025211e-03,1.801881e-01,-3.036506e-01,-6.521894e-01,-3.418510e-03,-3.377265e-01,5.569143e-04,-3.771547e-01,7.730765e-01,-6.394122e-04
4.205688e-03,9.283690e-01,5.803093e-01,-6.789479e-01,-1.101028e-03,-4.392377e-01,1.137352e-02,-8.606934e-01,-5.301696e-01,5.289506e-04
2.262912e-03,-1.434235e-01,4.812274e-02,-3.979351e-01,4.212986e-03,-4.165711e-01,4.511112e-03,-1.241706e+00,-6.799011e-01,1.390624e-03
1.215362e-04,-8.582660e-02,-4.953801e-01,-1.162341e-01,3.858288e-03,-9.217112e-01,-1.006959e-02,-9.614957e-01,-6.990633e-01,-2.674489e-03
1.526449e+00,4.261821e-02,-9.636320e-01,5.803880e-01,-2.417784e-01,8.865659e-01,-1.399821e+00,7.147900e-01,3.855726e-01,-1.946415e+00
-7.793324e-01,3.517206e-01,3.795950e-01,2.737515e-01,-3.191442e-01,-3.549828e-01,3.519903e-01,-1.543287e+00,-3.188417e-01,-1.632383e-01
2.242268e-03,-5.667847e-01,-2.792681e-01,1.134081e-01,-2.554516e-03,2.431286e-01,7.545596e-04,-5.265023e-01,-4.691939e-02,-6.263516e-04
-1.629008e-01,2.281386e-01,2.182180e+00,-2.210356e-01,-6.222671e-01,-1.320174e+00,1.647641e-01,3.486268e-01,4.644639e-01,2.152674e-02
-8.174150e-01,-3.031560e-03,8.294872e-01,1.016128e+00,1.156377e+00,1.601011e-03,-1.464098e+00,-4.083440e-01,1.411213e-01,1.038315e+00
