1.365393e+00,4.192355e-01,2.234208e-01,-1.014069e+00,-2.827098e-01,-1.125410e-03,1.009187e-01,-6.382130e-01,-9.568142e-01,1.775003e+00
1.523255e+00,5.987837e-01,1.388262e+00,-8.492527e-01,1.078369e-01,8.220372e-01,-1.747520e+00,-7.055063e-01,-2.826068e-03,4.836751e-01
1.599246e+00,-2.287039e+00,-6.587553e-01,1.214126e+00,3.352027e-01,-6.558795e-01,-1.273873e+00,-1.460062e+00,9.813102e-01,5.923124e-01
6.849314e-03,7.164983e-01,-4.567246e-02,6.805915e-01,-4.092765e-03,-9.024624e-01,3.512777e-04,3.792873e-01,-7.983288e-01,4.254734e-03
1.864536e-04,2.631812e-01,-1.429067e+00,3.451446e-01,-4.778221e-03,1.221068e+00,3.029044e-03,-5.011440e-01,1.310823e+00,1.301685e-03
3.387820e-03,-1.274026e-01,-1.348505e+00,-8.797554e-01,-4.742718e-03,-1.055685e+00,-1.230122e-03,4.624605e-01,3.300003e-02,-1.917720e-03
2.505587e-03,-1.143948e-01,5.402213e-01,-1.851528e+00,-4.223297e-03,2.393685e+00,-4.863153e-03,4.133145e-01,7.270435e-01,-1.957319e-03
-9.773899e-01,-1.219186e+00,-2.485453e+00,3.634804e-01,3.859067e-01,5.142949e-01,-1.134207e-01,-1.099081e+00,-2.016434e-01,1.903548e+00
-3.562762e-03,-1.297086e+00,1.668905e+00,-1.322744e-01,-5.097467e-03,-4.640928e-01,2.332743e-03,-6.323751e-01,-6.724091e-02,4.082696e-03
-3.367143e-04,-4.762827e-01,2.363445e-01,-9.624528e-01,2.422150e-03,-1.436862e-01,2.659048e-03,-1.886342e-01,2.434033e+00,-2.413060e-03
6.077114e-03,-3.909242e-01,-1.188404e+00,3.271592e-01,3.162309e-03,1.112830e+00,-5.285999e-03,1.222675e+00,-8.270045e-01,3.357735e-03
-6.414134e-03,-5.926341e-01,5.967177e-01,2.574780e+00,-5.146745e-03,-9.116544e-01,-2.711699e-04,3.247893e-02,-5.182709e-01,-2.770518e-03
-6.612418e-04,-5.908543e-01,1.561021e-01,-9.481868e-01,6.109009e-03,-1.147845e+00,-4.379830e-03,-2.976296e-01,-3.714065e-01,4.071245e-03
2.779391e-04,5.355107e-01,1.103972e+00,-1.036031e+00,4.268879e-03,-1.400514e+00,-5.493407e-03,2.463748e-01,-9.888410e-02,-8.553444e-04
9.247542e-05,5.762169e-01,-2.403902e-02,-7.249641e-01,2.075808e-03,-2.726215e-01,7.390505e-03,1.430849e+00,1.132605e+00,-1.236026e-03
1.523195e+00,1.607130e-01,-6.972161e-01,-5.008589e-01,-2.375060e-01,5.218674e-01,-1.383845e+00,7.267170e-01,9.749982e-01,-1.948631e+00
-7.757611e-01,-7.506720e-01,-4.453920e-01,1.650355e+00,-3.222326e-01,-1.151855e+00,3.538504e-01,-1.625562e-01,-9.420753e-01,-1.601626e-01
2.954874e-04,1.203421e+00,-2.486305e-01,-2.615015e-01,-1.542566e-03,2.358104e-01,-1.226996e-02,1.886844e-01,1.692149e-01,2.681982e-03
-1.597116e-01,-8.597983e-01,-7.084011e-01,6.876326e-01,-6.169459e-01,-1.079195e+00,1.749976e-01,3.663915e-01,-2.216694e-01,2.560878e-02
-8.135064e-01,-6.750734e-01,-1.031977e+00,2.421190e-01,1.157036e+00,5.347474e-01,-1.452349e+00,-5.606863e-01,-1.468806e-01,1.044476e+00
