1.365487e+00,2.241847e+00,-1.722297e+00,6.523820e-01,-2.740798e-01,-8.488048e-01,9.155671e-02,4.131916e-01,9.928324e-02,1.773685e+00
1.525300e+00,1.395441e+00,1.687890e-01,-6.932088e-02,1.094960e-01,-2.111988e+00,-1.765273e+00,8.712194e-02,-1.172754e+00,4.913652e-01
1.594701e+00,2.022087e-01,-1.212733e+00,8.192420e-01,3.331594e-01,-6.357608e-01,-1.261651e+00,-2.337614e-02,1.078718e+00,5.908627e-01
-1.823474e-03,2.997984e-02,-2.957104e-01,6.621963e-01,-5.339180e-03,-1.471194e+00,-1.853605e-03,1.904585e-01,-3.740373e-01,4.563763e-04
-2.816371e-03,-1.787122e+00,-1.303302e+00,-6.273415e-02,1.747476e-03,-8.429331e-02,3.533361e-03,1.391742e+00,6.390368e-01,5.907253e-04
-1.824330e-03,1.177176e-01,-7.850208e-01,-1.006190e+00,9.757131e-04,6.688574e-01,-2.443725e-03,-2.903963e-01,-1.018437e+00,1.068350e-03
1.411162e-03,1.165074e+00,7.747658e-01,9.604645e-01,-2.274786e-03,2.884890e-01,-9.976896e-04,-5.633493e-02,1.701663e+00,-1.376753e-03
-9.727875e-01,-1.168623e+00,1.944478e+00,-1.051120e+00,3.841705e-01,5.728439e-01,-1.166973e-01,2.191254e-01,-1.200648e-02,1.902656e+00
1.538298e-03,6.167770e-01,1.022739e+00,-8.536371e-01,1.462257e-04,2.512806e-02,-9.082529e-03,-6.901309e-01,4.150505e-01,4.168738e-05
-3.595051e-03,-6.275654e-01,-5.834689e-01,-7.725907e-01,-2.262146e-03,-3.755345e-01,1.081441e-03,7.547243e-01,-1.238576e+00,-1.165097e-03
-3.950139e-03,2.987502e-01,-7.891516e-01,2.967746e-01,1.459228e-03,1.464032e-01,-9.380584e-04,4.126121e-01,-2.147115e-01,4.144523e-03
-4.432778e-03,-5.185694e-02,-5.923774e-02,3.283060e-01,-2.058690e-03,3.350769e-01,-3.567836e-03,2.954268e-01,-7.191573e-02,-4.638941e-04
-1.978634e-03,-7.310124e-01,1.202395e+00,-1.205698e+00,2.740895e-03,1.647577e+00,6.886075e-03,3.838837e-01,-4.373727e-01,1.051123e-03
3.587432e-03,-1.640324e+00,-4.995678e-01,6.326392e-01,-1.779511e-03,6.204964e-01,3.449906e-03,-4.905670e-01,-5.631909e-01,2.163801e-03
1.312779e-03,7.022067e-01,1.449143e+00,-1.953343e+00,-9.937779e-03,-1.520023e+00,3.200461e-03,4.303819e-01,9.909395e-01,-3.980789e-03
1.524101e+00,-6.217696e-01,5.860904e-01,8.414487e-01,-2.526206e-01,4.762937e-01,-1.376915e+00,8.097710e-02,1.549756e-01,-1.945948e+00
-7.816205e-01,-3.594947e-01,-1.490520e+00,1.788080e-01,-3.098332e-01,1.296026e+00,3.589911e-01,3.565840e-01,7.516724e-01,-1.604026e-01
-3.616607e-03,-6.847973e-01,4.127671e-01,5.319203e-01,2.708459e-03,1.469844e+00,-1.687660e-03,-2.593490e-01,-8.466589e-01,-5.186145e-03
-1.613270e-01,-9.997705e-01,1.437633e+00,-8.231293e-01,-6.217095e-01,1.343333e+00,1.765518e-01,-4.779985e-01,-1.584045e+00,2.584541e-02
-8.122983e-01,4.625793e-01,7.059484e-01,7.071528e-01,1.154296e+00,-6.672723e-02,-1.468443e+00,8.563743e-01,3.345750e-01,1.041213e+00
