1.360465e+00,5.997138e-01,1.740197e-01,-1.366250e+00,-2.955722e-01,-2.127872e-01,9.876845e-02,7.394827e-01,1.603546e+00,1.781897e+00
1.525421e+00,6.015283e-01,-8.210938e-02,-8.151226e-01,1.087017e-01,8.457116e-03,-1.742969e+00,-1.097341e+00,2.676563e-01,4.901396e-01
1.600245e+00,5.222085e-01,-7.848083e-01,5.293050e-01,3.329355e-01,7.157840e-01,-1.272027e+00,-4.135400e-01,2.881095e-01,5.914174e-01
1.588467e-03,1.262246e+00,1.745692e+00,1.344686e+00,-4.918540e-04,-7.587449e-02,3.659344e-03,9.172351e-01,-1.598254e+00,8.421471e-05
4.799489e-03,1.370791e+00,1.045342e+00,-2.723258e-01,6.419923e-04,-1.188532e+00,-3.163715e-04,-6.623902e-02,-5.593404e-02,-4.024188e-04
-3.700343e-03,-1.258324e+00,8.600797e-01,3.498792e-01,-8.070750e-04,-2.158480e-01,5.711265e-03,-1.023546e+00,1.512714e+00,1.496065e-03
-1.965634e-03,8.154490e-01,2.349514e-01,-5.308514e-01,2.593574e-03,-2.602774e-01,-1.856762e-03,-1.636944e+00,-1.055224e-01,-2.679957e-03
-9.776379e-01,-6.428559e-01,1.024110e+00,-2.268388e-01,3.851343e-01,-3.296282e-01,-1.146676e-01,-4.412480e-02,1.925412e-01,1.903406e+00
1.038638e-03,1.218659e+00,5.754333e-02,-1.487489e+00,-7.831169e-04,-3.173606e-01,6.070744e-03,6.202624e-01,5.668132e-01,8.541635e-04
-1.148628e-04,-1.747065e+00,3.835743e-01,-7.182360e-02,-1.082035e-02,1.396307e-01,3.337470e-04,4.382855e-02,-1.649735e+00,-3.010906e-03
2.172889e-03,1.431685e-01,5.535630e-01,2.394210e-01,-8.977897e-04,1.245598e+00,-5.160595e-03,6.137816e-01,-8.571865e-01,1.695990e-03
-2.097937e-03,-9.375159e-03,2.985838e-01,4.088183e-01,-2.661042e-03,-7.064628e-01,7.115466e-03,-1.094845e+00,8.166392e-02,-9.647369e-04
3.375651e-03,-1.049028e+00,8.895347e-04,1.671753e-01,-1.262690e-03,1.912826e-01,7.383081e-03,8.865365e-01,1.204712e-02,2.024466e-03
1.184880e-03,-1.851387e+00,-1.074776e+00,-3.690672e-01,2.751294e-03,-1.666668e+00,-5.672881e-04,-4.719551e-01,-1.261120e+00,2.155226e-03
2.966714e-04,-2.551430e-01,2.752209e-01,1.236458e+00,-5.754869e-03,5.524152e-01,2.892392e-03,1.816853e+00,-4.515307e-01,4.103440e-03
1.525864e+00,1.412930e+00,9.239275e-01,-3.684799e-01,-2.397083e-01,-1.213830e+00,-1.379718e+00,-5.557063e-01,2.577502e-01,-1.948768e+00
-7.758906e-01,-1.338463e-01,-1.646591e+00,-9.258920e-01,-3.168043e-01,-8.878112e-01,3.487719e-01,-2.853912e-01,2.856110e-01,-1.624206e-01
9.632376e-04,-6.976748e-01,1.170348e+00,7.677890e-01,-6.522479e-03,-4.613948e-01,-8.108059e-03,3.882232e-02,-2.181712e-01,5.377262e-04
-1.563429e-01,1.350999e-01,-6.972686e-01,6.423482e-01,-6.250807e-01,2.514610e-01,1.760576e-01,1.156643e+00,4.077246e-01,1.836530e-02
-8.179119e-01,7.281566e-02,3.127871e-01,-6.980745e-01,1.164309e+00,2.725909e+00,-1.455149e+00,5.515254e-01,5.841099e-01,1.037379e+00
