1.366638e+00,9.448588e-01,-1.068455e+00,1.938850e-01,-2.933861e-01,-1.461512e+00,9.439572e-02,8.318901e-01,1.082650e+00,1.781792e+00
1.526536e+00,2.501736e-01,-9.067449e-01,-1.625857e+00,1.079719e-01,-2.990564e-01,-1.748267e+00,-1.703758e-01,-6.571544e-01,4.883242e-01
1.596624e+00,8.168577e-01,-1.993216e-01,-2.265602e-01,3.357475e-01,3.838994e-01,-1.260103e+00,1.486629e-01,-1.609570e+00,5.875615e-01
6.298178e-03,-1.367437e-01,-6.499390e-01,7.715919e-01,-2.953083e-03,7.792220e-01,-2.512087e-03,6.495311e-02,-1.225499e+00,-3.591085e-03
7.193371e-03,1.394799e+00,-1.411531e+00,2.534816e-01,2.029175e-03,-4.118896e-01,8.383780e-03,1.292158e+00,1.048935e+00,-3.289950e-03
4.490893e-03,-7.337325e-02,-2.833860e-01,1.038881e+00,-4.421671e-03,-6.059507e-01,-3.695969e-03,-8.355688e-01,-2.269139e-01,-9.011377e-04
-2.710484e-03,1.889920e-02,-5.288210e-01,4.913941e-01,1.853056e-03,9.958002e-02,-8.437906e-03,8.457480e-01,-2.586681e-01,-3.384459e-03
-9.772851e-01,-5.836387e-01,-9.000616e-01,9.540699e-01,3.907581e-01,1.569961e+00,-1.143307e-01,-3.392955e-01,1.180446e+00,1.903245e+00
4.716427e-03,6.753918e-01,-4.529988e-01,-2.369078e-01,-1.352001e-03,7.228638e-01,1.287181e-02,-1.505298e+00,-3.847790e-03,4.215829e-04
-3.471512e-03,-2.069589e-01,-8.207913e-01,5.997266e-01,5.604910e-04,6.258291e-01,1.054980e-02,-5.743065e-01,-6.708000e-01,-2.181190e-03
4.342453e-04,1.339582e+00,6.134299e-02,4.346583e-01,1.237095e-03,-2.693679e-01,-7.123214e-03,3.284006e-01,-1.336776e+00,4.771184e-04
4.427548e-03,-1.343773e-01,-2.655331e-01,5.785497e-01,-7.172568e-03,-3.567721e-02,3.436865e-03,-6.711923e-01,2.440565e-01,-5.001709e-03
1.634887e-03,1.148560e+00,-2.907019e-01,5.832072e-01,1.100855e-03,-2.119354e-01,5.731464e-05,-1.371612e+00,-7.606777e-01,2.373948e-03
6.868364e-03,-2.510924e-01,8.107321e-01,-4.431188e-01,4.504528e-04,-2.342966e-01,7.569900e-03,2.579313e+00,-8.872289e-01,5.461637e-04
3.800700e-03,8.066129e-01,1.095122e+00,-6.776516e-01,2.325642e-03,3.860151e-01,-6.369069e-04,-1.021987e-01,-6.327660e-01,-2.887121e-03
1.519830e+00,-4.626709e-01,-4.405793e-01,-1.044951e-01,-2.507809e-01,1.207287e+00,-1.396806e+00,6.041155e-01,-2.202322e-01,-1.946594e+00
-7.838425e-01,2.093540e-01,5.755618e-01,1.526754e-01,-3.084523e-01,1.009311e-01,3.602513e-01,-2.219327e-01,-1.156362e+00,-1.628186e-01
-2.674930e-03,-7.909414e-01,1.753073e-01,1.269285e+00,-2.671592e-03,1.617889e-01,-5.553683e-04,1.523958e+00,1.065539e-01,-1.092775e-03
-1.635335e-01,-2.456716e-01,-9.641729e-01,-1.429701e+00,-6.311469e-01,-1.012474e+00,1.724294e-01,5.404119e-01,-9.672292e-01,2.655990e-02
-8.198546e-01,-2.715143e-01,1.382534e+00,-4.059820e-01,1.157747e+00,-5.000399e-01,-1.458417e+00,5.046387e-01,4.764094e-02,1.040888e+00
