1.357442e+00,1.591845e+00,3.403214e-01,-1.073690e+00,-2.865416e-01,-2.483340e-01,9.621637e-02,1.473069e+00,-5.178607e-01,1.779166e+00
1.522023e+00,-4.413345e-01,-4.240525e-01,-3.929281e-01,1.097561e-01,-7.823790e-01,-1.750523e+00,-3.269445e-01,-1.160017e-01,4.873361e-01
1.603872e+00,5.025145e-01,1.260483e+00,1.604583e+00,3.244285e-01,9.996936e-01,-1.262656e+00,-5.898907e-01,-9.250262e-01,5.881359e-01
2.122682e-04,-4.609582e-01,-1.107890e+00,1.066366e+00,-2.567395e-03,-1.511308e+00,5.324290e-03,1.203740e+00,1.615502e+00,1.748380e-03
3.765755e-04,1.031114e+00,6.600966e-02,4.153439e-01,-5.241207e-03,1.376522e-01,8.600887e-03,-8.145937e-01,3.091127e-01,-4.089814e-04
4.330066e-03,-9.041274e-01,-4.764231e-02,1.140060e+00,-6.705683e-04,1.630772e+00,-5.337970e-03,-1.624754e+00,4.005694e-01,2.872490e-03
-4.450006e-03,-7.652594e-02,3.791847e-01,-9.353593e-01,-5.372882e-03,-1.048510e+00,2.434801e-03,1.047804e+00,3.809531e-01,3.620002e-05
-9.724972e-01,7.502756e-01,1.323167e+00,-7.805918e-02,3.900674e-01,-7.684587e-01,-1.049490e-01,9.066746e-01,1.032340e+00,1.902474e+00
-3.575676e-03,-6.050780e-01,2.644497e-01,-1.146563e-01,8.700148e-04,-6.452233e-01,-6.372632e-03,9.473241e-02,4.895702e-01,2.708371e-03
-6.517177e-04,-2.024149e-02,-2.271029e-01,1.563943e+00,3.803623e-04,-4.008216e-01,1.638902e-04,1.382761e-01,1.293892e-01,-3.705596e-04
-1.388451e-03,-4.692859e-01,-1.129768e-01,-9.762250e-01,2.609945e-03,-8.742183e-01,4.880051e-03,1.276092e+00,2.571186e-02,1.611695e-03
-3.020242e-03,1.069032e+00,-1.177262e+00,8.825406e-01,-4.729694e-04,1.512343e+00,-6.220746e-03,-6.570540e-02,-1.339383e-01,-3.395856e-03
5.597013e-04,-5.588088e-01,5.662072e-01,-7.695297e-01,4.101157e-03,-9.493012e-01,1.820139e-02,5.329841e-01,-7.700382e-01,2.449741e-03
-2.414690e-04,1.609183e+00,-5.746250e-02,1.803774e+00,-1.340602e-03,-3.192992e-01,-3.734643e-03,-1.277425e+00,1.970151e+00,3.846086e-03
5.826006e-04,-9.745842e-01,-9.613236e-01,4.838251e-01,4.230850e-03,3.057327e-01,-1.486487e-03,5.848351e-02,6.696973e-01,-1.578422e-03
1.523634e+00,9.333496e-01,-4.925527e-01,-1.001035e+00,-2.372145e-01,-9.430973e-01,-1.381953e+00,4.406878e-01,4.774259e-01,-1.945474e+00
-7.743197e-01,-3.364709e-01,5.702842e-01,-4.531317e-01,-3.107897e-01,-1.367356e+00,3.525906e-01,9.303283e-01,2.925031e-01,-1.613291e-01
1.169974e-03,-1.034459e+00,4.073602e-01,7.125543e-01,-2.262550e-03,-1.677474e-01,2.418287e-03,-2.483861e-01,1.046800e+00,-2.400220e-03
-1.587335e-01,3.949420e-01,-5.737511e-01,-1.557986e+00,-6.190347e-01,5.622888e-01,1.826850e-01,3.928216e-01,5.774156e-01,2.133566e-02
-8.177426e-01,-1.284856e+00,6.159777e-01,5.277437e-01,1.146976e+00,3.522757e-01,-1.468340e+00,7.242954e-01,-1.187811e+00,1.038804e+00
