1.365961e+00,6.167900e-01,1.375042e+00,9.748634e-01,-2.783242e-01,7.619117e-01,8.558425e-02,9.873564e-01,-1.995566e-01,1.777926e+00
1.526198e+00,-2.329901e-01,5.383597e-01,-7.268481e-01,1.076227e-01,1.053103e-01,-1.725348e+00,1.313706e+00,4.218620e-01,4.789500e-01
1.597682e+00,-1.637525e-01,5.522722e-01,1.020855e+00,3.357687e-01,3.499216e-01,-1.272921e+00,-2.011465e-01,8.314107e-01,5.915538e-01
-3.353363e-03,-3.532373e-01,2.444672e-01,-4.643176e-01,-2.992249e-04,-2.806647e-01,4.229829e-03,-5.553148e-01,-6.505371e-01,1.021535e-04
6.843223e-03,2.008043e-01,9.836341e-02,4.043008e-02,4.758645e-04,2.501069e-01,7.169508e-03,1.991931e-01,-5.285130e-01,-1.280193e-03
2.442535e-03,1.277757e+00,1.545255e-02,2.387410e-01,-1.071135e-03,8.436608e-01,3.725765e-03,-1.453331e+00,-1.694340e-01,1.141403e-03
-1.001089e-03,3.260264e-01,7.275532e-01,1.197450e+00,2.190548e-03,1.943164e+00,6.543155e-03,3.017074e-01,-6.991205e-01,-1.240919e-03
-9.746034e-01,-1.619905e+00,6.260529e-01,-6.476234e-01,3.881640e-01,-6.074377e-02,-1.254017e-01,-7.571349e-01,6.495584e-01,1.904616e+00
-3.417970e-03,5.550291e-01,2.612799e-01,3.031216e-01,3.318806e-03,5.803610e-01,-1.249850e-02,-3.606097e-01,2.377687e-01,1.871348e-03
-4.799412e-04,1.109883e-01,2.271536e-01,3.254380e-01,2.281507e-03,8.751722e-01,-7.439571e-03,1.049743e+00,-9.492916e-01,-4.318524e-03
-4.666117e-03,-7.416327e-01,6.523036e-01,-5.679482e-04,1.917857e-03,-1.649159e-01,3.571246e-03,1.088773e-01,-2.533358e-01,3.623864e-04
5.497703e-03,2.325894e+00,4.688180e-01,-5.783499e-01,-1.493206e-03,5.284230e-01,3.698954e-03,9.675439e-01,-8.120002e-01,-4.885304e-03
4.447226e-03,-5.870953e-01,-5.876527e-01,-6.689267e-02,-1.248200e-03,8.817354e-01,-6.256680e-03,9.017292e-01,6.643596e-03,6.821546e-03
2.522673e-03,-5.097389e-01,-7.661660e-01,3.998747e-01,9.222149e-04,-4.490870e-01,-1.773166e-03,-7.343633e-01,1.358993e+00,9.750665e-04
3.171177e-03,1.915738e-01,-1.109788e+00,-8.349094e-01,-8.388586e-04,3.923746e-01,-1.264900e-02,-2.450418e-01,1.151649e+00,5.151627e-04
1.517388e+00,-1.616753e-01,7.279365e-01,2.000948e-01,-2.497535e-01,-7.252541e-01,-1.381678e+00,1.786327e+00,-4.220331e-01,-1.945384e+00
-7.788409e-01,9.084239e-02,-1.692030e+00,-1.198081e+00,-3.147480e-01,-5.701122e-01,3.507745e-01,8.729190e-01,-7.233039e-01,-1.579573e-01
-5.966998e-03,5.258724e-02,-9.066649e-02,-4.524302e-01,1.767996e-03,-1.264991e+00,-2.684879e-03,1.676352e+00,-6.788479e-02,1.825599e-03
-1.572273e-01,1.171124e+00,1.015566e+00,-1.810191e-03,-6.189456e-01,7.875186e-01,1.744888e-01,5.021594e-01,1.066796e-01,2.433106e-02
-8.212174e-01,-1.199669e+00,8.474985e-01,1.636357e+00,1.157809e+00,-1.306644e+00,-1.461372e+00,6.428301e-01,-3.006181e-02,1.040829e+00
