1.360780e+00,-4.593483e-01,-2.089804e-01,5.572323e-02,-2.842333e-01,4.073179e-01,9.568682e-02,-7.090438e-01,5.856972e-01,1.781147e+00
1.522401e+00,-1.038801e+00,-1.321769e+00,-2.093400e-01,1.144075e-01,-6.052546e-01,-1.735319e+00,-7.292125e-01,-1.135428e+00,4.877516e-01
1.601073e+00,-7.514803e-01,-2.992024e-01,4.050227e-01,3.276483e-01,-4.422658e-01,-1.267818e+00,-8.806357e-01,4.853365e-01,5.909885e-01
6.269477e-04,-1.854129e+00,-5.593611e-02,-1.786957e+00,-6.944552e-03,3.836162e-01,5.419761e-03,2.590832e-01,2.049109e-01,1.189777e-03
3.236613e-03,1.628729e+00,3.181042e-01,-3.380108e-01,-2.368086e-03,7.914431e-02,8.896005e-03,-2.328029e-01,-1.983303e-01,2.234804e-03
-4.112621e-05,-1.017462e+00,-3.005716e-01,-7.040490e-01,-4.942364e-04,3.822318e-01,-3.418946e-03,9.830951e-01,-1.264670e+00,-3.081770e-03
3.836238e-03,8.813720e-02,-2.383100e-02,5.218063e-01,3.755420e-03,-7.292511e-02,3.744619e-03,-1.434701e+00,9.900771e-01,1.626973e-03
-9.742847e-01,1.383498e+00,-1.461437e-01,-4.335319e-01,3.813221e-01,1.089761e+00,-1.143072e-01,-2.543068e-01,7.525328e-01,1.904897e+00
3.183536e-04,1.048921e+00,-1.714132e-01,1.113469e+00,-5.149927e-03,-3.800233e-01,5.705246e-03,-1.681465e-01,-5.985368e-01,4.832966e-04
-7.177477e-03,2.685057e-01,-1.049772e+00,7.393792e-01,-1.255964e-02,-1.305446e-01,-9.100687e-03,5.300590e-01,5.064916e-01,3.040773e-03
3.021529e-03,1.133642e+00,-5.952186e-01,5.469568e-01,-3.284388e-03,-2.147482e-01,1.635247e-03,7.143000e-01,-7.484693e-02,2.161582e-03
-3.450212e-04,1.630567e-01,8.718980e-02,3.889373e-01,-9.158116e-03,-1.361606e+00,4.520805e-03,-4.378604e-01,2.847070e-01,-4.313045e-03
3.657432e-03,1.313476e+00,-2.417445e-01,-1.567320e+00,-2.249678e-03,-4.622189e-01,3.471673e-03,-4.819434e-01,-7.873697e-01,2.003141e-03
5.326792e-03,6.829303e-02,-2.291689e-03,4.523283e-01,-6.196143e-03,-4.226269e-01,1.175289e-02,-9.774688e-01,3.478995e-01,-1.699443e-03
-3.768238e-03,-2.514063e-01,-4.528554e-01,3.329993e-01,3.922088e-04,-4.777672e-02,3.902940e-03,2.220790e-01,-8.742762e-01,-1.093279e-03
1.528997e+00,7.073530e-01,1.094900e+00,5.414543e-01,-2.511629e-01,5.567259e-01,-1.386983e+00,-1.830609e+00,-1.929470e+00,-1.943384e+00
-7.765906e-01,-7.293224e-01,8.717460e-01,-2.397121e+00,-3.032163e-01,3.439966e-01,3.562925e-01,1.062336e+00,-8.026817e-02,-1.586831e-01
-3.313396e-03,-9.365666e-01,-3.538922e-01,3.509612e-02,-1.005621e-02,-2.036831e-01,-1.388472e-02,5.483042e-01,-5.492342e-01,6.717798e-04
-1.564557e-01,7.932338e-01,-1.209361e+00,1.557709e+00,-6.257032e-01,9.056019e-01,1.834051e-01,3.127285e-01,4.234281e-02,2.489330e-02
-8.243094e-01,1.830967e-01,-2.368287e-01,-7.775827e-01,1.155679e+00,2.140897e-01,-1.474778e+00,-2.070559e-01,-6.824791e-01,1.038418e+00
