1.358826e+00,-3.237132e-01,-2.487396e-01,2.049897e+00,-2.811576e-01,-2.839877e-01,9.729316e-02,6.892535e-01,2.909789e-01,1.780046e+00
1.525460e+00,-5.917892e-01,1.653969e+00,2.141629e-01,1.150251e-01,1.324582e+00,-1.752804e+00,1.818667e+00,6.101691e-01,4.854627e-01
1.600602e+00,-4.196338e-01,-8.255135e-02,6.338004e-01,3.221361e-01,-3.834631e-02,-1.282068e+00,-3.437681e-01,7.026007e-01,5.887102e-01
-8.451870e-04,-8.348106e-02,4.673191e-01,-7.562069e-01,-9.894186e-04,-1.107705e+00,-1.087763e-02,4.781213e-01,9.620897e-01,5.615511e-04
-2.046323e-03,4.997098e-01,-1.072152e-01,-1.504704e+00,2.150811e-03,-1.481753e+00,6.145471e-04,5.645089e-01,3.470926e-01,2.831531e-03
-4.749326e-03,3.108857e-01,-1.084714e+00,6.956905e-01,-3.921597e-03,2.757879e-02,-4.116465e-03,-3.194217e-01,-8.689035e-01,-2.970551e-04
-3.605675e-03,1.598565e+00,-2.418885e-01,-9.594210e-01,-8.171039e-03,-4.328699e-01,-1.286870e-02,1.336655e+00,-4.021990e-01,7.364226e-04
-9.710132e-01,1.004826e+00,-5.715352e-01,-1.291801e-01,3.807560e-01,-9.785907e-01,-1.195944e-01,3.187014e-01,2.024523e-01,1.901255e+00
-5.596344e-03,4.666778e-01,2.052105e-01,1.410047e+00,2.760653e-03,-1.050439e-01,6.872473e-04,-6.788045e-01,-4.455048e-01,-3.982718e-04
3.389988e-03,6.031978e-02,7.612318e-01,-6.696553e-01,1.796904e-03,-4.238468e-01,4.673603e-03,4.939967e-02,-1.497027e-01,2.497574e-03
5.272641e-03,6.574725e-01,-4.505522e-01,1.047679e+00,-1.797979e-03,1.687949e+00,-7.513893e-04,4.430052e-01,-6.792111e-01,5.338341e-03
-7.585890e-04,6.351292e-01,1.295451e+00,1.519998e+00,-7.528530e-03,3.129812e-01,-4.629024e-03,-5.189933e-01,-9.539058e-01,9.758428e-04
4.687072e-03,-5.043510e-02,1.643262e+00,-1.074433e+00,-2.551447e-05,-1.698424e+00,4.529836e-03,1.230548e+00,1.022701e+00,1.311503e-03
3.165244e-03,4.749897e-01,1.703495e+00,-1.414758e+00,-3.895281e-03,5.124236e-01,3.833798e-03,-7.731730e-01,5.972466e-01,5.035457e-03
-4.316983e-03,6.417960e-01,5.981298e-01,-6.707633e-02,-4.819638e-03,-7.253675e-01,1.173011e-03,3.540919e-01,-4.471569e-02,-9.387904e-04
1.524563e+00,1.699102e-01,-2.799069e-01,-1.188756e+00,-2.514008e-01,2.383446e+00,-1.377293e+00,7.911560e-01,-4.924978e-01,-1.946926e+00
-7.767602e-01,8.826790e-01,9.637499e-01,6.222682e-02,-3.050373e-01,-1.081998e-01,3.622750e-01,5.915687e-01,-2.316260e+00,-1.611470e-01
3.598456e-03,1.193948e-01,-4.331415e-01,-1.094210e+00,-1.343898e-03,7.000838e-01,5.340151e-03,-1.218789e+00,8.873765e-01,-5.616970e-04
-1.641729e-01,-8.498329e-01,-6.129944e-01,2.476112e-01,-6.259933e-01,-4.572845e-01,1.616430e-01,4.603450e-01,-1.025348e-01,2.878483e-02
-8.169577e-01,-6.666374e-01,-4.136107e-01,1.171737e+00,1.162685e+00,1.888665e-01,-1.456386e+00,-6.956646e-01,-8.178578e-01,1.039599e+00
