1.369742e+00,5.088585e-01,-5.766022e-01,-8.224198e-01,-2.821207e-01,-1.062262e+00,9.108548e-02,-2.531309e-01,-9.841064e-02,1.778526e+00
1.527854e+00,1.649946e-01,-1.102178e+00,-1.559829e-01,1.082012e-01,-1.616831e+00,-1.747414e+00,8.362454e-01,-1.428006e+00,4.900585e-01
1.598759e+00,4.338200e-01,1.432836e+00,-2.463828e-01,3.363273e-01,1.360649e+00,-1.263209e+00,-1.358247e+00,1.042012e+00,5.867235e-01
2.397562e-03,4.390774e-02,-4.233096e-01,6.883491e-01,1.477444e-02,7.100850e-01,2.837046e-03,4.762483e-01,-8.961647e-01,3.273010e-03
7.874948e-03,1.225874e-01,9.790422e-01,8.518476e-01,-1.404779e-03,-2.832093e-01,1.416696e-02,-2.261697e+00,1.566706e+00,-4.308720e-04
-1.629677e-03,8.267394e-01,-1.484380e+00,2.608128e-01,-2.066250e-03,7.469616e-01,1.738001e-03,2.955568e-01,-4.175930e-01,2.393686e-03
-5.176298e-04,-7.501076e-01,-1.295050e+00,2.169884e-01,8.777720e-04,1.296582e+00,4.290565e-03,1.289856e+00,-8.401512e-02,-2.517848e-03
-9.763130e-01,3.208298e-01,-1.992367e-01,-3.837309e-01,3.898714e-01,1.850245e-01,-1.194316e-01,3.494619e-01,2.272451e+00,1.901807e+00
-3.733062e-03,3.958156e-02,-1.587871e-01,4.249919e-01,-6.872430e-03,2.869898e-01,1.002842e-02,3.033874e-01,5.189054e-01,3.547838e-03
-3.453483e-03,-6.079483e-01,1.016929e+00,4.312193e-01,1.262288e-03,1.380533e+00,-1.029027e-02,6.112787e-01,6.171206e-02,-3.632092e-03
2.332004e-03,1.000375e-01,1.093332e+00,1.642472e+00,3.658830e-03,1.788439e-01,3.948693e-03,-9.296449e-01,3.237107e-01,4.220451e-03
-2.134224e-03,1.179433e+00,-7.580577e-01,1.031311e+00,-1.572504e-03,-9.732637e-01,-2.393193e-03,9.284555e-01,1.029759e+00,-3.442136e-03
1.049795e-03,8.882663e-01,3.211712e-01,1.064363e+00,-1.510797e-03,1.062242e-01,-5.033593e-03,-1.402446e+00,-2.889714e-01,3.161382e-03
8.336082e-03,-2.426964e-01,-5.946904e-01,5.708045e-01,3.753414e-03,6.298035e-01,-6.094416e-03,-3.726191e-01,1.288406e+00,5.492767e-03
-2.473865e-03,-2.950917e-01,1.529735e+00,3.111909e-01,2.139462e-03,-8.027344e-01,-2.136473e-03,-1.654321e-01,2.103616e-02,-2.911698e-03
1.524490e+00,2.032745e+00,-5.598140e-02,-7.510764e-01,-2.499012e-01,4.092903e-01,-1.382383e+00,-1.336008e+00,-1.850000e-02,-1.948144e+00
-7.733697e-01,-1.747941e+00,-3.368856e-01,-3.972900e-01,-3.070409e-01,-5.419481e-01,3.473056e-01,3.847861e-02,5.688767e-02,-1.615775e-01
-2.897045e-03,1.082494e+00,-1.164523e-01,-1.299453e-01,4.193019e-03,6.052942e-01,-1.217797e-02,5.099870e-01,8.376788e-02,3.838139e-03
-1.536351e-01,-1.108997e+00,-1.034176e+00,1.006845e+00,-6.286852e-01,-1.576490e-01,1.807396e-01,-6.491022e-01,9.192181e-01,2.462797e-02
-8.150226e-01,-5.767606e-01,6.469779e-01,-6.881936e-01,1.152703e+00,4.328672e-01,-1.470661e+00,2.756498e-01,6.044015e-01,1.041433e+00
