1.371149e+00,9.165302e-02,8.631994e-01,-7.010428e-01,-2.720458e-01,-1.426715e-01,8.611973e-02,3.519041e-01,-2.786696e-01,1.776208e+00
1.528310e+00,-5.732779e-01,9.420053e-01,-1.425366e+00,1.103304e-01,5.597370e-01,-1.726719e+00,2.443742e-01,-1.729850e+00,4.871042e-01
1.591134e+00,1.142981e+00,5.328191e-01,1.327316e+00,3.376012e-01,4.193616e-01,-1.251410e+00,1.261293e-01,5.401679e-01,5.897476e-01
-1.213722e-03,-9.798524e-01,6.392355e-02,8.575185e-01,-3.047837e-03,-1.979993e-01,1.020651e-02,-1.445545e+00,-1.296617e-01,2.999926e-03
4.262923e-03,-1.063443e+00,-1.073133e+00,-7.770207e-01,-1.609508e-03,3.017836e-01,1.026441e-04,-4.818245e-01,1.406335e+00,-3.897206e-03
1.977962e-03,-3.832301e-01,-1.945924e-01,3.026998e-01,8.272247e-04,-1.375084e+00,-4.666397e-03,1.173144e+00,4.535011e-01,-1.586337e-03
-6.439042e-04,7.351048e-01,-1.593309e+00,8.488993e-01,-7.406383e-03,-1.344294e+00,4.671746e-03,8.620172e-01,2.308660e-01,-1.349556e-03
-9.737142e-01,-1.010911e+00,-1.132490e+00,-7.296020e-01,3.885510e-01,-1.771262e+00,-1.151753e-01,3.704667e-01,3.052658e-03,1.904905e+00
-3.068503e-03,7.117951e-01,1.176369e+00,-1.848825e+00,6.709256e-03,-9.220203e-01,-9.372901e-03,1.316509e+00,5.972994e-01,-2.643541e-03
1.231693e-03,-9.350335e-02,-4.390444e-01,-6.297006e-01,8.579835e-04,3.143415e-01,-1.205296e-03,1.492473e+00,8.191654e-01,-3.716092e-03
3.621288e-03,-3.238262e-02,4.392207e-01,-8.718470e-01,-1.490547e-03,-1.533451e+00,-5.623133e-03,-2.677395e-02,-8.688421e-01,-9.472997e-04
-1.892935e-03,1.531294e+00,-2.942349e-01,-6.092651e-01,-1.231155e-03,-2.805832e-01,1.239399e-02,-3.736401e-01,-3.868724e-02,-3.874225e-03
5.055090e-04,1.773930e+00,7.764660e-01,-9.001517e-02,-6.858204e-03,-9.800372e-01,1.158668e-02,-8.806618e-01,-1.348053e+00,1.975277e-03
2.437153e-03,2.574819e-01,9.131273e-01,1.696179e+00,-2.331912e-03,-2.336181e-01,2.542166e-04,-4.181190e-01,6.962788e-01,5.961426e-04
-1.665075e-03,2.932554e-01,-1.500930e+00,7.902479e-02,-2.405713e-03,-1.576832e-01,-1.933989e-03,-1.258971e+00,4.457189e-02,-1.459964e-03
1.520978e+00,4.757778e-01,-1.389223e+00,2.173465e-01,-2.392220e-01,9.821405e-01,-1.386178e+00,7.777349e-01,-3.789043e-01,-1.946664e+00
-7.761784e-01,2.203700e-01,8.168471e-01,3.381945e-01,-3.184653e-01,1.542752e+00,3.503048e-01,-5.119082e-01,1.087023e-01,-1.646763e-01
3.066268e-05,5.535594e-01,8.486368e-01,1.352891e-01,-6.284636e-03,-8.120768e-01,-1.159754e-03,6.517884e-01,-8.815221e-01,-4.194224e-03
-1.578109e-01,5.212123e-01,1.268397e-01,-7.909030e-01,-6.180401e-01,1.838271e+00,1.832567e-01,-6.102796e-01,-2.783268e-01,1.990345e-02
-8.153698e-01,-6.301047e-01,1.775248e+00,3.884021e-01,1.145720e+00,-5.818675e-01,-1.468104e+00,-1.440406e+00,-3.045212e-01,1.042069e+00
