1.366284e+00,1.672089e-01,6.092857e-01,9.102894e-01,-2.942099e-01,-8.625586e-01,9.736055e-02,3.204799e-01,3.115250e-01,1.777580e+00
1.524848e+00,-9.171237e-02,-7.851134e-01,5.226492e-01,1.143055e-01,-1.258714e+00,-1.743355e+00,9.749727e-01,-3.591458e-01,4.870221e-01
1.601470e+00,1.029304e+00,6.643188e-01,3.359520e-01,3.308827e-01,1.296721e+00,-1.266335e+00,5.416631e-01,-4.367836e-01,5.900271e-01
9.128606e-05,-9.540185e-01,-3.966458e-01,1.614797e-01,-1.558813e-03,1.144964e+00,3.961373e-03,3.980879e-03,-2.224985e+00,6.656025e-04
3.981112e-03,-6.384295e-01,5.783484e-01,5.520294e-01,-2.212621e-03,-9.500277e-01,7.358810e-03,-3.059235e-01,7.405176e-01,-4.044137e-03
-4.018283e-04,1.092062e+00,9.840348e-01,-1.015750e+00,-7.709852e-03,1.465654e+00,-7.914562e-03,-8.598295e-01,-1.291369e+00,6.161415e-04
-7.873342e-04,8.964553e-02,-5.476400e-01,-1.355008e+00,2.520802e-03,-3.310214e-01,-6.448169e-03,4.641093e-01,-9.404587e-01,2.380109e-03
-9.717501e-01,1.868252e-01,-3.730073e-01,5.714725e-01,3.896507e-01,-9.937332e-01,-1.220055e-01,-4.452094e-01,1.043842e+00,1.904951e+00
-2.284117e-03,5.883260e-01,-1.701987e+00,-5.981447e-01,-6.702151e-03,1.346893e-01,2.738755e-03,-8.115810e-01,4.517000e-01,-1.392202e-03
2.259148e-03,9.359667e-01,-3.197797e-01,8.349380e-01,-5.364357e-03,-7.421317e-01,6.284403e-03,-7.766952e-01,6.897466e-01,-1.147097e-03
1.679277e-03,6.412861e-01,1.029760e+00,2.794320e-01,4.326761e-03,1.795721e+00,1.194904e-02,-2.651069e-01,-6.161572e-01,5.918220e-04
-7.068768e-03,5.752930e-01,-4.235539e-01,5.582709e-01,-5.196397e-03,4.835512e-01,-1.545150e-03,4.966920e-02,2.975745e-01,-7.865399e-04
-1.783640e-03,-1.804856e-01,-9.331206e-01,-9.722048e-01,4.266471e-03,-1.005252e-01,-6.142127e-03,8.512312e-01,7.907800e-01,3.206417e-03
3.795004e-03,2.489409e-01,4.298814e-01,-2.386563e-01,3.005908e-03,8.229154e-01,-1.038443e-03,-6.471162e-01,8.077798e-01,1.472692e-03
-2.144007e-04,-1.219763e-02,5.629183e-01,2.132496e-01,-6.628925e-03,-1.037583e-02,7.054004e-03,1.290535e+00,-8.870877e-01,-9.199922e-04
1.522039e+00,-3.035652e-01,-6.735393e-01,1.792542e-01,-2.467085e-01,1.122288e-01,-1.388451e+00,-5.849693e-01,1.874714e+00,-1.951513e+00
-7.854901e-01,5.402322e-01,1.053591e+00,2.624698e-01,-3.160707e-01,8.225656e-01,3.517392e-01,-2.767805e-01,-6.932171e-01,-1.631434e-01
-4.036476e-03,-2.997868e-01,1.985403e-01,-1.029526e+00,-5.313243e-04,-1.665166e+00,-9.242562e-03,9.157647e-01,-3.860330e-02,4.366748e-04
-1.572342e-01,-5.532747e-01,4.498725e-01,-1.576832e-01,-6.255110e-01,8.766905e-01,1.621601e-01,1.015622e+00,1.496903e-01,2.339913e-02
-8.166693e-01,1.051327e-01,-6.464124e-01,3.372014e-01,1.165823e+00,1.172543e+00,-1.460999e+00,5.424567e-01,-4.870806e-01,1.038237e+00
