1.360317e+00,7.764486e-02,1.025855e+00,-9.064510e-03,-2.873469e-01,-3.628869e-02,8.944689e-02,-2.040608e-01,-3.093907e-01,1.778598e+00
1.522449e+00,-1.399167e-02,-1.458664e+00,6.321776e-01,1.147454e-01,1.586085e-01,-1.740282e+00,-3.228544e-01,-5.607424e-01,4.859788e-01
1.600941e+00,-4.260124e-01,1.550830e+00,9.526219e-01,3.240323e-01,4.751279e-01,-1.264003e+00,-7.651185e-02,7.368134e-01,5.907372e-01
-3.833842e-03,1.613051e+00,1.949322e+00,-3.727289e-01,3.016805e-03,-3.142779e-01,2.087584e-03,-1.668273e-01,1.237670e+00,-2.076447e-03
1.926793e-03,-1.691815e-01,1.380473e-01,-1.042708e+00,-8.939245e-06,9.865605e-02,-2.245897e-03,3.776499e-01,3.747531e-01,-4.470507e-04
1.759953e-03,1.199035e+00,-9.577339e-01,-2.231773e+00,-2.254919e-03,9.829817e-01,1.779428e-03,1.038258e+00,1.023268e+00,-1.032106e-03
-1.052706e-03,4.740419e-01,2.674171e-01,-1.867620e-01,-1.926227e-03,-1.121583e+00,1.080617e-02,3.868330e-02,-7.243634e-01,-1.099862e-03
-9.764979e-01,-5.034360e-01,5.127016e-01,1.358592e-02,3.853088e-01,-1.165999e+00,-1.279986e-01,-6.458681e-01,1.491567e+00,1.901080e+00
3.886048e-03,1.738395e-01,-2.050793e-01,-4.756325e-01,3.806238e-03,5.620797e-01,5.160420e-03,4.768531e-01,7.469170e-01,-2.399299e-04
-4.400391e-03,1.041541e+00,1.717987e-01,-9.139523e-01,-8.128479e-04,3.478988e-01,-4.433135e-04,8.306238e-01,1.265275e+00,-1.388184e-03
3.088897e-03,-1.119235e-02,1.239406e+00,-6.882467e-02,-4.313451e-03,-9.264205e-02,-2.023328e-04,-1.966631e-01,2.541657e-01,1.598954e-03
-7.478117e-03,-9.397766e-01,-7.086236e-01,-1.788309e+00,5.787665e-03,-1.121651e-01,5.495754e-03,-3.229575e-01,7.561293e-01,-3.800350e-03
1.571017e-03,-1.414785e-01,9.094720e-01,-5.915060e-01,3.619383e-03,2.189262e-01,2.934333e-03,-5.448291e-01,-9.189720e-01,2.980389e-03
1.430071e-03,-4.028293e-01,1.968784e+00,8.720751e-03,-5.374837e-03,4.092120e-01,1.200367e-03,-1.531991e-01,-3.069903e-01,2.462056e-03
-4.401555e-03,-7.393033e-01,-9.367603e-01,-3.317602e-01,-3.443199e-03,-3.912300e-01,-1.305078e-02,1.281394e+00,6.255857e-01,4.036918e-04
1.525228e+00,-3.083825e-01,-9.791597e-01,-8.737615e-01,-2.473910e-01,-9.616050e-01,-1.382264e+00,1.721448e-01,3.772579e-01,-1.949088e+00
-7.816060e-01,-1.947934e-01,7.895927e-01,-7.131841e-02,-3.081614e-01,-5.080576e-01,3.528355e-01,-4.885911e-01,-4.152975e-01,-1.612818e-01
9.015978e-04,3.835554e-01,1.639601e+00,3.576242e-01,-3.184175e-04,7.079222e-01,4.916688e-03,-3.122746e-01,5.964899e-01,3.655504e-03
-1.562044e-01,-9.551034e-01,3.078482e-01,-1.667081e-01,-6.246865e-01,-2.057079e-01,1.722366e-01,-1.405690e-01,2.135378e-01,2.566172e-02
-8.178022e-01,-3.236616e-01,7.288636e-01,1.871289e-01,1.159889e+00,-2.491137e-01,-1.489160e+00,3.318698e-01,-7.823700e-02,1.035967e+00
