1.363474e+00,-1.407543e+00,1.241472e-01,9.700829e-01,-2.852317e-01,-6.610385e-01,9.583218e-02,1.573731e-01,3.519433e-01,1.778425e+00
1.529567e+00,-1.129722e+00,-2.043291e-02,6.395289e-01,1.124351e-01,5.363354e-01,-1.750258e+00,-4.685074e-01,-2.430484e-01,4.834384e-01
1.600879e+00,-1.292026e-01,7.403163e-01,-1.016701e+00,3.227421e-01,-4.159220e-01,-1.269858e+00,5.327428e-01,-3.504986e-01,5.900613e-01
-1.483489e-03,-6.823172e-01,1.429706e+00,7.134139e-01,-4.331082e-03,-2.547975e+00,1.030524e-02,-8.207015e-01,7.193763e-01,4.813328e-03
4.232244e-03,7.700085e-01,-2.715421e-01,1.704139e-01,2.903820e-05,3.416856e-01,2.553638e-03,-2.643247e-01,-2.556782e-01,-2.103655e-03
2.174596e-03,-5.406162e-01,1.388264e+00,-4.697347e-01,1.486776e-03,-6.764694e-01,-6.989015e-03,3.646401e-02,-3.646132e-01,4.376080e-03
-3.298248e-03,-5.384642e-01,1.169522e+00,-1.031823e+00,-5.388774e-04,-8.931300e-01,3.439220e-03,-4.098432e-01,4.805074e-01,1.530593e-03
-9.714672e-01,-2.842721e-02,1.555465e+00,6.829081e-01,3.855109e-01,-1.952514e+00,-1.237248e-01,-1.262455e+00,1.817744e+00,1.902180e+00
-3.015475e-03,3.416003e-01,-1.271225e+00,-1.200773e+00,1.827493e-03,-1.155061e+00,7.311597e-03,-5.925914e-01,5.027844e-01,3.513342e-03
-5.043950e-03,-1.906882e-01,9.350818e-01,4.989868e-01,-7.163720e-03,7.896325e-01,6.894981e-03,-1.511574e+00,-3.230274e-02,-8.418952e-04
3.362084e-03,4.972257e-01,1.190176e+00,-6.891980e-01,4.788682e-04,4.582163e-01,5.570140e-03,1.029261e-01,-2.426373e-01,-8.313623e-04
-1.346318e-03,9.580522e-01,3.351479e-01,-8.080379e-01,-4.959222e-03,8.299793e-01,1.904393e-02,-1.378586e-01,-1.594631e+00,-2.157574e-03
5.679901e-03,-3.865482e-01,6.555195e-01,-1.267054e+00,6.009710e-03,2.839074e-01,-1.564823e-04,-5.948717e-01,4.822675e-01,1.682463e-03
1.132938e-03,-6.374513e-01,4.919629e-01,-5.803347e-01,-1.667589e-02,2.779394e-01,-3.152910e-03,-1.071346e+00,2.646971e-01,-4.190500e-04
-5.749224e-03,1.417181e+00,5.806513e-01,1.565105e+00,-1.060210e-03,-4.431986e-01,1.604936e-03,-1.466176e-01,-2.130908e-02,-4.030164e-03
1.523886e+00,2.539295e-01,7.367769e-01,-3.073577e-01,-2.488997e-01,1.935748e-01,-1.387134e+00,-6.053949e-01,-2.581512e-01,-1.944093e+00
-7.791921e-01,3.245068e-01,7.060200e-01,-1.823536e-01,-3.083993e-01,-4.092042e-01,3.550191e-01,-2.437090e-01,-3.305344e-01,-1.620778e-01
-5.073275e-03,1.174616e+00,-6.626553e-01,1.219009e+00,-7.245439e-03,6.217006e-02,1.165317e-03,-1.482664e-02,-2.898981e-01,2.088016e-03
-1.553315e-01,-1.064831e+00,-5.579681e-01,1.678460e-01,-6.260365e-01,1.312643e+00,1.781092e-01,-1.154785e-01,7.457872e-01,2.682308e-02
-8.214630e-01,2.499033e+00,1.990489e-01,8.868526e-02,1.151474e+00,6.869920e-01,-1.458607e+00,2.827868e-01,-5.843411e-01,1.038378e+00
