1.370884e+00,-1.766262e-01,-8.288711e-01,-7.927044e-01,-2.783807e-01,-1.496208e+00,9.444340e-02,7.629608e-01,-1.213344e+00,1.779712e+00
1.527212e+00,2.260089e-01,-1.949181e-01,1.811835e+00,1.088147e-01,-1.922947e+00,-1.757205e+00,3.986704e-01,3.727876e-01,4.904708e-01
1.605408e+00,7.120160e-01,8.154643e-02,1.192511e+00,3.412646e-01,-2.692087e-02,-1.269585e+00,-5.558435e-02,-5.608769e-01,5.948313e-01
-1.582365e-03,-6.724304e-01,9.577223e-01,5.606806e-01,-6.441058e-03,-3.801658e-02,4.835546e-03,-1.327003e-01,7.699776e-01,1.335450e-03
7.084116e-03,-1.358016e+00,1.860200e-01,4.789613e-02,1.142311e-03,-1.040095e+00,5.739196e-03,-4.106189e-01,1.844488e+00,-3.684208e-03
-3.445567e-04,5.739625e-01,-1.033226e-01,1.228878e+00,1.007333e-02,6.058616e-01,-7.409552e-03,-1.125619e-01,2.283946e-01,-1.504166e-03
-2.564825e-03,-1.136445e+00,8.900194e-01,4.073745e-01,-3.499166e-03,-5.961341e-01,-2.813309e-03,2.488438e-01,-3.135634e+00,1.833280e-03
-9.708657e-01,5.573784e-01,-7.064588e-01,1.763446e-01,3.882004e-01,-7.820114e-01,-1.152750e-01,5.067797e-02,-9.770120e-01,1.903735e+00
-1.560094e-03,1.670559e+00,-7.268675e-01,2.467388e-02,4.096072e-03,9.861804e-01,-2.099629e-03,-4.603411e-01,-1.574449e-01,9.804400e-04
-3.281516e-03,3.611152e-01,1.710505e+00,7.857408e-01,-5.447786e-03,8.611029e-01,7.338737e-03,1.163504e+00,-4.228963e-01,-2.017694e-03
2.485369e-03,-1.301805e+00,1.889615e-01,-1.639339e-01,8.860810e-03,-4.533266e-01,-3.143138e-03,-1.490091e-01,4.923690e-01,3.702366e-03
-3.586521e-03,-1.380076e+00,1.441811e+00,3.437196e-01,8.245901e-03,-1.572411e+00,-7.815481e-03,6.423497e-01,-3.079948e-01,-1.236132e-04
1.469554e-03,1.219198e-01,-2.085301e-01,6.569485e-01,1.563692e-03,-5.884015e-02,-1.391205e-03,6.663441e-01,8.279306e-01,7.505032e-04
2.112858e-03,1.854257e+00,6.270320e-01,-7.299008e-01,-5.152546e-03,-5.233423e-01,3.776103e-03,-1.251952e+00,-1.500259e+00,2.994454e-03
-2.064146e-03,-4.023531e-01,-8.613890e-01,1.341893e+00,-1.807465e-03,-1.920871e-01,-9.611003e-03,1.504812e+00,-7.479707e-01,-2.320308e-03
1.521680e+00,-7.688734e-01,-5.221664e-01,1.596171e+00,-2.425056e-01,2.683821e-02,-1.393459e+00,-1.932000e+00,-6.709592e-01,-1.948501e+00
-7.810068e-01,5.877259e-01,-2.352889e-01,-1.274317e-01,-3.112474e-01,1.070200e+00,3.636609e-01,-2.180212e+00,1.044976e+00,-1.627402e-01
-1.575151e-03,-2.997380e-03,-1.959054e-01,1.318725e+00,1.986693e-03,1.626468e+00,-3.168579e-03,-1.065573e+00,-1.114790e-01,-4.221666e-04
-1.604276e-01,1.049071e+00,-1.184748e+00,1.324361e+00,-6.327390e-01,-5.576754e-01,1.646393e-01,-4.058577e-01,-7.225540e-01,2.184911e-02
-8.179303e-01,-1.380311e+00,-1.072775e+00,2.485630e+00,1.150810e+00,4.438610e-01,-1.447081e+00,-1.601381e-02,4.142123e-01,1.036675e+00
