1.357095e+00,-1.361783e+00,3.837756e-01,-8.512121e-01,-2.897844e-01,7.802955e-01,8.174992e-02,2.311805e-01,-1.262745e-01,1.777957e+00
1.521092e+00,1.568605e-01,-8.989935e-02,-1.169368e-01,1.185557e-01,-9.857437e-01,-1.737666e+00,1.918684e-01,-3.408259e-01,4.867194e-01
1.599041e+00,-5.240300e-01,-8.535059e-01,-6.072704e-02,3.294863e-01,9.263002e-02,-1.277030e+00,3.866611e-01,8.763816e-01,5.925539e-01
-8.815799e-04,1.598423e-01,-1.577689e+00,2.301776e-01,-2.861010e-03,-1.223013e+00,4.760033e-03,-1.020215e+00,-9.909926e-01,9.629045e-04
4.537839e-03,-3.719819e-01,-2.944216e-01,2.095737e+00,-1.889704e-03,6.193140e-01,-5.213628e-03,5.861497e-01,-3.755813e-01,1.486383e-03
-4.254230e-04,-6.266201e-02,2.686359e-01,4.550160e-01,-7.559627e-03,-1.016462e+00,9.600449e-04,-6.250179e-02,-1.160625e+00,-1.723914e-03
5.673133e-05,-9.300542e-01,2.998513e-01,6.516050e-01,-7.371464e-03,-5.195228e-01,-2.273203e-03,-3.173372e-01,-1.603314e-01,6.624633e-05
-9.703279e-01,2.171585e+00,-3.171274e-01,5.878829e-01,3.879613e-01,1.683104e-01,-1.171736e-01,-3.176287e-01,1.456244e+00,1.903454e+00
-1.951349e-03,-7.038730e-01,3.573420e-01,5.859595e-01,-6.287137e-04,-1.104463e+00,7.125339e-03,-3.212653e-01,-2.727029e-02,2.501500e-03
-8.482891e-03,1.456726e+00,6.247951e-02,6.526572e-01,-2.498795e-03,-1.170853e+00,1.576531e-03,-7.032579e-01,9.616846e-01,-8.217623e-05
1.189523e-04,-2.653548e-01,-1.411609e+00,3.745087e-01,1.303355e-03,-1.497970e+00,4.587340e-03,1.135980e-02,-7.166689e-01,2.362354e-03
-2.435606e-03,9.398298e-01,-2.563731e-01,-3.335134e-01,-4.103836e-03,-2.739451e-01,1.044761e-02,-5.450013e-01,7.928326e-01,-4.130877e-03
6.372349e-03,-1.014157e+00,-3.169594e-01,-2.686922e-01,1.154748e-03,-9.252813e-02,9.116193e-03,-6.083260e-02,5.143317e-01,4.481460e-04
2.600009e-03,-5.274032e-02,1.362602e+00,7.268564e-01,-3.152415e-03,-5.252145e-02,-2.573318e-03,7.731562e-01,-1.167263e+00,1.018692e-03
-1.169729e-03,2.874924e-02,4.041726e-01,1.030895e+00,-8.524075e-03,-1.303223e+00,3.224955e-03,4.143262e-01,-7.278179e-01,1.931078e-04
1.522234e+00,4.464218e-01,4.885542e-01,6.080717e-01,-2.434402e-01,-3.889429e-01,-1.398095e+00,-1.380493e+00,-4.590463e-01,-1.947307e+00
-7.791303e-01,5.054883e-01,-5.359052e-01,-3.442961e-01,-3.053682e-01,-5.139046e-01,3.479397e-01,8.077661e-01,-1.091320e+00,-1.582909e-01
-3.723817e-03,2.358643e+00,5.974345e-01,-1.709300e+00,-9.669489e-03,3.123258e-01,-5.227204e-03,4.621970e-01,1.639315e+00,1.450112e-03
-1.545922e-01,-1.495781e+00,6.720488e-01,3.767871e-01,-6.222831e-01,-2.030334e+00,1.697179e-01,-6.586938e-01,9.917217e-01,2.165389e-02
-8.199140e-01,-7.314589e-01,-1.218639e+00,5.893536e-01,1.154568e+00,2.351417e-01,-1.464767e+00,2.245767e+00,-1.485946e+00,1.037482e+00
