1.363932e+00,9.796688e-01,-1.293286e-01,-1.631686e+00,-2.914348e-01,-2.222802e-01,9.324851e-02,-2.729540e-01,-4.345991e-01,1.781632e+00
1.527925e+00,-2.085071e-01,3.113706e-02,-6.409295e-01,1.037714e-01,8.507768e-02,-1.740094e+00,-5.335398e-01,4.875513e-01,4.851646e-01
1.600390e+00,-1.271718e+00,4.998654e-01,1.833827e+00,3.223764e-01,8.460592e-01,-1.272187e+00,-8.614769e-03,-1.225502e-01,5.909574e-01
1.870830e-03,-3.098772e-01,-6.171675e-01,-2.547921e-01,3.361602e-03,-3.693359e-01,7.725456e-03,-9.610903e-02,7.327088e-01,1.367333e-03
6.519146e-04,-6.637609e-01,-4.211009e-01,4.370937e-01,-1.421151e-02,2.713797e-01,6.951263e-04,1.359589e+00,1.596066e+00,-2.881047e-03
-8.835135e-03,-4.372470e-01,-3.492783e-01,-9.903373e-01,1.391400e-06,-8.069312e-01,5.834751e-03,1.356807e+00,7.745619e-01,1.669314e-03
-2.312171e-03,-4.404161e-01,-5.957342e-01,-4.063614e-01,-3.317959e-03,2.459007e-01,7.333855e-03,-1.307168e+00,2.032821e-01,4.399996e-04
-9.722438e-01,-4.059939e-01,6.541503e-01,2.168290e+00,3.872543e-01,-3.493003e-01,-1.184431e-01,-1.015799e+00,-8.884364e-01,1.903275e+00
1.097425e-03,2.007927e+00,5.140077e-01,-1.303563e+00,-2.467883e-03,-6.829772e-01,3.351668e-03,1.590324e+00,2.724814e+00,6.723413e-04
-2.157305e-04,-5.154292e-01,-3.913958e-02,-4.098695e-01,6.811215e-03,6.643167e-02,-1.096807e-02,5.101539e-01,-2.258305e-01,-1.109512e-03
1.957464e-03,-1.117648e+00,-2.726827e-01,4.836887e-02,2.362438e-03,-1.542382e-01,3.083161e-03,1.721918e+00,-9.276512e-01,-1.064530e-03
9.841256e-04,1.273539e+00,-2.243031e-01,2.805193e-03,-5.900941e-03,-1.217359e+00,4.099057e-03,6.727144e-01,-7.518439e-01,-2.269072e-03
-5.407340e-03,2.367741e-01,-7.476200e-01,3.588957e-01,-3.767808e-03,9.189891e-02,8.872512e-04,-1.072543e+00,-1.180425e+00,3.262798e-04
-5.808607e-05,-7.042527e-01,8.744757e-01,-3.830818e-01,7.623229e-04,1.097053e-01,2.362589e-03,1.468529e-01,-1.328388e-01,1.458600e-03
-5.004386e-03,2.656536e-03,1.527011e-01,-5.498600e-01,-3.398843e-03,-3.078098e-01,-5.781154e-03,-6.458136e-01,1.416743e+00,-1.612207e-03
1.524763e+00,8.720423e-01,1.152826e+00,9.994829e-01,-2.456300e-01,3.932545e-01,-1.380011e+00,3.827407e-01,1.341653e+00,-1.945252e+00
-7.837761e-01,1.499859e-01,-8.699688e-01,5.824018e-01,-3.140572e-01,9.315745e-02,3.633199e-01,3.764616e-01,-1.395980e+00,-1.603341e-01
-2.374472e-03,-6.943377e-01,1.354681e+00,-1.177679e+00,-3.445801e-03,-5.513197e-01,-5.155925e-03,1.009308e+00,6.264383e-01,9.990742e-04
-1.561832e-01,9.185084e-02,-1.577934e-01,-5.813455e-01,-6.233537e-01,-1.817496e-01,1.824091e-01,3.758624e-01,2.089316e+00,2.215955e-02
-8.157819e-01,8.547561e-01,-5.834258e-01,2.818660e-02,1.155693e+00,3.164905e-01,-1.457526e+00,2.625788e-01,-2.504507e-01,1.035039e+00
