1.357188e+00,-1.900770e-01,-8.729344e-01,1.446011e+00,-2.844527e-01,1.247046e+00,8.993006e-02,1.998212e+00,-2.095660e-01,1.778879e+00
1.523327e+00,2.687595e-01,-3.780608e-01,1.009317e+00,1.140004e-01,4.893448e-01,-1.746459e+00,-2.327074e-01,7.912777e-01,4.878421e-01
1.598484e+00,3.370222e-01,4.821935e-01,2.428071e-01,3.380411e-01,-2.160363e-01,-1.264688e+00,8.594373e-01,-4.474904e-01,5.902471e-01
-3.089858e-03,6.425826e-01,1.279626e-01,1.082717e+00,-4.049426e-03,-7.329043e-01,-1.419496e-03,-2.787174e-01,-3.632560e-01,-2.413665e-03
-3.429436e-05,9.063330e-01,9.146026e-01,5.979361e-01,-6.567942e-03,-1.149865e-01,-1.045562e-03,-6.257695e-01,7.303767e-01,3.718899e-03
1.133682e-03,1.180853e+00,4.604012e-01,-1.414509e+00,2.302313e-03,2.581439e-03,4.635210e-03,4.374713e-01,-2.381949e-01,4.573574e-03
-1.732425e-03,1.948301e+00,5.851003e-01,-4.002066e-01,6.158810e-03,6.838756e-01,4.053960e-03,-4.573165e-01,1.145739e+00,1.171298e-03
-9.759167e-01,-1.041436e+00,1.192356e-01,1.162782e+00,3.875227e-01,-3.115047e-01,-1.065680e-01,-2.789774e-02,-2.171141e+00,1.904815e+00
3.373039e-03,-2.518987e-01,-1.481511e-01,-1.688611e-01,3.847986e-03,8.176667e-03,-5.000069e-03,1.373398e+00,8.482945e-02,2.580629e-03
-2.730486e-03,-6.662385e-01,-4.593055e-01,-3.682598e-01,3.531404e-03,-2.466079e-01,5.019729e-03,1.637511e+00,1.009286e-01,1.051840e-03
6.618819e-03,-3.281884e-01,1.124457e+00,7.326540e-01,-6.012703e-03,-3.555528e-01,-1.092983e-02,1.135362e+00,-1.358836e+00,-6.414388e-04
-5.983651e-03,1.271098e-01,-1.110276e+00,-3.268509e-01,5.910054e-05,4.331469e-01,4.597629e-03,-1.448391e-01,4.018072e-01,-9.320095e-04
2.417554e-03,5.046727e-01,-1.246420e-03,3.604131e-02,-4.071092e-03,-3.309416e-01,5.520158e-03,6.128206e-01,1.040761e+00,4.110274e-03
5.560734e-06,5.728503e-01,1.585870e+00,-2.939355e-01,-4.766559e-04,9.879454e-02,9.192076e-03,9.294298e-01,-2.676094e-01,2.996163e-03
-3.167180e-03,3.320609e-01,-4.410990e-01,3.735110e-01,-1.661966e-03,1.683863e+00,-3.440210e-03,-4.453243e-01,-2.396400e-01,-3.779154e-03
1.519570e+00,-4.553168e-01,-7.005634e-01,-1.194389e-01,-2.310317e-01,-5.631951e-01,-1.386436e+00,1.020113e+00,-4.531247e-01,-1.948803e+00
-7.796298e-01,1.997007e-02,-1.758012e-01,1.832031e-02,-3.254977e-01,2.052247e-01,3.556855e-01,1.621128e+00,-7.664386e-01,-1.630064e-01
-4.071813e-03,-4.902253e-01,6.984918e-02,-8.249977e-01,-4.910731e-03,2.629340e-01,2.493100e-04,-6.964797e-01,6.412947e-01,-3.782330e-03
-1.605729e-01,-4.602507e-01,-2.970802e-01,1.331588e-01,-6.249950e-01,1.379702e+00,1.704659e-01,4.749896e-01,-3.804691e-01,1.997964e-02
-8.150527e-01,-1.997518e-01,3.464072e-01,-1.248500e+00,1.154725e+00,1.511594e+00,-1.463481e+00,1.279551e-01,-5.765614e-01,1.036692e+00
