1.367710e+00,-9.475192e-01,-1.669083e+00,-1.097633e+00,-2.794146e-01,-3.323467e-01,1.003725e-01,4.582547e-01,9.705563e-01,1.779231e+00
1.525807e+00,1.321620e+00,4.643739e-01,9.718113e-01,1.107812e-01,1.554361e-01,-1.747213e+00,1.116376e+00,3.539716e-03,4.896943e-01
1.597735e+00,-2.817706e-01,-1.350128e+00,-3.036076e-01,3.332576e-01,1.742044e-01,-1.258182e+00,6.265070e-03,4.561609e-01,5.932130e-01
1.481042e-03,-8.959246e-01,1.331224e+00,-1.501216e+00,-7.612587e-04,3.802081e-02,-8.248358e-03,1.039179e+00,7.625070e-01,1.178785e-03
3.758524e-03,-1.598013e-01,-3.053133e-01,-9.378512e-01,4.677920e-03,6.603847e-01,1.350133e-02,-1.347996e+00,1.202564e+00,3.811864e-03
-6.317658e-03,8.841597e-01,1.051441e+00,8.120701e-02,8.769374e-03,9.047098e-01,-1.282366e-02,-6.113053e-01,9.508990e-01,1.624513e-03
1.249457e-03,1.349186e+00,-1.266145e+00,-1.542098e+00,3.058123e-03,9.158415e-02,4.880370e-03,9.597132e-02,2.099485e+00,-6.380009e-04
-9.777830e-01,8.987300e-01,9.474524e-01,7.593426e-01,3.848296e-01,9.161327e-01,-1.170365e-01,1.131370e+00,-4.725429e-01,1.904195e+00
-3.300137e-03,-2.706464e-01,1.904415e+00,7.929273e-01,-2.890379e-04,-8.154574e-01,1.405739e-02,-8.345668e-01,-1.172269e+00,1.847160e-03
2.859357e-03,-1.077419e-01,-6.819563e-01,2.374998e-01,2.217835e-03,1.746968e-01,-7.304045e-03,2.229823e-01,3.304357e-01,-5.212591e-04
6.018387e-04,-1.906800e+00,6.993962e-01,2.016378e-01,-1.643708e-03,-1.115961e-01,-6.365628e-03,-6.071713e-01,-5.678202e-02,1.050709e-03
-4.973657e-03,2.478028e-01,-2.847302e-01,4.502061e-01,-4.274204e-03,1.444173e+00,5.230392e-03,-1.079024e+00,-3.961423e-01,-5.524330e-04
3.329889e-03,-2.468770e-02,-1.090357e-01,-4.718920e-01,1.767298e-03,5.180891e-02,1.560586e-03,-5.735705e-01,-1.888698e-01,1.701227e-03
1.936837e-03,1.111996e-01,-1.528469e-01,-5.598566e-01,6.111858e-03,1.728757e-01,-1.460166e-03,7.382463e-01,1.238037e+00,4.330834e-03
1.206168e-03,8.259772e-01,2.595938e-01,6.561699e-01,-6.703697e-03,7.749589e-01,-5.132869e-04,-8.034923e-01,1.026605e-01,-9.928076e-04
1.522671e+00,-1.700231e-01,1.390523e+00,8.777078e-01,-2.385292e-01,8.075677e-01,-1.375495e+00,6.598697e-01,1.332725e+00,-1.947016e+00
-7.775056e-01,6.813443e-01,-1.170233e+00,-6.768192e-01,-3.098555e-01,-1.057834e+00,3.365327e-01,2.144965e-01,7.803473e-02,-1.623546e-01
-1.204343e-03,1.268640e+00,-2.885642e-01,-2.700904e-01,-4.265887e-05,-1.384155e+00,-7.969916e-03,7.888626e-01,4.164467e-01,-1.667614e-03
-1.554087e-01,-6.839929e-01,-1.374953e+00,1.995220e+00,-6.218986e-01,3.531360e-02,1.666105e-01,-1.035569e+00,-5.477792e-01,2.175274e-02
-8.215692e-01,1.353566e+00,5.550362e-01,-6.704244e-02,1.152311e+00,1.708505e+00,-1.461449e+00,-6.755692e-01,-4.122106e-01,1.038477e+00
