1.361347e+00,-1.455351e+00,-1.750370e-01,2.585002e-01,-2.833732e-01,-1.789093e-01,8.489219e-02,1.373508e-01,7.748848e-01,1.779331e+00
1.525681e+00,-5.971928e-02,1.267998e+00,7.886218e-01,1.024819e-01,-2.196654e-02,-1.756927e+00,-4.778338e-01,1.157359e+00,4.837538e-01
1.600116e+00,7.738389e-01,-6.444305e-01,-4.303979e-01,3.267228e-01,-1.644928e-01,-1.266174e+00,4.175628e-02,-1.075663e-01,5.898775e-01
3.044095e-03,-1.032178e+00,-1.274359e+00,-8.193303e-01,-6.979248e-03,-1.046280e+00,-8.559170e-04,-8.313782e-01,-5.456163e-02,2.197283e-03
-1.244017e-03,-3.211566e-01,-1.099603e+00,5.011623e-01,-7.567655e-03,4.370600e-01,-1.460761e-03,-1.768819e+00,-3.984421e-01,-3.200778e-03
1.383191e-03,1.371135e+00,8.843208e-01,-4.047978e-02,-4.568652e-03,2.482962e-01,-5.849103e-03,4.453626e-01,1.348762e-02,-2.218596e-03
-1.193455e-03,-6.085591e-01,-8.144926e-01,5.693550e-02,6.639206e-03,2.669010e-02,4.354609e-03,-4.930905e-02,7.674145e-01,5.152656e-03
-9.750911e-01,-1.798643e-01,9.318813e-01,-5.968370e-01,3.908602e-01,4.198320e-01,-1.156349e-01,-3.260101e-02,-8.942886e-01,1.902881e+00
3.703072e-03,2.624778e-01,-5.577903e-01,3.820882e-01,2.008940e-03,1.525085e-01,-1.590764e-03,2.080590e-02,-1.012750e+00,1.209001e-03
3.308692e-03,1.614168e+00,-4.331497e-01,6.309940e-01,-3.627729e-04,5.066030e-01,2.994273e-03,9.038955e-02,-5.114764e-01,-4.081268e-03
2.899477e-03,1.213434e+00,4.183223e-01,-3.551798e-01,3.849336e-03,7.598379e-02,-1.225078e-03,4.155620e-01,1.886530e+00,2.071376e-03
-3.782796e-03,-1.150779e+00,-3.180283e-01,1.153890e+00,-7.189635e-03,-1.625536e+00,-2.977051e-03,-2.707824e+00,-5.770342e-01,-1.190786e-03
1.953184e-03,4.530436e-01,2.314675e-01,-7.780813e-01,5.777995e-03,-1.305294e+00,3.401135e-03,2.682796e-01,5.887970e-01,-3.547666e-04
4.187782e-03,-4.727855e-01,1.055903e+00,2.267620e-01,-4.075472e-03,4.471061e-01,-2.490169e-03,5.832366e-01,-1.068675e+00,2.366431e-03
-3.564031e-04,1.333397e+00,1.122783e+00,-2.965505e-01,-5.438825e-03,1.442388e-01,-4.437053e-03,-8.236271e-01,-7.975254e-01,3.544809e-03
1.521149e+00,3.527143e-01,9.918016e-02,1.195923e+00,-2.454779e-01,1.275310e+00,-1.388619e+00,-6.540231e-02,1.091773e+00,-1.947343e+00
-7.778690e-01,-4.056431e-01,-9.464354e-01,5.415013e-01,-3.027898e-01,-6.938585e-01,3.455614e-01,-1.692763e+00,-2.884504e-01,-1.561915e-01
-1.231640e-03,-7.345581e-01,-5.152992e-01,-1.567720e-02,-2.227312e-03,-1.633156e-01,-4.298097e-03,-1.757436e-01,2.156979e+00,1.540827e-03
-1.613794e-01,-1.015025e+00,-9.754072e-01,5.571909e-01,-6.361615e-01,5.582512e-01,1.682056e-01,-1.633449e+00,-5.800250e-01,2.470967e-02
-8.105586e-01,-7.107789e-01,9.680103e-01,1.506442e+00,1.154666e+00,5.468156e-01,-1.446432e+00,-4.926986e-01,1.038106e+00,1.037581e+00
