1.362227e+00,1.995184e+00,-6.212244e-01,5.983982e-01,-2.806531e-01,1.083798e+00,9.977260e-02,4.536397e-01,-4.483332e-01,1.776262e+00
1.526581e+00,5.611426e-01,3.551162e-01,1.326992e+00,1.142669e-01,5.944292e-02,-1.748767e+00,5.570439e-01,-1.083924e+00,4.891800e-01
1.599865e+00,-4.478336e-01,-6.840964e-01,4.271543e-01,3.327516e-01,1.076792e+00,-1.268682e+00,8.729826e-01,1.387072e-01,5.898421e-01
-2.560518e-03,-8.309819e-01,-1.214544e+00,5.286791e-01,-6.240357e-03,2.157814e+00,-2.608812e-03,-7.875478e-01,3.684260e-01,2.136971e-03
-6.039505e-04,-8.186209e-01,3.473208e-01,8.179929e-01,-7.488825e-03,5.342516e-01,7.860549e-03,2.332022e-01,1.248869e+00,3.928460e-04
-5.630932e-03,1.310797e+00,9.469018e-01,-5.205035e-01,-6.427905e-05,-1.606181e+00,8.397986e-03,4.159671e-01,-3.780802e-02,-2.614395e-03
-8.342553e-03,1.637486e-01,4.931405e-01,1.006561e+00,3.243659e-03,2.645716e-01,-7.156086e-03,-2.840932e-01,5.031599e-01,-2.936643e-03
-9.728503e-01,1.113106e+00,-1.322735e+00,1.173271e+00,3.885006e-01,1.833161e-02,-1.150380e-01,-6.939149e-01,-1.187909e-01,1.907026e+00
-2.825530e-03,-4.623200e-01,-6.418061e-01,-4.338585e-01,7.748102e-03,-2.032839e-02,-1.971507e-04,-7.279427e-01,-7.235785e-01,1.458706e-03
1.033025e-03,-2.773110e-01,1.390818e+00,-1.463596e+00,-8.881654e-04,-9.618439e-01,4.289106e-03,9.473951e-01,-2.766456e-01,-5.427799e-04
-1.621984e-04,3.863311e-01,6.380143e-01,-1.916185e-01,2.722515e-03,3.151896e-01,-1.759185e-03,-1.401392e-01,1.261115e+00,-8.621888e-04
-6.607326e-03,-6.965128e-01,-7.723749e-01,-9.768010e-01,-3.494101e-03,-1.183982e+00,3.919836e-03,8.874435e-01,3.633992e-02,-3.684085e-03
-1.273201e-03,1.667100e+00,8.863005e-01,1.789689e-01,1.305428e-03,-7.482039e-01,1.430903e-03,9.643331e-01,1.036011e+00,-6.350560e-05
6.382188e-03,9.352138e-01,-2.049887e+00,-1.164449e+00,5.119636e-03,-2.114938e+00,-1.193023e-02,-9.533465e-01,6.139614e-03,-2.618384e-03
-1.465780e-03,2.350394e-01,5.696438e-01,-1.202609e-01,7.887607e-03,2.086889e-01,-3.387419e-03,7.103537e-01,7.210068e-01,-6.002560e-04
1.522164e+00,6.097294e-01,1.172087e+00,-2.467566e-01,-2.490140e-01,2.997742e-01,-1.383748e+00,1.412649e+00,8.192299e-01,-1.953200e+00
-7.677768e-01,-1.407872e+00,1.120996e+00,2.200004e+00,-3.142439e-01,3.621584e-01,3.565298e-01,-9.361100e-01,-1.234142e+00,-1.625285e-01
5.914998e-04,1.651669e+00,3.331669e-01,9.933857e-01,4.274104e-03,-7.874125e-01,6.129099e-03,4.140529e-01,-2.615042e-01,-6.813150e-04
-1.609322e-01,3.777975e-01,1.394597e-01,-6.340857e-01,-6.164462e-01,1.093701e+00,1.838020e-01,9.003162e-02,8.959308e-01,2.382784e-02
-8.165952e-01,9.909031e-01,-1.827543e-01,1.771753e-02,1.156109e+00,-7.211955e-01,-1.457784e+00,4.347259e-01,9.960097e-01,1.040862e+00
