1.359532e+00,1.567702e+00,2.723637e-01,-4.636458e-01,-2.818064e-01,-1.636883e-01,9.639389e-02,-1.703605e-01,-7.055617e-01,1.774337e+00
1.523600e+00,-1.376032e+00,4.472438e-01,4.808198e-01,1.159820e-01,-5.902379e-01,-1.744048e+00,1.283118e+00,-9.117622e-01,4.866066e-01
1.605052e+00,1.120511e+00,7.689995e-01,-4.100833e-02,3.239636e-01,-4.012475e-01,-1.263651e+00,3.592267e-01,-5.253148e-01,5.891000e-01
-2.642763e-03,-7.753756e-01,-1.714307e-01,-2.478156e-01,-5.919090e-03,-5.705766e-01,-5.069347e-03,-2.196741e-01,2.209402e-01,-3.824358e-03
3.058361e-03,-5.695059e-01,8.598522e-01,7.614620e-01,-9.547456e-03,-2.057608e-02,6.025992e-03,-6.851207e-02,-5.645051e-01,-1.187044e-03
-1.493777e-03,1.522409e+00,-2.585398e-01,1.533681e+00,-8.271205e-04,1.561412e+00,-8.692826e-03,1.637848e+00,-1.214081e+00,-1.265092e-03
7.911526e-04,-1.092002e+00,-1.891142e-01,5.728748e-01,-3.831450e-03,-2.175862e-02,-6.829937e-03,-2.140490e+00,-3.498776e-01,1.042100e-05
-9.734715e-01,1.725948e+00,-2.125527e-01,-3.930842e-01,3.876271e-01,-1.185472e+00,-1.224329e-01,-8.484529e-01,-4.354851e-01,1.906307e+00
1.745530e-03,-5.785158e-01,-7.997746e-02,-5.388352e-01,-7.613064e-03,-6.597534e-01,2.641793e-04,5.571660e-01,-1.359428e+00,9.862263e-04
-2.814799e-03,5.816561e-01,8.302146e-01,3.093183e+00,3.849259e-03,3.594184e-01,-5.909380e-03,-7.417645e-01,4.547976e-01,4.415797e-04
6.506585e-04,-6.401673e-01,6.403747e-01,1.449933e+00,-5.383615e-03,1.190054e+00,4.277061e-03,2.094838e-01,7.218029e-01,3.004019e-03
-8.653243e-04,8.388475e-01,-6.944288e-01,-1.388913e-02,-7.668272e-03,-4.408976e-01,7.673150e-03,-3.307309e-01,-6.003456e-01,-4.212576e-04
6.144932e-03,6.943195e-01,-5.620059e-01,5.976335e-01,1.991319e-03,5.704243e-01,1.736857e-03,-7.388358e-01,4.794715e-01,6.133147e-04
3.330944e-04,4.186401e-02,-9.090365e-01,3.725977e-01,3.954358e-03,1.080804e+00,-1.643300e-03,8.916730e-01,1.105982e+00,-2.078090e-03
-1.876481e-03,9.044312e-01,-7.095233e-01,8.295691e-01,2.194559e-03,8.517419e-01,1.787976e-04,-1.929516e-02,-9.409321e-01,-3.209543e-03
1.524409e+00,-1.089942e-01,2.614973e-01,6.462388e-01,-2.503820e-01,-6.446792e-01,-1.392958e+00,-6.518040e-01,-1.661975e-01,-1.943561e+00
-7.800262e-01,-8.638572e-02,1.599067e+00,-8.862042e-01,-3.048815e-01,1.233337e-01,3.460296e-01,-1.154055e+00,-1.285221e+00,-1.648391e-01
-4.683121e-03,5.453641e-01,8.207827e-01,-1.388620e-01,2.742707e-03,-9.313626e-01,-9.051743e-03,-6.205309e-01,6.367767e-01,-1.476537e-03
-1.617952e-01,-6.795571e-01,7.225876e-01,-1.224074e+00,-6.245137e-01,-7.181572e-01,1.550004e-01,7.814710e-01,6.520385e-01,2.485214e-02
-8.152098e-01,-1.111600e+00,1.347817e+00,5.261953e-01,1.151174e+00,-1.398641e+00,-1.467020e+00,4.297216e-01,-4.454270e-02,1.034405e+00
