1.362940e+00,-5.649920e-01,-3.564700e-02,6.053792e-01,-2.821599e-01,3.956979e-02,8.269935e-02,4.476273e-01,3.105251e-01,1.775719e+00
1.526703e+00,1.085109e+00,-1.489354e+00,-1.364982e+00,1.012685e-01,1.365904e+00,-1.750191e+00,-7.203918e-01,-3.094951e-01,4.910690e-01
1.600981e+00,-2.718132e-01,6.578139e-01,-1.800156e+00,3.308547e-01,1.248121e+00,-1.271420e+00,4.350807e-01,-1.430428e-01,5.907700e-01
1.743600e-03,-9.187781e-01,-1.024422e+00,1.238251e+00,-6.771107e-03,4.094644e-01,1.140959e-03,4.227651e-02,-7.376090e-01,-2.871594e-03
5.206892e-03,-4.426518e-01,-1.022282e+00,-2.242145e-01,5.154827e-03,1.945704e-01,7.795476e-04,-1.952578e-01,-7.636645e-01,1.588236e-03
-6.905494e-04,4.079928e-01,7.238954e-01,8.113514e-01,-1.853627e-04,-2.670407e-01,-1.718142e-03,9.376412e-01,1.035559e+00,1.637624e-04
-5.922937e-03,2.801684e-01,-2.062439e+00,1.663366e+00,5.716420e-03,-7.202995e-01,1.397245e-03,1.507137e+00,-1.155151e+00,-2.471526e-04
-9.763836e-01,-5.485022e-01,1.129083e+00,-8.672285e-01,3.853608e-01,8.725982e-01,-1.136437e-01,-1.465007e+00,5.632401e-02,1.900824e+00
-6.383007e-03,-1.937576e-01,-1.890842e+00,8.245600e-01,1.637590e-03,-6.715907e-01,7.556610e-04,1.304588e+00,-4.945596e-01,-1.745955e-03
-1.242478e-03,7.643149e-01,-6.753877e-03,1.315857e+00,-5.494207e-03,-1.390164e+00,5.130206e-03,-3.127362e-01,-7.906911e-01,-3.792565e-03
2.590675e-03,2.201686e+00,-3.188583e-01,-5.351885e-01,1.748709e-03,3.070731e-01,6.565050e-03,-8.823356e-01,1.318776e+00,-1.332945e-03
-3.741279e-03,-1.044776e+00,-8.045480e-01,-8.057384e-01,2.294318e-04,-5.652039e-01,1.431514e-03,4.488613e-01,5.549338e-01,2.176686e-04
3.704675e-03,4.610860e-01,-7.372705e-01,8.097476e-01,5.614101e-03,-4.159060e-01,6.326331e-03,1.117290e+00,1.348433e+00,-1.024368e-03
4.019240e-03,1.998443e+00,4.224161e-01,-6.142946e-01,4.173853e-03,-5.727181e-01,1.441712e-03,4.616147e-01,1.321013e-01,1.306708e-03
-4.118147e-03,-4.450022e-01,4.396181e-01,-1.468585e+00,-6.489993e-03,6.438780e-01,-1.063471e-02,5.206607e-02,-4.619245e-01,1.355647e-03
1.527203e+00,-7.978435e-01,-1.277333e+00,9.768639e-01,-2.506519e-01,-1.250597e+00,-1.393316e+00,-7.509635e-01,-2.066754e-01,-1.944614e+00
-7.762449e-01,-5.906174e-02,1.140768e+00,-9.044917e-01,-3.124925e-01,3.647300e-01,3.514165e-01,4.777301e-01,6.537905e-02,-1.647128e-01
1.070140e-03,-7.214966e-01,1.598638e+00,1.875130e-01,4.460580e-03,-5.804305e-01,-4.171795e-03,7.338120e-01,-5.705658e-01,3.087253e-03
-1.583857e-01,-4.720532e-01,3.226198e-01,1.146352e+00,-6.299328e-01,-1.127575e-01,1.840179e-01,6.021209e-01,1.023028e-01,2.443863e-02
-8.162509e-01,1.125284e+00,-7.702930e-01,-3.745439e-01,1.154598e+00,-5.736385e-02,-1.455536e+00,1.314446e+00,1.377744e+00,1.035299e+00
