1.366370e+00,4.368595e-01,-9.394787e-01,-8.892998e-01,-2.826571e-01,-5.652570e-01,8.491455e-02,-2.968783e-01,4.552099e-01,1.774236e+00
1.528874e+00,-3.795505e-01,8.112578e-01,-1.190701e+00,1.096024e-01,-7.904263e-01,-1.747444e+00,8.535325e-01,2.110181e+00,4.877838e-01
1.599128e+00,-7.434465e-01,2.076217e+00,9.018514e-01,3.295751e-01,6.106295e-01,-1.263124e+00,-1.689886e+00,1.214079e+00,5.918393e-01
-3.145518e-03,-7.253061e-01,-9.852391e-01,-4.968442e-01,-4.128563e-03,-8.446680e-01,-5.938533e-03,-2.474327e+00,7.929187e-01,-2.037021e-03
3.951403e-04,7.567487e-01,1.845672e-02,-4.739218e-01,-1.321964e-04,-9.280870e-01,3.667526e-03,-2.751429e-01,-4.821186e-01,1.006609e-03
-3.047310e-03,1.229929e+00,4.115472e-01,-2.587967e-02,-2.535259e-03,1.598947e+00,1.063426e-03,2.599916e-01,8.829967e-01,-1.907081e-04
-2.414809e-03,-7.438234e-01,2.443695e-01,2.923049e-01,1.310992e-03,-1.392451e-01,-1.407916e-02,4.428375e-03,1.430916e+00,-3.182275e-03
-9.781032e-01,-5.719265e-01,-9.349413e-01,-6.948345e-01,3.847259e-01,-2.069302e-01,-1.172166e-01,3.604746e-01,-5.749968e-01,1.906994e+00
3.149441e-03,-1.317518e+00,5.549291e-02,-2.828159e-01,-3.201031e-03,1.930255e-01,2.468591e-04,-9.065011e-01,8.343863e-01,3.042380e-03
3.038381e-03,-1.179315e+00,7.946536e-01,4.457521e-01,1.524735e-03,1.014021e+00,-9.319630e-03,-3.855365e-01,-1.752969e-01,-3.994693e-03
3.656671e-03,9.089256e-01,3.754517e-01,1.070486e+00,2.661455e-03,2.500817e-01,1.559034e-03,2.538698e-02,-5.511030e-01,1.867179e-03
1.418778e-03,4.091267e-01,-3.659843e-01,1.973249e-01,-8.720378e-03,1.785397e-01,6.496165e-03,1.178232e-01,-1.139610e+00,-1.407840e-03
4.504504e-03,-1.671654e+00,-2.807089e-01,1.855260e+00,7.385675e-04,2.538061e-01,-3.402290e-03,-3.442263e-01,1.126932e+00,3.998955e-03
6.675101e-03,1.251034e+00,6.788738e-01,-1.573221e-01,-4.947598e-03,8.549799e-02,1.403573e-03,-2.166823e-01,9.280823e-02,-8.750258e-04
-2.789421e-03,1.306006e+00,1.681999e+00,-1.409915e+00,-5.071411e-03,-7.862088e-01,-1.077245e-02,1.082523e+00,-1.033946e+00,-4.898585e-03
1.522548e+00,1.156474e+00,-1.349119e+00,-1.303570e+00,-2.442881e-01,-4.417811e-01,-1.388855e+00,3.635029e-01,-9.007894e-01,-1.943847e+00
-7.773722e-01,-1.568161e+00,-3.093136e-01,-1.282062e+00,-3.212962e-01,-5.570202e-01,3.557549e-01,-2.940934e-01,1.403176e+00,-1.623736e-01
-2.713404e-03,-1.346075e-01,-9.565553e-01,-8.650304e-01,6.974692e-03,9.621991e-02,-1.258099e-02,3.583777e-01,-4.486906e-01,2.062722e-03
-1.595108e-01,5.692666e-01,6.369465e-01,-1.043957e-01,-6.201372e-01,2.192196e-01,1.836002e-01,6.742778e-01,3.085009e-01,2.728861e-02
-8.152574e-01,-8.560151e-01,-2.704740e-01,-2.888114e-01,1.155305e+00,2.519302e-01,-1.455240e+00,-1.036447e+00,-3.278890e-01,1.033086e+00
