1.363998e+00,4.529524e-01,1.097075e-01,-3.171311e-01,-2.819653e-01,9.756508e-01,8.665136e-02,9.615423e-02,-2.471424e-01,1.777695e+00
1.534689e+00,-1.653890e+00,-1.535282e+00,9.045873e-01,1.122696e-01,-1.542459e-01,-1.734637e+00,-4.457428e-01,-7.823284e-01,4.873871e-01
1.597860e+00,7.013310e-01,-1.140374e+00,-1.646433e+00,3.265415e-01,-5.180846e-01,-1.268451e+00,-8.460684e-01,-1.117946e+00,5.856905e-01
4.635064e-03,-1.549479e-01,-4.063605e-01,-1.432429e-01,-4.426488e-03,-2.686473e-01,4.663423e-03,-1.174021e+00,-3.914363e-01,2.314856e-03
-1.445448e-03,-2.120985e+00,-7.141941e-01,-4.557057e-01,4.072377e-03,4.809579e-01,8.084711e-03,1.415702e+00,7.523758e-01,2.412825e-03
-1.851647e-03,-5.698950e-01,9.485477e-02,-4.595360e-01,-4.284767e-03,3.398141e-02,-2.832862e-03,2.010912e+00,-1.158479e+00,4.989625e-06
-5.369926e-03,1.103948e+00,1.458899e-01,-1.292628e+00,-9.775358e-03,-5.041811e-01,-4.063237e-03,-2.969676e-01,-7.793493e-01,-3.243538e-03
-9.782136e-01,-1.073777e+00,4.122402e-01,1.000826e+00,3.935735e-01,-1.550480e+00,-1.105908e-01,9.737730e-01,-1.315344e+00,1.900547e+00
5.414995e-03,-5.681741e-01,4.709006e-01,-4.007045e-01,1.726127e-03,-4.072630e-01,-6.606943e-03,-8.812253e-01,3.648218e-01,4.127714e-03
-7.587699e-04,6.710492e-01,6.868744e-01,-1.086760e+00,2.602382e-03,4.891975e-01,2.034905e-03,5.501539e-01,-1.148623e+00,1.081704e-03
-3.130296e-04,1.614135e+00,5.949118e-01,1.468753e-01,7.334608e-03,3.026066e-01,5.734583e-03,-1.023428e+00,7.325005e-01,1.012765e-04
-2.490017e-03,4.465623e-01,7.955695e-01,-8.562424e-02,1.958912e-03,-8.701088e-01,2.923519e-03,4.455813e-01,1.172677e+00,-1.691134e-03
-9.317253e-04,4.274472e-01,-1.100879e+00,1.054690e+00,3.764871e-03,8.238542e-01,-6.853066e-03,-1.533869e+00,-3.677135e-01,4.793313e-03
1.832130e-03,-9.125902e-01,-1.211322e+00,-3.521065e-01,1.793379e-03,5.876325e-02,-1.522050e-04,-1.637190e+00,1.604566e+00,3.830703e-04
-3.490145e-03,-7.880503e-01,-1.289930e-01,-3.247656e-01,1.508882e-04,-8.322947e-01,4.863360e-03,1.031850e+00,9.185799e-01,-1.385041e-03
1.520869e+00,4.528666e-01,-1.051490e+00,1.173945e+00,-2.451148e-01,7.560513e-01,-1.394274e+00,-7.117648e-01,-4.696710e-01,-1.947291e+00
-7.817519e-01,-6.721890e-02,7.382591e-01,-4.655949e-02,-3.136400e-01,7.134531e-02,3.630963e-01,-8.415474e-01,-7.206205e-01,-1.591070e-01
-5.910722e-03,3.868299e-01,-9.722881e-01,1.437258e+00,8.980561e-04,1.344215e+00,-8.888487e-03,-7.172896e-02,-4.320824e-01,5.318061e-04
-1.516981e-01,-8.910755e-01,1.315436e+00,1.842036e+00,-6.250044e-01,1.521131e+00,1.656178e-01,-8.041456e-01,-2.372941e-01,2.264712e-02
-8.208051e-01,-1.223354e+00,3.264669e-01,1.183633e+00,1.156262e+00,-2.818236e-01,-1.462054e+00,2.975912e-01,6.537768e-02,1.039812e+00
