1.366983e+00,3.171798e-01,-1.183214e+00,-9.010108e-01,-2.863404e-01,1.526606e-01,9.387849e-02,-9.672705e-01,-7.947073e-02,1.775215e+00
1.523892e+00,-4.159665e-01,-4.962053e-01,5.915219e-01,1.121082e-01,5.407608e-01,-1.739179e+00,8.177649e-02,-1.277878e+00,4.895816e-01
1.598748e+00,2.352453e-01,-9.444715e-01,-9.983349e-02,3.256736e-01,-2.152863e-01,-1.269322e+00,1.181210e-01,-1.352401e+00,5.859987e-01
-4.816448e-03,-1.486386e+00,-1.475711e+00,1.487312e+00,6.709634e-03,6.698569e-01,1.187009e-02,-1.624049e+00,1.288102e-01,-9.607672e-04
1.178088e-03,-9.842569e-01,-1.839227e-02,1.450387e-01,-4.879610e-03,4.689451e-01,3.898949e-03,-5.972435e-01,4.462442e-02,1.651791e-03
-1.224312e-04,8.910059e-01,-1.564551e+00,3.707699e-01,3.761179e-03,-8.657128e-02,-7.267681e-03,-4.903712e-02,-3.213750e-01,8.775815e-04
2.040987e-03,-7.348201e-01,-1.083466e+00,-1.050101e+00,7.274439e-04,-1.017732e+00,1.349458e-03,-5.170705e-01,6.807353e-01,-5.133074e-03
-9.752069e-01,-8.748819e-01,1.031394e+00,5.274928e-01,3.874673e-01,7.861802e-01,-1.230599e-01,3.796402e-01,-2.621335e+00,1.906507e+00
-1.516261e-03,-1.352855e+00,2.376467e-01,-6.542388e-01,-4.073620e-03,6.286484e-01,9.627468e-03,3.107497e-01,-1.786551e-01,-3.452772e-03
-2.487402e-03,1.771603e-01,4.624353e-01,1.826144e+00,5.261028e-03,4.380603e-01,-3.765210e-03,-7.129805e-01,1.910413e-01,-1.653298e-03
3.872033e-03,6.869076e-01,8.712566e-01,-1.379364e+00,-6.199070e-03,6.816801e-01,-6.911144e-03,-5.181490e-01,3.575765e-01,2.098326e-03
-5.435665e-03,9.740904e-01,-8.161830e-01,-3.810287e-01,-4.078015e-03,1.115515e+00,-4.726703e-03,-4.274078e-01,-1.408181e-01,-2.373441e-03
5.235942e-03,-1.385787e+00,-1.055853e+00,1.100166e+00,3.485084e-03,1.327970e+00,7.209238e-03,1.784490e+00,-2.310577e-01,2.032980e-03
-1.910802e-03,2.076799e-02,7.925192e-01,-1.503710e+00,1.118989e-03,1.348361e+00,-7.332470e-03,-7.173315e-01,-8.096995e-01,-7.722121e-04
2.428799e-04,-3.363784e-02,2.316487e-01,7.732583e-01,8.497292e-04,8.254693e-01,1.414577e-03,3.430445e-01,7.668394e-01,-1.251118e-03
1.523129e+00,-2.779335e-01,1.247735e+00,-3.918910e-02,-2.413031e-01,4.694047e-01,-1.381910e+00,3.927420e-01,2.069442e-01,-1.945718e+00
-7.772383e-01,4.195395e-01,8.292667e-02,-3.235047e-01,-3.103540e-01,-3.536134e-01,3.511490e-01,-2.831139e+00,1.070593e+00,-1.615394e-01
-5.433214e-03,1.067909e+00,-1.112235e+00,2.177062e-01,-2.498745e-03,1.144893e+00,1.786301e-03,-3.837642e-01,-1.141322e+00,-5.778069e-04
-1.526019e-01,1.375308e+00,8.896520e-01,-1.385515e+00,-6.272716e-01,4.561870e-01,1.710656e-01,1.368895e-01,3.992788e-01,2.755287e-02
-8.207479e-01,-9.666403e-01,-1.516609e+00,1.444904e+00,1.151550e+00,-6.640288e-01,-1.476822e+00,1.135292e+00,-1.302573e+00,1.034124e+00
