1.363609e+00,1.394635e+00,-9.808451e-02,-2.597498e-01,-2.802116e-01,2.497680e-01,8.841878e-02,-5.283657e-01,1.226392e+00,1.773967e+00
1.529719e+00,-4.900101e-01,-1.123764e+00,-3.887788e-02,1.093207e-01,1.108068e+00,-1.741078e+00,-9.297136e-01,1.357906e+00,4.870912e-01
1.597322e+00,1.384763e-01,-7.636344e-01,-1.322168e+00,3.233371e-01,-2.740848e-01,-1.271346e+00,-1.188309e+00,-8.994797e-01,5.944319e-01
-2.490185e-03,2.282817e-01,3.597722e-01,-7.613075e-01,4.127019e-03,3.056133e-01,7.506658e-03,-1.209753e+00,4.850527e-01,-1.106941e-03
6.552140e-03,-8.411107e-01,-1.124851e+00,-4.444285e-01,-4.455243e-03,-9.833956e-01,-2.714758e-03,1.510301e+00,2.488145e-01,1.231436e-03
4.182053e-03,-4.078964e-01,-1.100054e+00,-3.867858e-01,-1.820235e-03,-5.527047e-01,-8.539661e-03,-2.531322e-01,9.184288e-01,1.431904e-03
1.517683e-03,2.097317e-01,1.019147e+00,5.664159e-01,-2.843492e-03,-6.102238e-01,4.898782e-03,-4.855559e-01,8.395825e-01,8.963164e-04
-9.731344e-01,-4.537907e-01,5.235564e-01,-3.196133e-01,3.865364e-01,-8.697134e-01,-1.265050e-01,1.903840e+00,1.585098e+00,1.901980e+00
-4.564287e-03,-1.457679e+00,7.943817e-01,9.176741e-02,-3.885290e-03,-1.144241e-01,4.998557e-03,1.340274e+00,-5.213253e-01,1.670560e-03
1.658392e-03,-3.191988e-02,-7.177189e-01,5.129837e-01,-4.195590e-04,2.247817e-01,-2.575472e-03,1.119934e+00,-3.036954e-01,-1.837810e-03
1.018151e-03,6.047956e-02,1.329064e-01,-3.139640e-01,-6.688895e-03,-9.586530e-01,-5.831599e-03,-9.888263e-01,-2.237600e-01,9.106036e-04
-4.838487e-03,6.409554e-01,1.668474e+00,8.576061e-01,2.880615e-03,-2.173747e+00,1.058503e-04,4.049067e-02,1.346412e+00,-9.460731e-05
-2.016434e-03,5.436181e-02,-1.013708e+00,1.036761e-01,3.994444e-03,5.146249e-01,-7.728114e-03,1.147835e+00,4.103421e-01,7.004029e-03
1.889841e-03,-1.081247e+00,-1.755475e-01,1.353913e+00,-4.508852e-03,-3.477871e-01,1.346761e-05,-3.928004e-01,-1.396864e-01,1.690167e-03
-8.204180e-03,-7.620774e-01,-8.156747e-02,2.694255e-02,-1.490047e-03,6.462307e-02,8.896354e-03,1.584183e+00,2.023877e-01,-1.045366e-03
1.519070e+00,-6.741226e-01,9.570794e-01,-3.019621e-01,-2.438810e-01,-2.230011e+00,-1.391684e+00,1.213950e+00,-1.613198e+00,-1.944552e+00
-7.790156e-01,1.390327e+00,-4.424598e-02,5.714631e-01,-3.136592e-01,1.170699e+00,3.504477e-01,1.253887e+00,-3.682644e-01,-1.596572e-01
1.944515e-04,2.178522e-01,-5.352365e-01,-1.933421e-01,4.649288e-03,3.820171e-01,-4.534947e-03,-8.868150e-01,-9.560464e-01,-1.400446e-03
-1.571692e-01,1.145722e+00,-1.070714e+00,2.904139e-01,-6.167222e-01,9.370169e-01,1.658452e-01,-2.331450e-01,3.447216e-01,2.498918e-02
-8.163104e-01,-1.757267e+00,4.215877e-01,7.588533e-01,1.153090e+00,5.011524e-01,-1.477998e+00,3.054341e-01,2.595622e-02,1.037271e+00
