1.361285e+00,-1.537490e+00,3.705458e-01,-1.037761e+00,-2.824123e-01,7.168106e-01,9.358685e-02,3.313821e-01,-1.054265e+00,1.776138e+00
1.521260e+00,6.252141e-01,5.431536e-01,-6.096308e-01,1.131995e-01,5.069019e-01,-1.751887e+00,-8.087955e-01,3.462042e-01,4.861016e-01
1.594083e+00,6.641689e-01,-3.404678e-02,9.170529e-01,3.347815e-01,-7.695382e-01,-1.252096e+00,-3.723071e-01,-5.143123e-01,5.904018e-01
-7.577807e-03,-1.139747e+00,-1.597187e-01,2.990866e-01,-1.654503e-03,1.379397e+00,3.282108e-03,8.760122e-01,6.252677e-01,2.820032e-03
4.143325e-03,-5.232370e-01,-1.491880e+00,3.114610e-01,-2.412988e-03,-5.779210e-01,9.994673e-03,4.922786e-01,7.729094e-01,6.103218e-04
2.651026e-04,2.115693e-01,-1.405389e-01,-1.579190e+00,1.397777e-03,4.762330e-01,-1.245587e-02,-7.273952e-01,-1.130608e+00,1.004367e-03
-3.671100e-03,-2.088517e-01,-2.362981e-01,1.310215e+00,-6.738753e-03,2.419398e-01,-4.321288e-03,4.751303e-01,9.449660e-01,4.282648e-04
-9.681830e-01,4.483346e-03,-2.387352e-01,-6.658925e-01,3.766002e-01,-2.482745e+00,-1.250414e-01,6.543082e-01,2.519568e-01,1.906240e+00
-2.560916e-03,4.492007e-01,1.395565e+00,1.646222e-02,-3.272047e-03,-8.667437e-01,1.566541e-02,1.826940e-01,-1.407610e+00,2.978241e-03
2.056847e-03,-5.529909e-01,-1.590232e-01,7.272036e-01,-2.652271e-03,8.876195e-04,6.690478e-04,-3.647411e-01,-6.375491e-01,-1.944969e-03
4.233961e-03,9.602999e-01,-3.897838e-01,-6.727835e-01,1.005870e-02,-3.473554e-02,-5.321817e-03,-3.951111e-01,-4.151017e-01,-5.343457e-05
-4.751472e-03,-4.975329e-01,4.485980e-01,1.938966e+00,-1.886341e-03,-8.161502e-02,7.415296e-03,-2.137591e-01,1.118776e-01,-1.724039e-03
4.537129e-03,-1.730193e-01,-4.404497e-01,-8.439549e-02,3.915978e-03,-2.198913e+00,-4.460728e-03,-4.129494e-02,-2.960460e-01,1.022777e-03
-3.211784e-03,1.798729e-01,-3.370585e-01,7.595881e-01,-2.009709e-03,-6.154105e-01,-1.226142e-02,5.022270e-01,2.599460e+00,2.423435e-03
1.164638e-06,-4.648501e-01,-1.130251e+00,-8.173094e-01,-7.920911e-04,1.162122e-01,-6.300016e-03,7.700968e-01,6.822615e-01,2.190317e-03
1.526207e+00,-6.064098e-01,1.867540e-01,-1.078793e+00,-2.518296e-01,-6.986358e-01,-1.385686e+00,-1.567277e-01,7.923736e-01,-1.945654e+00
-7.750495e-01,6.062722e-01,7.846342e-01,7.053813e-01,-3.155168e-01,9.625050e-01,3.425602e-01,7.124247e-01,5.259970e-01,-1.607785e-01
3.979904e-03,1.486210e+00,-5.219617e-01,-2.143806e+00,1.577461e-03,-4.114257e-01,7.262517e-03,4.865146e-01,1.353677e-01,4.764802e-03
-1.596612e-01,1.145484e-01,-1.455637e+00,-9.496152e-01,-6.205172e-01,2.701998e-01,1.733137e-01,-3.416946e-02,4.909370e-02,2.304580e-02
-8.200243e-01,8.914177e-02,1.219992e+00,-5.281866e-01,1.161118e+00,9.996448e-01,-1.451725e+00,-1.119966e+00,1.287398e+00,1.040928e+00
