1.366482e+00,8.692493e-01,-5.094647e-02,1.685295e+00,-2.862966e-01,-1.894385e-01,1.000309e-01,7.052604e-01,-1.001132e+00,1.774855e+00
1.530346e+00,-1.275892e+00,-6.715004e-01,-1.686257e+00,1.041580e-01,4.452664e-01,-1.750399e+00,-1.572269e-01,3.797728e-01,4.820670e-01
1.599752e+00,2.276055e-01,1.727979e+00,-5.014383e-01,3.303492e-01,-7.379206e-01,-1.258359e+00,-7.190452e-01,2.591097e-01,5.879587e-01
2.005688e-03,1.336623e+00,-1.054732e+00,4.685526e-01,-7.466420e-03,-8.012563e-01,-7.231491e-03,5.402157e-02,-7.160661e-01,8.437118e-04
-1.062996e-03,-4.986890e-02,1.011708e+00,8.421192e-01,1.106671e-03,-4.556512e-01,-4.086510e-03,4.726673e-01,6.514051e-01,3.265285e-03
-1.684852e-03,7.010158e-02,-2.742114e-01,2.222207e-01,2.044514e-03,-7.296990e-01,-1.467383e-03,9.273436e-01,-4.477226e-01,7.765832e-04
-1.899566e-03,-1.268054e+00,1.464803e+00,8.257291e-01,-2.950176e-03,1.048221e+00,-1.042984e-02,-7.931045e-01,-1.817634e+00,1.727547e-03
-9.742585e-01,4.898195e-01,-5.682957e-01,-2.149133e+00,3.889601e-01,1.136866e-01,-1.197567e-01,9.540055e-01,-3.325307e-01,1.904331e+00
-9.535816e-04,1.153798e+00,8.166565e-02,-5.910235e-01,4.644301e-03,-1.519421e+00,-1.131975e-02,-5.490685e-01,-1.509890e+00,-2.058772e-03
1.550741e-03,3.003366e-01,-1.946723e+00,5.906245e-02,-8.839862e-03,-4.744715e-01,-1.024451e-03,3.241148e-04,8.578783e-01,1.401940e-03
2.939645e-03,7.262804e-01,-4.760558e-01,7.660453e-01,4.398518e-03,5.519916e-01,-1.265689e-02,1.065213e+00,-5.247144e-01,6.268573e-03
-5.086228e-04,-1.393771e-01,5.518170e-02,6.804646e-01,-6.719519e-03,-2.242343e-01,-5.942813e-03,-8.087577e-01,6.705974e-02,-1.525836e-03
4.346069e-03,3.534342e-01,-2.489135e-01,-9.666547e-02,1.941202e-03,-4.481425e-02,4.634462e-03,-3.342598e-01,5.776122e-01,6.161305e-03
7.061630e-03,-1.579622e-01,-5.377979e-01,-1.705440e+00,1.450627e-03,-7.078838e-02,-4.614419e-03,3.164265e-02,9.562514e-02,1.979388e-03
-1.835794e-03,-3.447929e-01,-6.244119e-01,5.041462e-01,1.670101e-03,5.310506e-03,-2.556906e-03,-6.218189e-01,4.835217e-01,-1.847731e-05
1.522578e+00,1.978200e-01,1.844253e+00,1.368429e-01,-2.418351e-01,-5.998229e-02,-1.387313e+00,6.367013e-01,8.381349e-01,-1.945394e+00
-7.819645e-01,1.316436e+00,-3.559502e-01,1.092171e+00,-3.106913e-01,7.258089e-01,3.490389e-01,-1.039502e+00,8.914389e-01,-1.596290e-01
-5.317409e-03,2.934199e-01,1.111442e+00,4.100824e-02,-7.925235e-03,-9.758093e-01,2.604616e-03,-4.727700e-01,-1.246399e+00,-7.468121e-04
-1.613925e-01,-8.191909e-03,-1.494003e+00,9.226394e-01,-6.245570e-01,4.285734e-03,1.855069e-01,-2.931751e-01,-1.810704e-01,2.454611e-02
-8.135819e-01,-5.485286e-02,3.869757e-01,2.165300e+00,1.155399e+00,5.793423e-01,-1.458037e+00,-4.775035e-01,1.179269e+00,1.038111e+00
