1.369112e+00,-9.584420e-01,-7.438786e-02,-1.668448e-02,-2.845375e-01,-4.548661e-01,9.400561e-02,5.626883e-01,2.706965e-01,1.775277e+00
1.524607e+00,4.034364e-01,-1.407737e+00,-3.476334e-01,1.109177e-01,6.375392e-02,-1.742608e+00,1.242257e+00,-1.429449e+00,4.858575e-01
1.602824e+00,1.069932e+00,-1.955674e+00,7.329670e-01,3.300435e-01,-1.425692e+00,-1.269755e+00,-8.385825e-01,6.046470e-01,5.882668e-01
8.585297e-04,5.642558e-01,-5.784824e-01,-5.328336e-01,7.824066e-03,4.233382e-01,-2.778887e-03,-1.052618e+00,-4.643988e-01,2.016704e-03
1.478875e-03,6.781515e-01,-2.084689e+00,-8.008452e-01,2.709007e-03,-6.991577e-01,2.319920e-03,-1.647772e+00,-3.688649e-01,2.079865e-03
-1.403787e-03,1.770662e+00,-6.922064e-01,-1.993258e-01,4.575730e-03,-7.691318e-02,5.990834e-03,-9.294946e-01,1.211441e+00,-1.308222e-03
-8.580598e-04,-6.208801e-02,-1.983236e-01,-1.638698e-01,-3.597155e-03,5.355505e-01,-3.986022e-03,1.248300e+00,-1.336384e-01,-5.025218e-05
-9.727148e-01,-1.858209e+00,8.297002e-01,-1.410227e+00,3.930990e-01,-4.439912e-01,-1.207799e-01,3.068967e-01,6.987062e-01,1.907110e+00
-1.187350e-03,1.706897e+00,-2.957393e-01,1.214328e-01,2.096452e-03,2.126520e+00,-4.508657e-03,-2.749685e-01,-3.340508e-01,1.471309e-03
-2.436075e-03,-5.472594e-01,-3.319888e-01,3.133496e-01,-5.107838e-03,1.472522e-01,-1.934975e-03,-6.011062e-02,-4.205170e-01,2.335056e-03
-1.120947e-03,1.301363e+00,-1.039953e+00,-4.836213e-01,-3.486215e-03,2.352303e-01,5.130265e-04,-6.794718e-01,-2.336905e-01,1.205382e-03
2.526340e-03,-3.780761e-01,1.115055e+00,-3.076647e-01,-2.743528e-04,2.039035e-02,7.418042e-03,4.962870e-01,1.312738e+00,7.680300e-04
4.216379e-05,1.293841e-01,1.811135e+00,5.349289e-01,1.233326e-03,-9.304919e-01,7.083224e-03,2.982386e-01,1.926987e+00,3.284191e-03
7.230919e-03,-7.271470e-02,-4.277532e-02,-5.612772e-01,4.564166e-03,-1.255068e-01,-2.327470e-03,-8.664115e-01,-3.434899e-01,1.799986e-03
-3.628969e-03,-2.671547e-01,-7.546682e-02,1.516697e+00,8.297177e-04,-7.539036e-01,-1.126966e-03,-1.059103e-01,-1.156620e-01,-2.190538e-03
1.521776e+00,-1.015635e+00,1.036045e+00,4.653825e-02,-2.449082e-01,-2.374971e-01,-1.389126e+00,-2.950320e-01,1.213080e+00,-1.943345e+00
-7.780557e-01,-3.378363e-02,9.919942e-01,-1.647422e-01,-3.082063e-01,8.117374e-01,3.700956e-01,-1.011813e-01,-1.137542e+00,-1.632822e-01
1.959122e-03,5.130031e-01,-1.356813e+00,4.343779e-01,7.473942e-03,3.358304e-01,1.329601e-03,3.427608e-04,-6.316830e-01,3.064459e-04
-1.555406e-01,-1.220182e+00,2.955751e-01,8.058469e-01,-6.322236e-01,1.692700e+00,1.743353e-01,-5.456993e-01,-8.474269e-01,2.519492e-02
-8.199349e-01,-6.526561e-01,4.143032e-01,4.649713e-01,1.156908e+00,5.958940e-01,-1.467309e+00,6.184996e-01,-6.131814e-01,1.041012e+00
