1.370276e+00,-8.548108e-01,1.154157e+00,7.499130e-01,-2.876753e-01,-1.112825e+00,9.556898e-02,1.074951e-01,-9.364695e-01,1.776779e+00
1.520596e+00,-1.328807e+00,5.790143e-01,-2.050521e+00,1.151737e-01,-1.779710e-01,-1.741498e+00,-7.784890e-01,1.193671e+00,4.857544e-01
1.603583e+00,-5.323924e-01,1.346127e-01,-4.196773e-01,3.285232e-01,-3.790722e-01,-1.271151e+00,-6.392586e-01,6.602192e-01,5.934606e-01
9.444496e-04,-1.511463e+00,1.652816e+00,5.139922e-01,-7.224400e-03,5.457443e-01,-5.732421e-03,4.089094e-01,5.568593e-01,3.475392e-03
-1.287491e-03,-8.562765e-01,-5.775271e-01,-7.305678e-01,-9.961508e-04,8.334520e-01,8.055902e-03,-1.469296e+00,8.535706e-01,-1.903433e-03
-1.896781e-03,-4.889631e-02,-4.491707e-01,-5.758283e-02,7.333704e-03,5.777087e-01,-1.631245e-02,6.645688e-01,1.830700e-01,9.307084e-04
-4.696187e-03,1.047095e+00,6.151287e-01,-2.478410e-01,-3.121191e-03,-2.421527e-01,-5.955287e-03,1.078793e+00,-6.864122e-01,3.799513e-04
-9.773210e-01,1.036962e+00,-5.944906e-01,9.703250e-01,3.967528e-01,2.204850e+00,-1.117607e-01,-1.830664e+00,-3.300267e-01,1.904296e+00
-2.669046e-03,-1.206477e+00,6.488679e-01,-4.804718e-01,-2.819555e-03,-2.238347e+00,-1.418909e-02,-1.040229e-01,-2.820477e-01,3.809165e-03
-2.290284e-03,4.654940e-01,1.777883e+00,8.817520e-01,1.824005e-03,-9.916195e-02,-6.197163e-04,5.107264e-01,6.077358e-01,1.550227e-03
3.226780e-03,-1.590587e-01,2.423622e-01,1.490519e+00,1.059777e-02,-6.297875e-01,-1.047154e-04,2.405766e-01,-1.137598e+00,-5.246881e-04
5.133663e-03,1.329303e+00,-1.327863e-01,7.219609e-01,-9.295592e-03,8.805414e-01,5.535887e-03,4.627794e-01,5.223561e-01,-6.823614e-04
1.251067e-03,2.175194e+00,7.186991e-01,-1.508325e+00,6.638403e-03,-1.545982e+00,8.520350e-03,7.382069e-01,-3.955816e-01,4.595250e-03
5.520046e-03,-5.199647e-01,-6.885332e-02,5.850050e-01,4.877581e-03,-1.115037e+00,8.376728e-03,-8.965463e-01,7.830045e-02,-2.463145e-03
-1.139094e-03,-1.153253e+00,-8.938692e-01,2.408598e-01,-2.988279e-03,-1.673025e+00,4.062953e-04,2.434805e+00,9.363208e-02,-4.358381e-03
1.522692e+00,-2.126669e-01,1.417636e-02,-1.567942e-01,-2.445064e-01,-1.770926e+00,-1.380236e+00,-1.283136e-01,1.297537e+00,-1.946770e+00
-7.795770e-01,6.238753e-01,-4.561617e-01,1.761182e-01,-3.122514e-01,9.888222e-01,3.546501e-01,-7.287763e-01,-1.875734e-01,-1.612711e-01
4.156331e-03,9.265475e-01,4.512420e-01,-4.122468e-01,-4.601674e-03,-7.532560e-01,-1.064721e-03,-1.306494e+00,1.552155e+00,3.214056e-03
-1.486228e-01,-3.647237e-01,1.769804e+00,-7.505748e-01,-6.244202e-01,3.306828e-01,1.905471e-01,6.338015e-01,-1.082446e+00,2.273919e-02
-8.221094e-01,-1.893458e-01,-4.204240e-01,-9.295832e-01,1.154457e+00,1.990722e-01,-1.450816e+00,7.340460e-01,-5.364043e-01,1.037772e+00
