1.359252e+00,-5.359154e-01,-6.516158e-01,2.775454e+00,-2.866750e-01,-6.155489e-01,9.005320e-02,6.654251e-01,1.049471e+00,1.775572e+00
1.523546e+00,8.775880e-01,-4.182608e-01,-4.824473e-01,1.091387e-01,-9.650580e-01,-1.756597e+00,-9.978717e-01,-1.864073e+00,4.898580e-01
1.599671e+00,-7.271926e-02,1.141441e+00,-7.290349e-01,3.352896e-01,6.429041e-01,-1.264509e+00,-1.148026e+00,-1.398477e+00,5.886288e-01
-1.661407e-05,-6.477455e-02,-6.400944e-02,-1.292624e+00,1.908098e-03,4.167535e-01,3.762810e-03,8.455895e-01,-1.456414e+00,-2.363930e-03
3.029053e-03,5.951880e-01,9.593266e-01,1.967411e-01,3.204094e-03,-6.007076e-01,7.959599e-03,-6.895318e-01,2.388833e-01,3.185176e-03
2.524095e-03,-1.106730e+00,-1.581824e+00,-1.897096e+00,6.137570e-03,-5.823926e-01,-1.636479e-03,-1.230226e+00,-3.517960e-01,-1.899621e-03
-2.875616e-03,1.591075e+00,1.659944e-01,2.216341e-01,-2.980458e-03,4.542818e-01,-1.170292e-03,1.174768e+00,-8.974750e-01,3.317614e-04
-9.734092e-01,-1.903956e-01,4.963625e-04,-2.079500e-01,3.903425e-01,6.799505e-01,-1.219214e-01,1.357512e-01,-1.142557e+00,1.899839e+00
-6.060668e-04,7.637873e-01,1.185252e-01,1.222655e+00,-7.113616e-04,1.267514e+00,1.776284e-05,6.173776e-02,-4.869971e-01,1.770323e-03
-2.496045e-03,-1.139219e+00,1.034233e+00,5.424513e-01,4.226524e-03,-3.231752e-01,2.823275e-03,-8.812134e-01,-1.028814e+00,-2.435265e-03
9.735299e-04,-2.707933e-01,-4.682408e-01,1.052510e+00,4.484196e-03,1.115029e-01,-7.636829e-03,7.540943e-01,3.895183e-01,4.070536e-03
-2.452454e-03,1.212234e+00,-5.777628e-01,-1.723861e-02,-6.440138e-03,1.251289e+00,-1.088002e-02,2.617150e-01,-1.329005e-01,8.846011e-04
2.694098e-03,-4.488423e-01,6.183260e-01,-6.158344e-01,3.673342e-03,9.534942e-01,-1.102266e-02,-8.026593e-01,1.308542e+00,2.804121e-03
1.398412e-03,5.154702e-02,1.009748e-01,-9.764232e-01,-1.636282e-03,-2.174586e-02,9.567419e-03,9.761593e-01,1.198313e+00,3.650706e-03
-4.210515e-03,1.352058e+00,1.384169e+00,-2.833782e-03,-3.195095e-04,1.069359e+00,6.537366e-03,4.991924e-01,1.394034e+00,-1.691432e-03
1.525145e+00,5.395792e-01,3.315320e-01,-1.519241e+00,-2.444471e-01,-9.038383e-01,-1.386345e+00,6.224518e-01,-3.674972e-03,-1.948831e+00
-7.743472e-01,-4.874889e-01,-1.946380e-02,1.484580e-01,-3.079288e-01,1.088591e+00,3.417703e-01,1.768210e+00,-2.176983e-01,-1.661036e-01
1.920608e-03,-1.087463e-01,1.402605e-01,6.413636e-01,8.637324e-05,-2.298120e+00,-3.531492e-03,2.089702e+00,1.505082e+00,-1.852077e-03
-1.539996e-01,6.109298e-01,1.446925e-01,-1.792251e-01,-6.189141e-01,1.247469e+00,1.695022e-01,-9.912165e-03,-2.666999e-01,2.171258e-02
-8.129452e-01,6.590686e-01,7.749539e-01,-1.086945e+00,1.145150e+00,-3.309575e-01,-1.459664e+00,-1.486246e-02,-6.011486e-01,1.037128e+00
