1.359326e+00,-5.272534e-01,-5.435272e-01,-1.983395e-01,-2.892739e-01,1.376383e+00,8.275754e-02,-2.330705e-01,-2.112852e+00,1.780159e+00
1.519394e+00,6.274129e-01,1.006858e+00,6.558961e-01,1.015455e-01,3.259646e-01,-1.735134e+00,-7.626544e-01,1.407438e+00,4.829002e-01
1.597489e+00,2.688447e-01,6.998734e-01,-3.471203e-02,3.263690e-01,-1.070629e+00,-1.259179e+00,-1.728706e-01,6.747735e-01,5.850310e-01
3.759912e-03,1.357836e+00,1.160099e-01,6.704885e-01,-6.131362e-04,8.756879e-02,6.599943e-03,-5.293665e-01,1.803853e-01,-2.969293e-03
1.014008e-03,-7.812835e-01,5.270115e-02,1.426562e+00,-3.306477e-03,1.767700e-01,-5.824393e-03,-1.555273e+00,-1.163781e+00,1.696050e-03
-3.851885e-03,1.590681e+00,1.660066e+00,5.143483e-01,7.538899e-03,-4.965756e-01,-2.090122e-03,-1.325224e-01,-1.919608e-01,2.958873e-04
-2.428348e-03,-1.179050e+00,-1.239640e+00,-1.203480e+00,2.147202e-03,-5.567874e-01,3.695326e-04,3.191837e-01,-1.841615e+00,-4.019627e-03
-9.719651e-01,5.951204e-01,-5.431278e-02,1.111917e+00,3.848786e-01,5.551087e-01,-1.110738e-01,3.844001e-01,6.620886e-01,1.905225e+00
1.783702e-03,8.888726e-01,-9.614044e-01,-5.203514e-01,3.112824e-03,-3.570799e-01,5.784357e-03,8.728043e-01,-3.712068e-01,2.142138e-03
-2.144909e-03,4.365437e-01,1.359746e-01,7.987395e-01,-3.845518e-03,-2.549422e-01,-4.154216e-03,3.593791e-01,7.644219e-01,8.300897e-05
1.330023e-03,2.688440e-02,4.106273e-02,-1.091383e+00,-1.583954e-03,-7.428925e-01,-1.017398e-02,-8.447750e-01,3.791456e-01,-1.374704e-04
1.109455e-03,-4.224484e-01,-1.397801e-02,2.318706e-01,-2.542415e-03,-1.924443e+00,3.097023e-03,-1.500947e+00,8.390339e-01,-2.260181e-03
2.326523e-03,-7.952125e-01,-4.515401e-01,6.750401e-01,4.559903e-03,5.431184e-01,8.240951e-03,-1.895526e-01,1.871215e-02,4.190529e-03
5.970536e-03,1.396275e+00,6.604843e-01,-6.840337e-01,2.640033e-03,-1.299326e+00,1.975292e-02,-5.223643e-01,-1.916573e-02,2.678723e-04
1.453475e-03,4.084535e-01,2.200173e-01,-9.666384e-02,1.069501e-03,-1.557948e+00,6.121538e-03,-4.443519e-02,7.822876e-01,-7.228002e-05
1.523508e+00,4.970000e-01,1.752416e-01,-5.373266e-01,-2.458380e-01,-2.805604e-01,-1.380104e+00,-6.615139e-01,-4.139897e-01,-1.944646e+00
-7.829094e-01,-5.522156e-01,-1.267583e+00,-1.173336e-01,-3.250221e-01,-9.896111e-01,3.585143e-01,-9.858504e-01,-1.023798e+00,-1.601435e-01
2.431871e-04,-3.714872e-01,-7.416484e-01,-1.662208e+00,8.333683e-03,-1.843924e-01,1.266879e-03,-5.851923e-01,-5.347266e-01,2.460808e-03
-1.547061e-01,4.494432e-01,2.673684e-01,-5.958989e-01,-6.286140e-01,4.758809e-01,1.858058e-01,1.912308e-01,4.928771e-01,2.459025e-02
-8.229638e-01,1.535685e-01,2.190700e-01,6.928495e-01,1.162294e+00,8.003189e-01,-1.452102e+00,-9.918255e-01,3.387616e+00,1.036319e+00
