1.364747e+00,-5.381609e-01,1.017227e+00,-1.818202e+00,-2.841125e-01,-6.188354e-01,8.505114e-02,-1.569861e+00,8.168307e-01,1.777852e+00
1.523307e+00,2.177490e+00,-4.806010e-01,1.641628e-01,1.084290e-01,-1.551102e+00,-1.747913e+00,-4.565568e-01,1.386159e-01,4.850358e-01
1.604855e+00,-5.203323e-01,-1.634273e+00,7.597102e-01,3.251875e-01,7.081767e-02,-1.264136e+00,-1.219678e+00,-6.380940e-01,5.923990e-01
7.072382e-03,-5.597295e-02,1.896183e-01,-1.696739e-01,1.325491e-03,2.533405e-01,3.729815e-05,7.625197e-01,9.260132e-01,-6.203319e-04
6.836516e-04,1.782574e-01,1.446759e+00,-1.437001e+00,-2.087251e-03,-1.275184e+00,-6.544232e-03,7.089669e-01,1.171290e+00,-3.261388e-03
6.696440e-03,1.950978e+00,-8.429433e-01,1.128039e+00,-3.570013e-03,7.538727e-01,4.587547e-03,-1.301287e+00,3.009475e-01,-1.090359e-03
1.775712e-03,3.410672e-01,-1.120486e+00,-5.963308e-01,-4.627331e-03,-6.631121e-01,1.659662e-03,-1.852447e+00,7.058447e-01,5.510729e-04
-9.713642e-01,-1.332867e+00,-1.960523e+00,-9.518671e-01,3.883777e-01,6.700730e-02,-1.217745e-01,7.972095e-01,-2.872243e-01,1.903204e+00
1.626064e-03,-4.883156e-01,1.620482e+00,3.277097e-01,2.914263e-03,-1.899023e+00,3.864860e-03,6.112969e-01,-1.292902e+00,2.091265e-03
-2.085741e-03,5.156938e-01,1.055671e+00,-1.501527e+00,1.197026e-03,8.884790e-02,-1.275555e-03,-1.625624e+00,-4.131496e-01,-2.077024e-03
3.208196e-03,-2.049621e-01,-1.236356e+00,5.381031e-01,-6.513940e-04,1.217026e+00,-4.820691e-04,-1.635750e+00,-1.912852e-01,-7.521536e-04
-7.940691e-04,6.761765e-01,3.247958e-01,-2.449805e-01,-3.230357e-03,-7.336317e-01,-6.313103e-03,-3.579065e-01,-4.695870e-01,-1.396321e-03
-4.942874e-04,-6.056664e-01,-3.340095e-01,3.952662e-01,1.842039e-03,-6.153153e-01,-4.883095e-03,1.001419e+00,-6.063500e-01,1.596296e-04
-3.983475e-04,-4.521568e-01,-9.915705e-01,-5.987560e-02,2.576133e-03,-2.419379e-01,-1.883334e-03,3.833989e-01,5.671202e-01,-9.125297e-04
-4.949325e-03,1.423035e+00,-1.550629e+00,1.054728e+00,-4.980790e-03,-7.362557e-01,1.784559e-03,7.295896e-01,-5.296895e-02,-3.426454e-03
1.527116e+00,-8.243358e-01,4.437013e-02,6.162444e-01,-2.396255e-01,-7.820778e-01,-1.386506e+00,-1.761544e+00,-4.421366e-01,-1.948065e+00
-7.830577e-01,-4.507993e-01,-1.095763e+00,6.320016e-01,-3.167381e-01,-5.105664e-03,3.560500e-01,-4.377602e-01,4.017314e-01,-1.608478e-01
4.338034e-03,1.722693e+00,-2.415561e-02,3.269146e-01,7.295868e-04,1.109044e-01,1.430929e-03,2.023727e-01,-2.363434e-01,4.109481e-04
-1.580723e-01,6.862909e-02,-7.770137e-01,7.452892e-01,-6.280627e-01,1.948005e+00,1.594977e-01,-7.624836e-01,-3.015958e-01,2.691452e-02
-8.178049e-01,-1.687588e+00,1.325106e-02,1.694716e-01,1.151662e+00,-1.497572e+00,-1.445719e+00,3.145985e-01,1.712778e+00,1.035995e+00
