1.354801e+00,7.642173e-01,-3.952748e-01,-4.983038e-01,-2.836005e-01,-2.194786e+00,9.318140e-02,-7.281206e-01,-5.777080e-01,1.779049e+00
1.528523e+00,4.178665e-02,-1.077744e+00,-2.691938e-01,1.096920e-01,-9.179913e-01,-1.744950e+00,8.747132e-01,-6.337660e-01,4.869540e-01
1.600492e+00,1.781844e+00,2.939553e-01,-1.175434e+00,3.292132e-01,4.273375e-01,-1.265728e+00,-3.518961e-01,-1.578900e-01,5.936308e-01
-2.825709e-03,1.733937e-01,3.088647e-02,-3.288048e-01,-6.820600e-03,7.415816e-01,5.395739e-03,6.972566e-01,8.352584e-01,9.052989e-04
-2.318530e-04,8.141055e-01,1.295958e+00,2.242523e-01,-2.578074e-03,-1.622293e-01,2.735058e-04,-1.919443e-02,-4.921378e-01,5.624801e-04
4.907227e-03,-8.017997e-02,4.520342e-03,-2.183278e-01,-2.222198e-03,1.760509e-01,3.068660e-03,4.068448e-01,-3.454637e-01,4.961102e-04
-1.363066e-03,5.666353e-01,3.098332e-01,-2.290618e-01,-5.285312e-03,-8.418181e-01,3.543451e-03,5.254431e-01,-6.320662e-01,-2.060330e-03
-9.727436e-01,2.003048e-01,-1.884648e-01,-7.263098e-01,3.923859e-01,-2.646803e-01,-1.107528e-01,-4.842934e-01,-8.610407e-01,1.907520e+00
8.819958e-04,6.784391e-03,-1.228068e+00,-6.546492e-02,2.536297e-03,1.195091e-01,1.339977e-02,-3.677145e-01,-1.669636e+00,-2.892588e-03
-3.616224e-03,-3.947297e-01,1.129290e-01,6.724269e-01,4.672933e-04,-6.665042e-01,-8.487438e-03,1.926633e+00,1.478546e-01,-2.330440e-03
-6.525969e-04,1.188292e+00,-8.852040e-01,-1.651897e+00,2.789106e-03,6.887305e-01,-2.281750e-03,-9.126276e-01,-2.011221e+00,-2.630052e-03
-3.078752e-03,-3.690893e-01,-1.124377e+00,-2.334736e-01,-8.682774e-04,-4.942869e-01,2.139539e-03,-2.014988e-01,1.059379e+00,-3.757245e-03
4.110011e-03,5.607223e-01,2.727244e-01,-1.078851e+00,3.129529e-03,1.815114e+00,-1.991735e-03,1.524202e+00,1.295037e+00,3.177908e-03
8.270947e-04,-3.813112e-01,-1.845434e-01,-3.457404e-01,-5.701126e-03,1.929580e-01,-7.522696e-04,1.192256e+00,-9.403000e-01,2.675162e-03
3.333533e-03,2.391499e+00,3.404042e-01,-2.397935e-01,-5.671450e-03,1.270563e+00,-1.605416e-02,-1.334738e+00,-2.189049e+00,-8.790458e-05
1.526776e+00,-4.296509e-01,4.027179e-01,-2.128483e-01,-2.507414e-01,-3.765004e-01,-1.388771e+00,1.647423e-01,-1.461938e+00,-1.947903e+00
-7.812418e-01,3.840623e-01,-5.966996e-01,-5.135425e-01,-3.194004e-01,6.334858e-01,3.493037e-01,-2.435774e-01,-5.716337e-01,-1.580328e-01
-8.525758e-04,-5.696380e-01,-3.945897e-01,8.294862e-01,1.936852e-04,1.214939e+00,-2.370760e-05,-5.801320e-02,-1.081308e+00,1.643670e-03
-1.645855e-01,-1.408432e+00,6.658252e-02,-4.684391e-01,-6.285069e-01,7.143926e-01,1.815569e-01,-1.164925e+00,-9.689595e-02,2.381056e-02
-8.136380e-01,1.226066e+00,9.216329e-01,-5.352702e-01,1.148244e+00,1.028581e+00,-1.444891e+00,3.843700e-01,1.887671e+00,1.037358e+00
