1.369317e+00,-7.151094e-01,-1.004900e+00,-5.148447e-01,-2.898621e-01,3.695731e-01,8.449311e-02,-1.039924e+00,1.319749e+00,1.782442e+00
1.526848e+00,1.252102e+00,8.277342e-01,2.237899e-01,1.085660e-01,1.328667e+00,-1.746855e+00,1.924625e-01,3.633935e-01,4.884859e-01
1.596261e+00,-3.459533e-01,4.917297e-01,9.757465e-01,3.320344e-01,3.852603e-02,-1.272778e+00,2.496788e-01,-3.388160e-02,5.929192e-01
-3.311736e-03,7.320451e-01,-2.966768e-02,8.065237e-01,-4.894010e-03,-8.658607e-01,6.341430e-03,6.240213e-01,3.848642e-02,-2.647601e-03
-8.255617e-04,3.436453e-01,6.406485e-01,8.949098e-01,-3.024698e-03,3.824862e-01,4.587649e-03,1.112227e+00,1.794529e-02,5.136176e-04
-1.531739e-03,-2.736669e-01,-3.179167e-01,2.079633e-01,2.467073e-03,2.008469e-01,9.667993e-03,-3.610525e-01,-3.927747e-01,-1.349472e-03
1.974364e-03,7.257472e-01,-1.197813e+00,3.364928e-01,4.749880e-04,7.391077e-01,4.789678e-03,8.178875e-01,3.704462e-01,5.944267e-04
-9.707106e-01,-1.747298e+00,-9.943330e-01,-1.340296e+00,3.945786e-01,1.773360e+00,-1.222951e-01,4.183755e-01,1.162908e+00,1.906766e+00
-1.928281e-03,-2.372409e-01,-3.730468e-01,1.722242e-01,1.040699e-04,-6.494241e-02,-2.862435e-03,-4.797756e-01,9.330843e-01,-1.570689e-04
-4.377357e-03,-4.992338e-01,-7.670516e-01,2.262900e-01,-6.557537e-03,-1.405407e+00,7.772124e-04,-1.948401e+00,9.503155e-02,-2.841229e-04
3.291296e-03,-2.708669e+00,-6.079009e-01,-1.435283e+00,4.569677e-03,1.330057e+00,7.208471e-03,-6.633982e-01,-2.592068e-01,1.421571e-03
-2.613192e-03,-1.272393e+00,5.418101e-01,7.582382e-01,-5.340686e-03,-1.251018e+00,-8.950977e-03,5.897549e-01,1.917067e-01,-4.505146e-03
6.782949e-04,-5.113925e-01,-3.582419e-01,-3.473560e-01,-1.599456e-03,3.688973e-01,6.791120e-03,-1.352208e+00,4.660750e-01,1.034621e-03
3.439860e-03,3.068504e-02,9.027337e-01,-4.657608e-01,1.341013e-03,-2.995727e-01,3.013521e-03,1.123463e-03,-4.629310e-01,3.671366e-03
-1.453248e-04,-1.246342e+00,-1.145041e+00,-2.674816e-02,-2.088997e-03,-9.672709e-01,7.860647e-03,4.464116e-01,-1.068020e+00,-4.096690e-04
1.524718e+00,-1.159151e-01,7.778835e-01,-1.468425e+00,-2.502235e-01,-3.877822e-01,-1.372449e+00,6.898398e-01,4.132327e-01,-1.947163e+00
-7.807541e-01,2.792380e-01,1.554313e+00,-8.082130e-01,-3.145319e-01,4.252032e-02,3.546283e-01,-6.175336e-02,1.128408e+00,-1.618192e-01
1.017594e-03,-4.798384e-01,-1.897389e+00,-1.190507e+00,4.025697e-03,8.799861e-01,-3.502802e-04,-1.113801e+00,-5.182427e-01,-3.374602e-03
-1.520390e-01,1.524942e-01,-6.698254e-01,-1.345087e-01,-6.252567e-01,7.843477e-01,1.794563e-01,1.113418e+00,-1.482343e+00,2.348369e-02
-8.164854e-01,-2.066576e-01,-2.873140e+00,9.504513e-01,1.153475e+00,7.409228e-01,-1.463784e+00,-3.977907e-01,-2.926374e-01,1.040606e+00
