1.356454e+00,-1.167172e+00,5.817128e-01,5.824932e-01,-2.749192e-01,8.529608e-01,9.181848e-02,6.826483e-01,2.854383e-01,1.776649e+00
1.521050e+00,1.641655e+00,1.213975e-02,3.244016e-01,1.054304e-01,-6.497064e-01,-1.752390e+00,7.856507e-01,-1.383522e+00,4.869675e-01
1.600633e+00,-2.357014e-01,1.326044e+00,-3.584135e-01,3.307850e-01,-6.738793e-01,-1.263721e+00,1.401106e-01,-4.923520e-01,5.899397e-01
3.544793e-03,8.151198e-01,-3.083523e-01,3.024271e-01,5.608590e-03,2.419603e-01,-2.595352e-03,-2.607403e-01,6.738589e-01,-2.161499e-03
3.453938e-03,-4.914160e-01,-2.156798e-01,-3.267704e-01,-1.356542e-04,-5.269792e-01,7.081828e-03,2.762802e-01,4.196584e-02,2.495587e-03
2.486372e-03,3.959931e-02,5.847006e-01,-1.241948e+00,-3.104912e-03,8.704483e-01,-9.250194e-04,-4.688852e-01,-1.100815e+00,-1.800639e-03
-2.217348e-03,-9.735663e-02,-4.997935e-01,8.281898e-02,-1.480134e-03,-4.982053e-01,1.008986e-02,6.958140e-01,7.171462e-01,8.266480e-04
-9.698992e-01,2.765051e-01,9.952393e-01,-4.549781e-01,3.923173e-01,3.340119e-01,-1.132294e-01,1.937980e-02,-4.935554e-01,1.900690e+00
-1.228708e-03,3.760766e-01,-2.528252e-01,-7.854365e-01,-3.014209e-03,9.666225e-01,-1.391257e-02,-2.981255e-01,1.603362e+00,4.860225e-03
-1.521050e-03,-4.657648e-01,-1.768494e+00,-1.798587e-02,-6.165142e-03,-3.407855e-02,1.144006e-03,-3.299053e-01,1.481419e+00,5.733680e-04
-3.865114e-03,1.616360e-01,2.281849e+00,-2.027329e-01,-1.719471e-04,-9.191975e-01,-4.529088e-03,-8.279609e-01,1.373398e+00,1.834169e-03
5.954839e-03,-1.118159e+00,1.715485e-02,-1.495392e+00,7.900097e-04,-1.132853e+00,-9.105754e-04,4.318857e-01,3.840438e-01,-1.024316e-03
4.570317e-03,4.209690e-02,2.013561e-01,1.482029e-01,1.470313e-03,-8.279238e-01,6.716499e-03,4.913892e-01,-6.439650e-01,2.083162e-03
3.003349e-03,8.262384e-02,4.688991e-01,-1.737650e-01,1.992629e-03,6.035458e-01,5.337887e-04,1.249419e+00,5.796805e-01,3.326408e-03
-3.805576e-03,4.686436e-01,-1.757180e+00,-1.355240e+00,-6.343059e-03,7.207734e-01,-1.021040e-03,-2.581556e-01,5.300235e-01,2.912532e-03
1.522023e+00,-5.060503e-02,6.921221e-01,-6.293736e-02,-2.475344e-01,4.534255e-01,-1.382604e+00,-1.056243e+00,2.936231e-01,-1.946199e+00
-7.820740e-01,1.163137e+00,-1.903548e-01,5.251530e-01,-3.068321e-01,2.122521e-01,3.529423e-01,1.237030e+00,-1.127050e+00,-1.565834e-01
-6.444489e-03,3.580627e-01,-4.523551e-01,-1.852572e+00,-5.314752e-03,-2.274822e-01,1.368274e-03,3.319616e-01,2.008200e-01,1.448260e-04
-1.583312e-01,-6.561632e-01,1.056874e+00,1.533432e-01,-6.332139e-01,2.058843e-01,1.638988e-01,1.150165e+00,1.729065e+00,2.189764e-02
-8.192904e-01,-5.273979e-01,1.318950e+00,1.078264e+00,1.152187e+00,-1.656246e-01,-1.464332e+00,3.401569e-01,3.043709e-01,1.040336e+00
