1.360609e+00,2.576908e-01,1.416772e+00,1.526875e+00,-2.860147e-01,6.403596e-02,9.418324e-02,-1.456431e+00,-1.243489e+00,1.778548e+00
1.522049e+00,1.140107e+00,-3.223680e-01,-5.313532e-01,1.069425e-01,-1.959400e+00,-1.746705e+00,1.727492e-01,-6.832104e-01,4.882418e-01
1.599002e+00,8.798900e-02,4.484234e-01,-1.124592e+00,3.279464e-01,-1.177838e+00,-1.277702e+00,-1.816978e+00,-9.093151e-01,5.865755e-01
-9.137831e-04,8.366610e-01,-3.207879e-01,4.527838e-01,1.607747e-03,3.499807e-01,4.276814e-03,1.494685e+00,1.685929e+00,2.234812e-04
5.905084e-04,5.397904e-01,1.900049e-01,-1.171072e+00,-5.547315e-03,2.974870e-01,7.552782e-03,-7.679695e-01,-6.440125e-01,1.352050e-03
5.962251e-04,-1.033557e+00,1.002507e+00,8.897338e-01,2.616752e-03,-9.137109e-02,3.846515e-03,-1.483065e+00,8.254339e-01,2.180622e-03
-2.046474e-03,2.717697e-01,1.494482e+00,1.917338e+00,-6.203758e-03,-2.073784e-01,-3.419862e-03,5.979124e-01,-2.429429e-01,-7.783084e-04
-9.754666e-01,-1.055176e+00,-1.547002e-01,2.974944e-01,3.928293e-01,-2.109658e-01,-1.112667e-01,-4.959731e-01,-1.267970e+00,1.904003e+00
1.149823e-03,3.937845e-01,-2.054893e+00,2.342154e-01,-5.210156e-03,4.073527e-01,-1.296164e-02,-1.833596e+00,1.426679e+00,8.003860e-04
-9.617676e-04,-6.973230e-02,-9.583326e-01,1.773559e+00,-4.583641e-04,2.374358e-01,-1.079672e-02,-5.478505e-01,6.764952e-01,-3.035830e-04
-1.454729e-03,2.331572e-01,8.633972e-02,1.372229e+00,1.087135e-03,-4.073477e-01,-5.971944e-03,-4.918086e-01,-1.251748e+00,2.239776e-03
-2.804641e-03,-1.030173e+00,-3.548692e-01,1.061279e+00,-2.008290e-04,1.526213e+00,-5.338925e-03,-4.204631e-01,-8.625770e-01,-1.899322e-03
-4.249186e-03,1.373828e-02,1.886003e+00,1.996502e+00,1.337393e-02,3.610850e-01,-2.168968e-03,-8.479042e-01,-2.388678e-04,4.033745e-03
-1.000020e-03,1.196230e+00,2.639496e-02,-7.891510e-01,6.466436e-03,-7.920514e-01,-3.396849e-03,7.501690e-01,4.139430e-01,4.712986e-04
2.180913e-03,-1.752384e+00,-4.600991e-02,4.051945e-01,-2.140525e-03,1.411158e+00,5.899799e-03,-6.944927e-01,-1.246975e+00,-2.050156e-03
1.521183e+00,6.311428e-01,1.377529e-01,-1.378017e+00,-2.393145e-01,-7.404081e-01,-1.386277e+00,5.519068e-01,-1.444687e-01,-1.946313e+00
-7.793583e-01,1.132014e+00,-1.115120e-01,1.250049e+00,-3.299748e-01,-4.439079e-01,3.609290e-01,-7.535819e-01,-1.443758e+00,-1.613816e-01
-1.310672e-05,-1.048524e+00,1.026619e-02,7.061942e-01,4.969169e-03,6.347927e-01,-8.598158e-04,-9.457854e-01,-5.889357e-01,-1.610319e-03
-1.546027e-01,-5.953377e-01,6.978938e-01,2.734724e-01,-6.177744e-01,-2.278440e-01,1.661591e-01,8.477015e-01,4.707726e-01,2.674629e-02
-8.209114e-01,5.840741e-01,-9.787982e-01,3.343335e-01,1.156094e+00,-5.932353e-01,-1.456244e+00,1.076650e+00,-1.153341e-01,1.039511e+00
