1.365447e+00,-3.108249e-01,2.769487e-01,7.972170e-01,-2.849242e-01,-1.859724e+00,9.308824e-02,9.203482e-01,-1.043290e+00,1.777381e+00
1.521935e+00,1.262798e-01,3.910975e-01,-5.637921e-02,1.047896e-01,-8.250904e-01,-1.756205e+00,1.009049e-01,7.506212e-01,4.892164e-01
1.601130e+00,3.254011e-01,4.189811e-01,1.731427e+00,3.272071e-01,-3.388321e-01,-1.272989e+00,1.913784e-01,6.495426e-01,5.922227e-01
-3.683096e-03,4.561865e-01,-3.632262e-01,1.755632e+00,9.482843e-04,-1.204268e+00,-1.181713e-03,1.230349e+00,-1.174729e+00,1.898040e-03
-6.736882e-04,-1.002603e-01,4.258766e-01,6.181241e-01,-4.108253e-03,-8.058148e-01,9.609586e-03,-4.430331e-01,7.053125e-01,2.061158e-03
3.338898e-03,6.806729e-01,-6.478915e-01,-2.841128e-01,2.771940e-03,-9.948655e-01,-1.045022e-02,-5.617252e-01,-5.865031e-01,9.430210e-04
5.649854e-04,-5.862035e-01,2.694549e-01,9.771940e-01,-1.109720e-02,8.701014e-01,4.500217e-03,-1.621888e-01,-8.257717e-01,5.278216e-04
-9.735542e-01,-2.672799e-01,2.093863e+00,1.394654e-01,3.824773e-01,-1.254234e+00,-1.114366e-01,2.777321e-01,-2.301557e-01,1.906565e+00
1.593271e-03,8.998832e-01,2.239541e-01,3.974324e-01,-2.681295e-03,1.673760e-01,7.572200e-03,2.940140e-01,-5.335557e-02,2.124178e-03
2.917158e-03,1.351760e+00,-1.257532e-01,2.271082e+00,-4.275566e-03,3.844654e-01,5.776913e-03,-3.240864e-01,-4.323162e-01,-1.518895e-03
-2.579005e-03,-1.569303e-02,9.392598e-01,-5.554332e-01,-1.743621e-03,-8.302532e-01,7.309701e-04,-1.499524e+00,4.390654e-01,2.481566e-03
2.685211e-04,7.254535e-01,6.199749e-01,-6.766424e-01,1.285523e-03,-7.504910e-01,-6.420325e-03,-3.275154e-01,-3.681909e-01,-5.364928e-03
1.089899e-03,4.972163e-01,5.024300e-01,-1.540277e-01,2.930909e-03,3.225245e-01,-2.048885e-03,2.226500e-01,-1.730315e+00,5.585755e-03
1.252444e-03,1.321856e+00,-6.317400e-01,1.320800e+00,4.418040e-03,-3.152277e-02,7.320118e-04,5.995905e-02,1.788308e-01,3.439883e-03
-2.736756e-03,-4.724768e-01,-2.923689e-01,4.637320e-01,-4.704072e-03,1.585149e+00,-8.070259e-03,-3.228682e-01,-5.073213e-01,-1.699531e-05
1.528438e+00,-2.008624e+00,-1.417021e+00,-1.141413e+00,-2.394856e-01,-1.606377e+00,-1.394959e+00,-5.630029e-01,6.519025e-01,-1.945695e+00
-7.836390e-01,7.141268e-01,4.092603e-01,2.066424e+00,-3.262237e-01,-1.327209e+00,3.656411e-01,2.310952e-01,-1.109100e+00,-1.650838e-01
3.322372e-03,3.519809e-01,-8.712262e-01,-4.705844e-01,-4.686113e-03,1.841009e+00,6.305039e-03,7.913613e-02,5.403042e-01,-1.553335e-03
-1.534284e-01,1.966875e+00,-2.780496e-01,-1.041100e+00,-6.229294e-01,7.745950e-02,1.701721e-01,1.175702e+00,-2.698836e-01,2.291654e-02
-8.201579e-01,-3.565325e-01,-9.133478e-01,7.764873e-01,1.150275e+00,-2.134071e-01,-1.467843e+00,1.423300e+00,1.088116e+00,1.038035e+00
