1.368325e+00,6.650890e-01,7.489475e-01,8.055359e-01,-2.870083e-01,3.970504e-01,9.744976e-02,-9.375543e-01,1.357732e-01,1.777533e+00
1.517860e+00,8.515870e-01,-1.015921e+00,-1.342671e-01,1.063847e-01,-1.158938e-01,-1.751147e+00,9.041420e-01,8.810958e-01,4.888596e-01
1.600698e+00,-1.227895e+00,2.998561e-01,-1.416791e-01,3.360154e-01,1.098085e+00,-1.265087e+00,1.563281e+00,-4.091675e-01,5.929692e-01
2.616118e-03,-5.239521e-01,-5.509304e-01,-2.196759e+00,7.062159e-04,1.830382e-01,-9.781245e-03,8.711460e-01,8.068591e-01,8.286455e-04
-6.163536e-04,-1.967935e-01,-5.782008e-01,-6.194073e-01,-1.221059e-03,2.226397e+00,1.042967e-02,5.953145e-01,4.904745e-01,1.054391e-03
-2.506256e-03,1.116800e+00,3.572404e-01,-1.114956e-01,-2.479943e-03,5.272823e-01,1.419096e-03,-2.222601e-01,5.490768e-01,1.108499e-03
3.014748e-03,-6.736758e-01,8.126249e-01,-2.632487e-01,-3.386303e-03,-1.574373e-01,8.927118e-04,1.812288e-01,-3.229931e-01,-8.322695e-04
-9.741437e-01,-4.342407e-01,2.032028e+00,2.761416e-01,3.844623e-01,-8.351197e-01,-1.127420e-01,7.812083e-01,-2.521343e-01,1.901929e+00
-2.255012e-03,4.897074e-01,-6.733658e-01,-4.166391e-01,-2.858731e-03,-1.473067e+00,5.351381e-03,-4.802995e-02,-1.736599e+00,2.387301e-03
-2.890686e-03,4.883666e-01,-1.680027e-01,6.428968e-02,-9.705966e-04,-4.655088e-01,4.903610e-03,-9.383895e-01,1.784774e+00,-2.115449e-03
4.643150e-04,2.761902e-01,-6.891115e-01,-1.126938e-01,4.652597e-03,-1.376491e+00,9.708446e-03,6.394063e-01,-6.060292e-01,2.253891e-04
-6.684833e-05,3.838442e-01,-1.487028e+00,3.530410e-02,-9.622060e-03,2.998424e-01,-3.204278e-03,6.387121e-02,1.187558e+00,-4.867182e-03
6.177944e-04,-3.665961e-01,2.260563e-01,-1.377860e+00,-1.103890e-05,9.594293e-01,-1.156596e-02,-2.271036e+00,2.692224e-01,1.819243e-03
-3.813955e-03,9.266942e-02,-6.741211e-01,-1.283444e-01,5.342590e-03,1.028073e+00,-5.326838e-03,-1.018021e+00,1.446967e+00,2.756500e-03
-8.569283e-04,4.380251e-01,8.138618e-01,-7.850518e-01,-3.353627e-05,-1.233525e-01,3.417790e-03,2.041228e+00,-3.450776e-01,-8.545357e-04
1.528133e+00,-6.917397e-01,-3.715334e-02,-6.014261e-01,-2.474732e-01,-9.996238e-01,-1.377138e+00,-6.821543e-01,-8.007113e-01,-1.947742e+00
-7.777764e-01,-1.517019e-01,7.216599e-01,-6.622011e-01,-3.073525e-01,2.485098e-01,3.441076e-01,1.209967e+00,8.015936e-01,-1.616391e-01
-2.545748e-03,-2.510862e-01,-5.729876e-01,1.871301e+00,3.399388e-03,4.673034e-01,-2.355654e-04,-3.748548e-01,-5.268627e-02,-4.249218e-03
-1.517712e-01,8.127357e-01,-2.498439e-02,5.854370e-01,-6.247514e-01,-8.900271e-01,1.631002e-01,-1.135179e+00,-2.193781e-02,1.950890e-02
-8.147757e-01,-4.096226e-01,2.478038e-01,-1.098055e-01,1.158782e+00,-5.397149e-01,-1.464187e+00,2.281580e-01,-3.744189e-02,1.035425e+00
