1.365424e+00,8.199568e-01,7.363108e-02,5.759080e-01,-2.858398e-01,1.459616e+00,9.643368e-02,-6.907645e-01,-1.890836e-01,1.779477e+00
1.528691e+00,8.680038e-01,4.876935e-01,-1.109687e+00,1.034775e-01,1.237377e-01,-1.746778e+00,-1.070475e-01,3.452547e-02,4.883504e-01
1.599418e+00,-8.638051e-01,2.559869e+00,8.487670e-01,3.254580e-01,-6.278569e-01,-1.275037e+00,1.337329e+00,-1.033262e+00,5.912590e-01
-3.514263e-03,-3.990395e-01,-1.146396e-01,9.344284e-02,3.359748e-04,-8.908771e-01,4.431522e-03,1.512352e-01,-1.359911e+00,4.360990e-03
9.742151e-04,-5.060233e-01,7.561657e-01,-4.835781e-01,4.381885e-03,-6.393555e-01,4.866621e-03,-3.766668e-01,-8.224676e-01,-1.677774e-03
8.403943e-04,3.489858e-02,-5.563326e-01,9.164887e-01,3.138297e-04,-8.727695e-01,7.165657e-03,-3.793842e-01,6.428064e-01,2.300944e-03
6.118237e-04,-1.013664e+00,-7.970510e-01,1.068361e-01,-3.751813e-03,-1.773612e+00,5.717802e-03,2.418878e-01,-1.632905e-03,-5.030240e-03
-9.699566e-01,6.595389e-01,1.148279e+00,8.044984e-01,3.814058e-01,3.657611e-01,-1.304440e-01,4.635204e-01,2.657223e-01,1.905936e+00
-3.466367e-03,-5.095683e-02,-1.402082e+00,6.960611e-02,6.140523e-03,6.172373e-01,-1.623961e-02,2.028400e-01,-5.549416e-01,-4.578224e-04
-3.174265e-04,-7.436346e-01,6.134885e-01,-5.214101e-01,-2.440151e-03,9.567421e-01,3.923695e-03,-1.532538e+00,-3.461109e-01,-2.298388e-03
4.364032e-03,9.189838e-01,6.122685e-01,3.206964e-01,2.444379e-03,2.271394e-01,8.689059e-03,1.168367e+00,7.869385e-01,-2.471976e-03
-9.980887e-04,3.631362e-01,-8.292406e-01,2.842960e-01,-1.020877e-02,-6.805961e-01,-1.413619e-02,-2.607847e-01,4.147811e-01,-3.490520e-03
3.529093e-03,1.864291e-01,2.599438e-01,1.469239e+00,2.810923e-03,9.844880e-01,5.692334e-03,7.632072e-01,-1.751783e+00,5.284972e-03
-2.118327e-04,-3.582016e-01,-2.770588e-01,-1.465816e+00,1.176734e-03,-4.383436e-01,1.051345e-02,-2.312583e-01,-7.665288e-01,4.096102e-03
-2.554179e-03,3.614475e-01,-2.824283e-01,-1.049997e-02,2.991710e-03,-4.612498e-01,-1.294139e-02,-2.728514e-01,1.067372e+00,-3.126908e-03
1.521315e+00,5.520185e-01,-1.129509e+00,-5.457086e-01,-2.422119e-01,-1.171246e-01,-1.382162e+00,-7.096495e-01,4.240131e-01,-1.946009e+00
-7.803431e-01,9.136406e-01,1.285027e-01,-8.165582e-02,-2.947872e-01,-4.162964e-01,3.533156e-01,1.119304e-01,-1.217504e+00,-1.618061e-01
-2.159961e-03,-7.547122e-01,-8.308376e-01,1.429666e+00,2.484681e-03,1.289839e+00,-8.557558e-03,-7.250384e-01,-1.461379e+00,-7.307589e-03
-1.605906e-01,1.711269e+00,-2.865568e-02,-6.213775e-01,-6.256568e-01,-3.584204e-01,1.736617e-01,-7.567725e-01,1.910177e+00,2.404058e-02
-8.167726e-01,4.890716e-01,-8.373118e-02,1.408981e-01,1.153760e+00,7.660163e-01,-1.449485e+00,9.370894e-01,-1.229455e+00,1.034576e+00
