1.367569e+00,-8.242190e-01,1.908705e-02,-1.569545e+00,-2.773131e-01,-6.002786e-01,9.488764e-02,1.563551e+00,7.616853e-01,1.785017e+00
1.525990e+00,-5.169332e-01,-8.800348e-01,8.859523e-01,1.001479e-01,5.803226e-01,-1.740790e+00,7.505884e-02,2.410915e-01,4.857171e-01
1.597369e+00,9.072991e-01,2.825919e-01,-1.330841e+00,3.259823e-01,-8.485075e-02,-1.259282e+00,-2.034165e-01,-1.626608e-01,5.917835e-01
1.008618e-03,-2.815366e-01,-1.071775e+00,-2.347792e-01,-1.776565e-03,-8.730055e-03,-2.462681e-03,1.194833e-01,3.543614e-01,8.664944e-04
3.531979e-03,4.044619e-01,1.148734e+00,-3.028541e-02,-1.054593e-03,1.684914e+00,-8.961461e-04,1.184589e+00,-5.878826e-01,-1.342018e-03
-2.787468e-04,2.644112e-01,2.497147e-01,-7.263143e-01,1.153670e-03,2.277113e-01,-2.493515e-03,6.280072e-01,-7.858875e-01,-5.311567e-03
-5.174360e-03,-6.275947e-01,-7.044404e-01,9.203767e-01,-1.656558e-03,-9.036886e-01,-2.222134e-03,5.213525e-01,-3.851332e-01,2.765533e-03
-9.709786e-01,2.947954e-01,7.644752e-01,1.775747e+00,3.952489e-01,-4.125765e-01,-1.072615e-01,3.478880e-01,3.907663e-01,1.903230e+00
-8.182967e-04,-8.729151e-01,-1.474539e+00,-1.405007e+00,-3.940846e-03,9.740164e-01,4.003613e-03,2.597137e-01,1.563139e+00,1.031675e-03
-4.952110e-03,1.330017e-01,-7.024481e-01,5.227531e-01,-3.161287e-03,5.858320e-01,2.774923e-03,-3.701301e-01,1.370912e+00,1.283837e-03
-9.138469e-03,2.589652e-01,1.469758e+00,-1.094995e+00,-7.220200e-04,3.466011e-01,-6.190085e-03,-7.182392e-01,1.445351e-01,1.191918e-03
1.537706e-03,-7.529760e-02,-4.036873e-01,8.376426e-01,3.365575e-03,-6.974173e-01,-9.631906e-03,-9.034043e-01,1.654038e+00,-2.229199e-03
-2.976327e-04,1.801712e-02,-1.473515e+00,3.940857e-01,5.492891e-03,4.472591e-01,5.890958e-03,8.771248e-01,-4.591720e-01,1.797010e-03
3.226504e-03,1.198819e+00,-7.567692e-01,-2.288789e-01,3.209814e-03,4.957283e-01,6.485823e-03,-5.695833e-02,-1.721636e+00,3.306812e-03
3.078722e-03,1.891327e-01,3.053822e-01,-7.444317e-01,-1.335720e-03,-6.336732e-01,-3.733497e-03,1.182372e+00,-2.660864e-01,6.658842e-04
1.526920e+00,1.012447e+00,2.499283e-01,-5.652760e-01,-2.415378e-01,1.655066e-01,-1.388188e+00,-1.331333e-01,-7.470583e-01,-1.946806e+00
-7.736978e-01,4.711261e-01,-1.002378e+00,-1.336051e+00,-3.102781e-01,3.539191e-01,3.496344e-01,-3.973766e-01,-4.705290e-01,-1.637923e-01
3.834063e-03,1.140477e-01,-1.536408e-01,-1.155647e+00,1.648529e-05,-3.317257e-01,1.042541e-03,-1.957711e+00,2.612025e-01,-3.298139e-03
-1.588713e-01,6.376909e-01,1.127554e+00,1.337467e+00,-6.191153e-01,-2.175654e-01,1.619299e-01,-1.278620e+00,1.108135e+00,2.353640e-02
-8.148144e-01,2.272796e-01,3.792925e-01,2.341541e-01,1.147877e+00,8.768696e-01,-1.462996e+00,8.038100e-02,-1.950769e-01,1.040502e+00
