1.368099e+00,-2.080643e-01,5.001831e-01,8.287823e-01,-2.856646e-01,4.467693e-02,9.487454e-02,1.808331e-02,9.891516e-01,1.775960e+00
1.519605e+00,-5.079176e-01,-2.275143e-01,1.839016e-01,1.205652e-01,4.747126e-01,-1.750049e+00,-1.123029e+00,9.116141e-02,4.841025e-01
1.597024e+00,-3.250694e-01,-3.185255e-01,5.155362e-01,3.298364e-01,8.650590e-01,-1.269263e+00,-2.322823e+00,5.253901e-01,5.903786e-01
-6.571950e-04,-1.743499e+00,-8.172045e-01,9.493471e-01,-9.285634e-04,-8.576395e-01,9.090148e-03,-1.118576e+00,2.983028e-01,3.859483e-04
2.391251e-03,-5.947667e-01,2.205913e-01,-8.166488e-01,2.697646e-04,-1.146996e+00,-1.843884e-03,1.576062e-01,-6.525489e-01,7.023864e-04
5.260293e-03,-1.103795e+00,7.117082e-01,-1.108513e+00,-7.118430e-03,7.805167e-01,1.509157e-03,3.402386e-01,-6.123088e-01,-1.451527e-03
-4.330262e-03,5.091658e-01,2.835208e-01,-1.175960e+00,-7.837944e-03,2.733037e-01,1.048957e-02,-8.036934e-02,6.074631e-01,-4.621833e-04
-9.771528e-01,6.323045e-01,-6.638065e-01,8.694365e-02,3.884715e-01,3.257698e-01,-1.109536e-01,1.862753e-01,-4.219032e-01,1.904072e+00
-7.373368e-03,-7.316669e-01,-2.118940e-01,1.362693e-01,-8.508678e-04,6.597453e-01,-1.401261e-03,9.124588e-01,3.057723e-01,1.892957e-03
-1.398062e-03,-5.830771e-01,3.948899e-01,-2.665448e-01,-9.117953e-03,-9.388968e-01,9.980332e-04,-4.105402e-01,-4.067094e-02,-2.650789e-03
-1.543515e-03,-8.357759e-01,-6.433285e-01,1.055326e-01,7.599564e-03,1.567864e+00,-2.953089e-03,9.233359e-01,-9.435827e-01,-1.102095e-03
-3.916980e-03,-6.195200e-01,2.950356e-02,4.878661e-01,-4.145240e-03,8.059800e-01,4.988510e-03,-1.706947e-01,6.953597e-01,-2.724852e-04
7.100244e-03,-7.011291e-01,1.144024e-01,1.202682e+00,-6.716756e-04,-1.930864e-01,2.985573e-03,2.535717e-01,1.104490e+00,3.396436e-03
2.217124e-03,4.317806e-01,1.196072e+00,5.455097e-01,-9.050500e-04,-1.364284e+00,3.087843e-03,-9.117441e-02,-6.360226e-01,1.067314e-03
-5.641527e-03,-8.110322e-01,-1.211285e+00,-1.552933e+00,-1.432308e-03,-8.863000e-01,3.547627e-03,1.888312e-01,4.850170e-01,-8.800396e-04
1.525203e+00,-4.813244e-01,-1.972428e+00,-5.101033e-01,-2.461976e-01,-1.451525e-01,-1.390009e+00,-7.695535e-01,-1.163352e+00,-1.948174e+00
-7.799670e-01,-5.001969e-01,-2.973638e-02,-2.001053e-01,-3.139334e-01,6.735238e-01,3.517989e-01,-1.172486e+00,-4.011004e-01,-1.603183e-01
1.991228e-03,1.335985e+00,-3.102454e-01,8.695153e-01,-1.386424e-04,-3.304056e-02,8.755311e-03,-1.005978e+00,-5.937233e-01,1.678528e-03
-1.582832e-01,2.081833e+00,7.496124e-01,-2.972193e+00,-6.228422e-01,6.439779e-01,1.743971e-01,3.579876e-01,-1.588303e+00,1.771012e-02
-8.159591e-01,7.138284e-01,-4.620689e-01,-8.201120e-02,1.153432e+00,-1.515560e-01,-1.459905e+00,1.220291e-01,6.907103e-02,1.043989e+00
