1.362679e+00,-9.297416e-01,1.134066e+00,-1.228616e+00,-2.921290e-01,-3.646988e-01,8.756680e-02,-9.922413e-01,3.968372e-01,1.778339e+00
1.527202e+00,1.202508e-01,-7.556560e-01,-2.412812e-01,1.062578e-01,-4.086209e-01,-1.738111e+00,-3.094777e-01,6.634842e-01,4.805854e-01
1.602695e+00,2.447874e-01,3.797796e-01,1.117059e+00,3.313582e-01,1.529208e+00,-1.278017e+00,-3.131014e-02,-5.020581e-01,5.884061e-01
-5.024320e-03,1.760654e-01,1.287324e-01,1.447099e-01,5.643189e-03,4.569846e-01,5.779769e-04,-4.068135e-01,8.014157e-02,-4.313380e-05
1.837837e-03,-8.812804e-02,-1.981531e-01,-8.963642e-01,-5.037616e-03,-4.389444e-01,-3.277992e-04,-5.418222e-01,9.747551e-01,-5.524024e-04
-5.874477e-04,-3.228112e-01,7.958394e-01,-9.711341e-02,-1.079885e-02,5.702424e-01,3.254559e-03,-7.965675e-01,-5.139429e-01,1.646287e-03
-3.266852e-03,8.247500e-01,5.238238e-01,-1.981386e-01,2.893665e-03,-6.324722e-01,-3.905782e-03,5.836316e-01,-5.195282e-01,6.010947e-04
-9.767162e-01,-2.702530e-02,9.224057e-01,1.014147e+00,3.842800e-01,-4.811496e-01,-1.170707e-01,-2.980868e-01,8.398204e-01,1.907288e+00
6.528224e-03,-1.283766e+00,3.455663e-01,1.898173e-01,-4.787264e-03,4.532327e-01,1.929096e-03,3.694459e-01,-5.125947e-01,4.679057e-04
-3.852453e-03,8.506906e-02,-1.479371e+00,3.488444e-01,-5.665152e-03,-3.937818e-01,-8.578827e-05,6.706481e-01,5.591265e-01,-2.260317e-03
2.553134e-03,4.660323e-01,-8.693290e-01,-2.998010e-01,7.919158e-03,1.608529e+00,-1.012305e-03,8.988812e-01,-1.110088e+00,-2.639812e-04
-3.175026e-03,-5.211060e-01,-1.861690e-01,7.807991e-01,-7.257222e-05,5.798452e-01,8.168012e-03,1.722291e-01,7.784281e-03,-2.807121e-03
1.153234e-03,-8.821915e-02,1.481174e+00,-1.551311e+00,-4.984299e-03,-8.802766e-01,2.847310e-03,-9.930812e-01,9.499658e-01,2.610674e-03
-4.597298e-03,-1.257221e+00,-2.302726e+00,1.661595e-01,-9.798772e-04,6.024699e-03,-6.540575e-03,1.356190e-01,-1.404493e+00,-1.490045e-03
1.258993e-03,2.203286e-01,-1.163205e-01,-1.089622e+00,-1.111350e-03,-4.562716e-01,-5.056364e-03,6.648774e-01,-1.507829e-01,-4.774555e-03
1.519613e+00,-7.115038e-01,3.645563e-01,3.560350e-01,-2.520176e-01,-6.013890e-01,-1.396570e+00,1.873768e+00,1.059171e+00,-1.946705e+00
-7.787751e-01,3.475081e-02,-1.424282e-01,-2.483850e-01,-3.153554e-01,2.605364e-01,3.615271e-01,-6.975872e-02,-6.633953e-02,-1.595780e-01
-5.133557e-03,-2.315249e-01,3.978313e-01,-6.652534e-01,1.880435e-03,-8.702236e-01,-1.777689e-02,-7.610322e-01,-2.455369e-01,2.631323e-03
-1.606369e-01,1.675113e+00,-3.755462e-01,-5.469102e-01,-6.242834e-01,6.894143e-01,1.776710e-01,-1.201404e+00,-6.087621e-01,2.412454e-02
-8.143509e-01,-1.571028e-01,-2.316503e-02,3.457760e-01,1.151895e+00,3.107910e-01,-1.466186e+00,2.121144e-02,-8.980967e-01,1.038026e+00
