1.361516e+00,3.940754e-01,-4.632148e-01,-1.341318e-01,-2.834374e-01,7.905253e-01,9.907111e-02,1.162549e-01,7.273106e-01,1.779005e+00
1.524924e+00,1.016924e+00,-4.061429e-01,-6.472840e-01,1.042113e-01,-5.622523e-03,-1.745345e+00,5.756111e-01,-7.626802e-01,4.835282e-01
1.604672e+00,-3.806374e-01,-4.809171e-01,3.071292e-01,3.271133e-01,1.347198e-01,-1.273490e+00,-6.635233e-01,8.662978e-01,5.893433e-01
-4.318218e-04,-3.329856e-01,-1.183720e+00,1.302803e+00,-4.530362e-03,-4.498407e-01,1.433512e-03,-8.400881e-01,-1.300682e+00,-8.258833e-04
-2.990323e-03,3.461247e-01,-2.287859e+00,7.532617e-01,-4.650614e-04,2.608212e-01,-3.002125e-03,-1.039603e-01,-2.605653e-01,3.980384e-03
-2.048435e-03,1.830848e+00,5.743269e-01,-3.069023e-01,-1.065867e-02,3.715575e-01,3.052650e-03,-2.100295e-01,-1.327083e+00,-8.593471e-04
-2.529441e-03,1.167560e+00,1.729051e+00,-7.640274e-01,-5.268559e-03,3.520728e-01,-1.515086e-02,-1.148348e-01,-1.266583e-01,-3.895457e-03
-9.697047e-01,1.095157e+00,-2.248086e-01,-1.823658e+00,3.872254e-01,-5.531192e-01,-1.122877e-01,7.469357e-02,1.593911e+00,1.904865e+00
-2.051184e-03,1.133465e+00,-4.934353e-01,4.973619e-01,-4.403079e-05,-1.387684e+00,1.129245e-03,1.386229e+00,-9.747777e-02,2.679857e-03
-7.398963e-03,-8.224242e-01,5.638697e-01,1.521554e+00,1.301507e-03,-1.126692e+00,-9.924139e-03,-1.176486e+00,-8.480454e-01,-2.771578e-03
-4.381988e-04,1.378660e-02,-1.441461e-01,9.464379e-01,-5.187797e-05,7.566409e-01,9.061506e-03,-1.829048e-01,1.660845e+00,2.873082e-03
-5.666425e-03,7.525124e-01,3.140688e-01,1.725219e+00,3.899206e-03,-4.976909e-02,1.330935e-02,1.510874e+00,3.266622e-01,-2.038532e-03
-2.438317e-03,1.236757e+00,-1.843184e+00,1.260217e+00,-3.431280e-03,9.355534e-01,1.291658e-02,-2.027445e-01,8.772862e-02,2.342990e-03
2.908399e-03,5.082884e-01,-1.114456e+00,9.370649e-02,5.755930e-03,3.386741e-01,5.757243e-03,-2.558921e-01,-1.743254e-03,-8.204740e-04
-1.978797e-03,-1.148048e+00,1.753941e-01,7.135153e-01,-5.035489e-03,5.961610e-01,7.751051e-04,2.012766e-02,5.643127e-01,-4.133702e-03
1.520348e+00,1.318541e+00,6.043080e-01,3.378295e-01,-2.420559e-01,-1.845181e-01,-1.389557e+00,2.358900e-02,1.922717e-01,-1.946913e+00
-7.725913e-01,8.695156e-01,-3.988589e-01,7.845814e-01,-3.204500e-01,2.205936e-01,3.427821e-01,2.414295e+00,-9.743816e-02,-1.630662e-01
1.255395e-03,-8.189364e-01,3.793795e-01,4.085612e-01,-3.688131e-03,-2.665591e-01,1.250907e-02,2.691508e-01,-1.198478e+00,-2.118127e-03
-1.527960e-01,-1.046883e+00,-3.401982e-01,1.190559e+00,-6.304028e-01,2.844299e-01,1.784326e-01,-1.524475e-01,-3.771879e-01,2.238231e-02
-8.096196e-01,1.822717e+00,1.390330e-01,-1.013504e+00,1.150892e+00,1.643038e+00,-1.465768e+00,5.267423e-01,2.239172e+00,1.039711e+00
