1.364793e+00,1.413276e+00,5.474461e-01,-3.813038e-02,-2.875255e-01,-1.292213e+00,9.930894e-02,1.758901e+00,-8.200810e-01,1.777263e+00
1.521842e+00,7.664307e-01,1.871522e-02,-1.341779e+00,1.047154e-01,-8.874265e-01,-1.751065e+00,-1.666853e+00,1.182790e+00,4.872061e-01
1.609410e+00,-8.255198e-01,6.553708e-02,-1.227539e+00,3.338221e-01,9.515177e-01,-1.270526e+00,-5.690392e-01,-1.041683e+00,5.915312e-01
2.970793e-03,7.911009e-01,1.447247e-01,8.113456e-01,1.477313e-03,-1.346383e+00,8.246368e-03,-2.245936e-01,1.287582e+00,-5.321261e-03
-2.692994e-03,5.700550e-02,1.129804e+00,-1.651367e+00,9.496149e-04,8.659815e-03,8.345749e-03,-1.461402e-01,5.231052e-01,3.382864e-03
7.101815e-04,-3.675977e-01,-1.099464e-01,-9.466044e-01,-3.059830e-03,8.143053e-01,-1.179111e-02,-7.544682e-01,-5.603010e-01,3.594163e-04
1.045653e-03,1.444539e+00,-6.374948e-01,6.001090e-01,-1.165876e-02,5.767568e-01,1.076459e-02,-9.950397e-01,6.413320e-01,-4.295298e-03
-9.757546e-01,-1.019750e+00,-3.023835e-02,-7.013853e-01,3.863823e-01,3.372258e-02,-1.137981e-01,-2.329887e-01,1.262952e+00,1.905542e+00
2.710049e-03,3.487755e-01,-6.987201e-01,-1.628428e+00,-1.572249e-03,1.072834e+00,-3.016551e-03,1.962086e-01,-2.218131e-01,2.021993e-03
3.217179e-03,1.898143e+00,-5.779059e-02,-1.385133e+00,-6.387587e-03,-9.285082e-01,9.312664e-04,-2.606359e-01,-2.573293e-01,-1.909695e-03
5.444064e-03,3.017882e-01,-1.212905e+00,8.751196e-02,4.245358e-03,7.477059e-01,4.351001e-03,-9.720070e-01,-1.048395e+00,-1.735548e-03
-5.069592e-03,-2.494310e-01,-6.146802e-01,5.241843e-02,-1.833431e-03,-9.487160e-01,7.316411e-03,-2.959549e-01,-2.094729e+00,-5.425588e-03
3.797236e-03,9.105940e-01,-1.658198e-01,-6.707408e-01,1.660665e-03,-1.092042e+00,5.236502e-03,5.544616e-01,-3.504703e-01,6.644381e-03
-3.123684e-03,-2.788121e-01,4.785592e-01,-1.374446e+00,-1.681496e-03,-1.047570e+00,-1.731966e-02,-1.432687e-02,4.882522e-01,1.332141e-03
-7.216762e-04,1.110132e+00,4.087500e-01,1.796933e-01,2.282091e-03,-1.323223e-01,-9.858202e-03,-5.592658e-01,-5.244446e-01,-1.503677e-03
1.526424e+00,-6.636506e-01,1.438276e+00,1.447170e+00,-2.537195e-01,-1.326360e-01,-1.387244e+00,6.791067e-01,-6.322380e-01,-1.943277e+00
-7.774245e-01,-1.397842e+00,-4.041968e-01,3.748971e-01,-3.030760e-01,-8.966632e-02,3.528334e-01,-3.351360e-01,-1.015411e+00,-1.653571e-01
-5.682692e-03,-7.587846e-01,-6.266115e-01,-5.544641e-01,-6.484665e-05,-6.735118e-01,5.968587e-03,2.980542e-01,-7.103564e-01,-3.880131e-04
-1.551507e-01,1.816114e-01,-7.952299e-01,-3.738181e-01,-6.245358e-01,-7.401518e-01,1.771106e-01,3.217973e-01,-1.210368e+00,2.602206e-02
-8.153032e-01,-1.865356e+00,2.304908e+00,-1.115929e+00,1.150675e+00,5.647356e-01,-1.447459e+00,-1.171629e+00,-7.855146e-01,1.039898e+00
