1.365930e+00,8.510973e-01,1.305233e+00,6.020562e-02,-2.809878e-01,5.449079e-01,8.978705e-02,-1.307706e-01,1.162657e+00,1.779208e+00
1.522796e+00,-8.533439e-01,-5.753070e-01,-5.478680e-01,1.065539e-01,-1.266438e-01,-1.750891e+00,1.224778e+00,-4.427734e-01,4.922463e-01
1.601577e+00,-5.475967e-01,2.148239e+00,1.454976e+00,3.268319e-01,-1.739897e+00,-1.274543e+00,1.319546e+00,6.942496e-02,5.903675e-01
-4.098834e-03,-1.364600e+00,-5.309968e-01,-8.099137e-01,-1.018978e-02,9.302639e-01,1.502027e-03,1.025354e+00,2.511721e-01,1.926201e-03
-1.274788e-03,-7.095820e-01,6.187231e-01,5.120706e-01,-1.960774e-03,-1.014567e-01,-9.643590e-03,-7.361815e-01,2.987602e-01,4.241034e-04
1.866684e-03,-3.009180e-01,4.039410e-02,-1.177143e+00,7.942582e-04,-1.268855e+00,-8.234684e-03,-1.430594e+00,-7.240907e-01,3.129417e-04
-4.542763e-03,1.604884e-01,1.096027e+00,-1.910388e+00,4.283105e-03,-1.665636e+00,5.457808e-03,-2.008096e-01,3.634804e-01,2.297069e-03
-9.743293e-01,-1.773542e+00,1.200529e+00,-6.570972e-01,3.890905e-01,-4.369359e-01,-1.175913e-01,1.560404e+00,8.842930e-01,1.905194e+00
-1.854250e-03,1.528449e+00,8.139413e-01,6.224988e-01,-8.834878e-03,-7.596494e-01,-8.843998e-03,-7.533451e-01,-1.083972e+00,-1.095651e-03
-3.418817e-03,-5.388717e-02,-3.773521e-01,1.139822e+00,1.341925e-03,5.789090e-02,7.517662e-03,1.063552e+00,3.842796e-02,-3.367596e-03
4.634673e-03,4.319543e-02,-9.395441e-02,8.751409e-01,-2.993857e-04,-2.804512e-02,2.528292e-03,9.856818e-01,-2.250942e+00,7.972599e-04
-4.303453e-04,4.992114e-01,-1.406982e+00,1.793696e-01,1.832478e-03,-1.536661e+00,8.499412e-03,8.873533e-02,-5.801166e-01,1.235677e-03
3.999793e-03,2.716867e-01,-1.235446e+00,-1.641504e+00,-5.506381e-03,-1.407177e+00,4.254949e-03,4.811031e-01,8.937181e-01,1.404572e-03
1.632581e-03,1.815267e+00,3.266927e-01,3.898794e-01,4.152008e-03,-2.865019e-01,2.550491e-03,-1.426489e+00,-8.194289e-01,2.634435e-03
-1.195232e-03,-5.686294e-02,8.099707e-01,-1.359856e-01,-1.617928e-03,1.129424e+00,2.701872e-03,-5.839099e-01,9.657988e-01,1.140945e-03
1.522186e+00,3.573188e-01,-1.956229e-01,-2.159851e-01,-2.465521e-01,8.191052e-01,-1.392639e+00,1.119890e+00,3.588865e-01,-1.948288e+00
-7.763383e-01,-1.021078e-01,-3.953771e-01,8.105926e-01,-3.196325e-01,3.748437e-01,3.458158e-01,-1.241060e+00,1.806567e-02,-1.628312e-01
3.797197e-04,2.244955e-01,6.100506e-01,1.734290e-01,-1.821120e-03,-2.224145e+00,-1.776389e-04,-9.150262e-01,4.702484e-01,-1.239256e-03
-1.590242e-01,-1.248236e+00,-6.218499e-01,9.882651e-01,-6.287921e-01,-6.399874e-01,1.762818e-01,-6.919785e-01,9.250926e-02,2.449872e-02
-8.151332e-01,7.192171e-01,-6.242864e-01,-3.416978e-01,1.154097e+00,1.283529e-01,-1.440098e+00,-7.310150e-01,-1.912658e+00,1.041273e+00
