1.365206e+00,-1.502432e+00,7.962589e-01,-4.151122e-01,-2.827422e-01,3.244075e-01,9.249862e-02,6.852712e-03,9.101456e-01,1.776495e+00
1.529139e+00,-7.264121e-01,-6.604441e-01,1.209892e+00,1.110168e-01,5.870226e-01,-1.732131e+00,1.795370e+00,-6.189978e-01,4.898033e-01
1.603411e+00,9.015844e-01,-6.950179e-01,2.850584e-01,3.304261e-01,-7.321526e-01,-1.265176e+00,-1.014743e+00,5.831722e-01,5.890677e-01
-3.569450e-03,1.865118e-02,-3.020112e-01,1.802988e-01,-5.461342e-03,2.737257e-01,1.946523e-03,-1.514565e-01,1.913574e-01,-8.586415e-04
5.979212e-03,-1.492325e+00,2.788272e-01,-1.091099e+00,-7.234601e-04,-2.215369e+00,-3.637053e-03,-1.234698e+00,-4.280133e-01,-3.427762e-03
-9.079807e-04,4.825526e-01,-6.011045e-01,-8.673110e-01,-1.598772e-03,-1.084089e+00,-3.230847e-03,2.154458e-01,-1.424495e+00,-2.435467e-03
6.922139e-04,3.042913e-02,1.049312e+00,-5.012522e-01,3.536765e-03,-4.304878e-01,-7.228108e-04,1.738912e+00,-5.532998e-01,-5.313574e-04
-9.706558e-01,1.225594e-01,-2.059050e-01,4.034333e-01,3.873944e-01,2.997335e-01,-1.150036e-01,5.817005e-01,6.374960e-01,1.901732e+00
2.377593e-03,2.064928e-01,-2.830625e-01,-1.577415e-01,-5.003113e-03,2.193241e-01,4.304773e-03,-2.349424e-01,-2.423057e-01,2.828858e-03
-2.595730e-03,-6.381297e-02,4.774111e-01,1.452705e-01,3.307841e-05,1.033527e-01,2.216913e-03,-1.401093e+00,-2.677596e-02,-3.806779e-03
-2.498251e-04,1.429952e+00,1.281070e+00,-4.750435e-01,5.330421e-04,5.599594e-03,-7.211586e-03,1.874748e-01,-1.178845e-01,3.505262e-03
-5.430861e-03,-8.891475e-01,1.390351e+00,7.313898e-01,-7.425667e-03,1.335149e+00,1.083836e-02,7.779054e-01,-1.157285e-01,-4.773324e-03
2.374346e-03,3.872483e-01,-7.089876e-01,1.437775e+00,-1.757185e-03,-2.364383e-01,1.252201e-02,-1.279992e+00,-1.020675e+00,4.625374e-04
-3.751937e-03,1.068776e+00,6.529395e-02,6.669345e-01,-5.462539e-04,1.298433e+00,1.037833e-02,7.029444e-01,8.707647e-01,1.222602e-03
-2.408176e-03,2.620517e-01,2.959480e-02,-3.153262e-01,-1.778589e-03,-6.965738e-02,2.052442e-03,5.148679e-01,3.134760e-01,4.343245e-04
1.529503e+00,-8.787334e-01,-4.671188e-01,-4.075360e-01,-2.443481e-01,7.091554e-01,-1.384772e+00,1.185684e+00,-5.553368e-01,-1.944739e+00
-7.722816e-01,-5.718446e-01,-1.935852e+00,3.670989e-01,-3.185247e-01,7.930767e-01,3.514498e-01,6.385884e-01,-2.573382e-01,-1.625427e-01
-2.024488e-03,-5.395390e-01,-1.348351e+00,-1.664522e-01,1.387197e-03,-5.526967e-02,-5.960880e-03,2.337002e-01,-6.798884e-01,2.795725e-03
-1.543401e-01,6.771396e-01,1.628578e-01,-1.628339e+00,-6.212254e-01,3.189728e-01,1.861882e-01,1.214535e+00,8.972058e-02,2.630383e-02
-8.197145e-01,-7.834653e-01,-2.946946e-01,1.022761e+00,1.145852e+00,2.504589e-01,-1.466043e+00,8.781413e-01,-6.278533e-01,1.041229e+00
