1.363149e+00,2.099594e+00,2.113282e-01,-2.872466e-01,-2.747666e-01,-3.444827e-01,9.367129e-02,2.256656e-01,-6.055321e-01,1.778407e+00
1.520803e+00,-2.689983e-02,-2.308616e-01,3.672539e-02,1.115450e-01,-2.070963e-01,-1.743900e+00,6.994314e-01,-1.317307e+00,4.847909e-01
1.601251e+00,5.775797e-01,-5.644102e-01,1.449122e+00,3.326518e-01,2.098074e+00,-1.263631e+00,-2.458040e-01,-3.752686e-01,5.902654e-01
-1.020934e-04,1.045125e+00,2.293215e-01,-9.008816e-03,-8.844027e-03,-1.472018e-01,-1.074784e-03,-1.041068e+00,2.147236e+00,4.315650e-04
1.125527e-03,2.411785e-01,1.018832e+00,4.342540e-01,-6.431302e-04,4.472073e-01,4.233716e-03,-6.266097e-01,-6.768268e-01,2.910272e-03
1.632267e-03,8.299748e-01,-1.927590e+00,1.195045e+00,4.812622e-03,2.155101e+00,5.196651e-03,5.611812e-01,9.652437e-01,-1.455390e-05
1.713739e-03,5.067144e-01,-3.599499e-01,-1.412718e+00,-6.089873e-03,1.190129e+00,8.445473e-03,7.645256e-01,-1.390872e-01,-3.990132e-04
-9.720417e-01,-5.245364e-01,-1.104446e+00,9.931296e-01,3.890616e-01,-1.108261e+00,-1.160840e-01,-1.076816e+00,9.966573e-01,1.902977e+00
-2.808672e-04,-1.466915e+00,-7.129695e-01,6.838465e-01,-1.805802e-03,-1.420073e-01,1.539262e-03,-4.358452e-01,-8.179897e-01,7.108831e-03
-4.518685e-03,8.231922e-01,-6.199920e-01,-3.674082e-01,4.547612e-04,2.488750e-01,-2.212510e-03,3.447807e-02,1.187672e+00,-9.922612e-04
-1.302628e-03,-1.980841e+00,1.055996e+00,-1.241213e+00,6.192875e-03,-1.120121e+00,-1.465722e-03,-7.061503e-01,5.742982e-01,1.681216e-03
3.689392e-03,8.197872e-01,-1.422900e+00,-1.629850e-01,-2.337276e-03,1.634555e+00,2.401900e-03,-9.067605e-03,1.755596e-01,-2.321622e-03
3.566491e-03,-4.365929e-01,2.198140e-01,7.992967e-01,-2.978881e-04,1.537270e+00,-4.196599e-03,-1.339748e-01,7.646653e-02,9.915805e-04
1.043587e-03,-5.528905e-01,3.446584e-01,7.973169e-01,1.861984e-03,-5.986513e-02,9.054776e-03,2.914294e-01,2.218132e-01,1.775265e-03
-1.933095e-03,1.066775e+00,2.352996e+00,9.489025e-02,-3.522054e-03,-2.126702e+00,-1.862250e-03,9.055710e-01,-4.602717e-01,3.142864e-03
1.524423e+00,-3.454828e-01,-4.316632e-02,-5.190610e-01,-2.498366e-01,1.094107e+00,-1.385372e+00,5.369426e-01,-1.405361e+00,-1.945330e+00
-7.812093e-01,1.260451e+00,-1.053166e+00,-3.868390e-01,-3.132153e-01,-1.140122e-01,3.444408e-01,-3.015154e-01,1.681886e+00,-1.595309e-01
3.383235e-03,-2.820105e-01,3.121248e-01,-4.608598e-01,1.720962e-03,1.530465e-01,2.239385e-03,1.150169e+00,-3.216242e-01,-4.633055e-04
-1.611378e-01,-2.824085e-01,4.394105e-01,-4.908196e-01,-6.180991e-01,7.085951e-01,1.755703e-01,-6.408324e-01,4.185736e-01,2.557420e-02
-8.113302e-01,4.002342e-01,-6.710345e-01,1.025929e-01,1.155592e+00,2.080873e-01,-1.458655e+00,-3.484538e-01,1.353007e+00,1.039560e+00
