1.358272e+00,3.074453e-01,8.076931e-02,-5.815830e-01,-2.810604e-01,-6.803489e-01,8.402948e-02,-1.515669e-01,-5.376838e-01,1.774552e+00
1.526739e+00,-2.883025e-01,-1.088425e-01,-8.961820e-01,1.108684e-01,-1.887131e-01,-1.744755e+00,-1.174721e-01,-2.636327e-01,4.821614e-01
1.597275e+00,4.268535e-02,-9.219621e-01,5.530673e-01,3.232619e-01,4.071397e-01,-1.272536e+00,-6.230681e-01,-1.190339e-01,5.877908e-01
2.674750e-03,-3.243721e-01,2.352908e-02,1.111602e+00,5.777088e-04,1.488069e-01,1.244762e-02,-9.747771e-01,-3.042141e-02,-1.210557e-03
3.706767e-03,8.045659e-01,9.103442e-02,1.782450e-01,-7.714801e-03,-1.004645e+00,-1.648559e-03,-7.327315e-01,2.209421e-01,1.524857e-03
2.276941e-03,9.865569e-01,8.405195e-01,-1.054736e+00,1.308486e-03,-1.350445e+00,4.787065e-03,7.416030e-01,-9.738380e-01,1.864563e-03
-3.850331e-03,-1.301716e+00,9.040707e-01,7.812923e-03,1.806173e-03,2.234706e+00,3.308636e-03,-1.266947e+00,1.162578e+00,3.916220e-04
-9.734921e-01,1.232989e+00,6.692948e-01,-1.061790e-01,3.890068e-01,1.151053e+00,-1.097077e-01,-8.214466e-01,7.061327e-01,1.903861e+00
-5.276933e-03,-9.079279e-01,-1.133429e+00,-2.614509e-01,-1.004587e-04,1.151720e-01,-5.892491e-03,1.944016e-01,-2.090524e-01,3.890430e-03
-1.278523e-03,4.855150e-01,-7.337405e-02,9.682495e-01,-7.737311e-03,-6.400748e-01,-1.155437e-03,-4.572027e-02,-3.720779e-01,-1.608074e-03
-5.454903e-04,-1.383434e+00,-2.226693e-01,-6.983948e-01,-8.193693e-03,1.671418e+00,2.993584e-03,-3.098806e-01,1.154111e+00,9.886065e-04
-1.498926e-03,-6.300233e-01,3.965956e-02,-9.287120e-01,-5.853125e-03,3.269993e-01,6.962082e-04,-7.514605e-02,-1.069987e+00,-3.467699e-03
-3.788687e-04,6.225335e-01,4.601839e-02,-4.785036e-01,3.473520e-03,4.309786e-01,1.337867e-03,1.978094e-01,-1.381964e+00,2.362443e-03
-1.135326e-03,-8.936758e-01,-1.834589e+00,-1.171877e-01,-6.376107e-03,-3.763669e-01,2.812694e-04,1.643349e+00,-1.100293e+00,-6.322270e-04
-3.278081e-04,6.857847e-01,8.373625e-02,-1.057182e+00,-2.884679e-03,6.323821e-01,9.841687e-04,-1.221334e-01,-5.640849e-01,6.743182e-04
1.525546e+00,3.683169e-01,4.400490e-01,-3.778132e-01,-2.466597e-01,-1.393707e+00,-1.384736e+00,-3.577946e-01,1.374737e+00,-1.945849e+00
-7.760197e-01,8.957670e-01,-5.833608e-01,-3.361954e-01,-3.134924e-01,8.024754e-01,3.537816e-01,-5.589640e-01,8.549374e-01,-1.631763e-01
-5.584543e-03,-1.614839e+00,3.391542e-01,6.934401e-01,3.326948e-03,8.081604e-01,3.687111e-03,-4.388311e-01,1.308241e+00,-9.282232e-04
-1.591840e-01,6.477490e-01,4.693374e-01,-2.002406e-01,-6.171140e-01,6.940773e-01,1.739403e-01,-5.608024e-01,-1.887960e-01,2.748190e-02
-8.180699e-01,7.871307e-01,-7.448423e-01,7.186838e-01,1.159481e+00,-7.120482e-01,-1.467490e+00,7.514242e-01,1.145508e+00,1.038601e+00
