1.355783e+00,-6.304488e-01,1.205622e+00,-5.292660e-01,-2.864469e-01,1.242751e-01,9.389947e-02,7.833582e-01,-6.259496e-01,1.776021e+00
1.523098e+00,-6.863096e-01,-5.780051e-01,-8.885787e-01,1.126340e-01,3.128718e-01,-1.739984e+00,5.965752e-01,-8.759682e-01,4.875890e-01
1.598284e+00,-7.911788e-01,2.134798e-01,4.880022e-01,3.264930e-01,2.301315e+00,-1.260732e+00,3.352150e-01,1.572282e-01,5.919302e-01
2.124394e-03,-6.443746e-01,7.395530e-01,-6.294580e-01,-5.368004e-03,1.460855e+00,1.311048e-03,-1.657417e+00,-2.540027e-01,-2.248707e-03
-1.810475e-03,-2.323683e+00,-1.289875e+00,-1.286070e-01,-3.705087e-03,-9.303713e-01,3.061925e-03,-1.111571e+00,2.063778e-01,2.185293e-05
-3.614514e-03,-1.356611e+00,-4.276167e-01,-4.908001e-01,-5.679389e-03,8.552566e-01,3.295857e-04,-5.056184e-01,-7.171296e-01,1.290122e-03
-1.470094e-05,1.081186e+00,1.983676e-01,3.803614e-01,-7.735273e-03,1.980798e-01,5.190781e-03,-9.860914e-01,1.550232e+00,-2.614124e-03
-9.765412e-01,-7.991834e-01,3.882283e-02,-1.438952e+00,3.861473e-01,2.283324e-01,-1.074122e-01,4.106145e-01,2.464302e-01,1.904846e+00
-8.224306e-03,2.608672e+00,8.584981e-01,1.665809e+00,-4.452071e-03,-4.403964e-01,-2.491536e-03,-4.961437e-01,-4.648223e-01,-4.842349e-04
4.098159e-03,-4.449568e-01,-2.232442e-01,7.200961e-01,3.809937e-03,1.000079e+00,-3.100598e-03,2.488257e-01,-1.032121e+00,-1.954399e-03
-5.387853e-03,-4.614514e-01,-2.791877e-01,-9.829913e-01,9.728087e-04,8.891821e-01,9.395966e-03,-4.174124e-01,-5.378214e-01,3.035903e-03
-8.852473e-03,1.336153e-01,-4.528924e-01,4.663182e-01,-6.151515e-03,2.271668e-01,6.148010e-03,6.511956e-01,2.344579e-01,-1.458719e-03
-1.982387e-04,-1.806583e+00,6.524688e-01,-1.025937e+00,1.059215e-03,5.337807e-01,-3.233316e-03,5.423914e-01,6.237642e-02,3.088762e-03
-1.283867e-03,2.295066e-01,-2.979629e-01,8.937236e-01,9.527384e-03,-2.628584e-01,8.740235e-03,-7.376228e-02,1.273095e+00,1.823386e-03
-1.116141e-03,8.513729e-01,-6.186809e-01,8.426744e-02,6.386094e-03,-2.616385e-01,1.241251e-03,1.116580e+00,2.242876e-01,-1.825685e-03
1.520868e+00,-1.878406e+00,3.743045e-01,-1.383188e+00,-2.403311e-01,-7.574851e-01,-1.381387e+00,1.030732e+00,5.609457e-01,-1.945064e+00
-7.832346e-01,-2.492943e-02,-2.534648e-01,4.299801e-01,-3.126524e-01,-7.493271e-02,3.590371e-01,9.967013e-01,1.789754e+00,-1.599236e-01
-8.358195e-03,-4.798362e-02,-1.040737e+00,1.012450e+00,9.131398e-04,5.717878e-01,-9.415960e-03,1.650681e-01,2.481494e-01,-7.111485e-04
-1.568385e-01,2.313573e-01,9.921877e-01,-1.148829e+00,-6.249558e-01,-7.570224e-02,1.796356e-01,9.300133e-01,1.802351e+00,2.150151e-02
-8.171730e-01,1.204566e+00,-5.333635e-01,6.512840e-01,1.155620e+00,-2.138529e+00,-1.464606e+00,-1.289937e+00,2.092393e-01,1.040709e+00
