1.356260e+00,1.445640e+00,-2.246879e-01,1.367902e-01,-2.838450e-01,2.998863e-01,9.303307e-02,-2.245022e-01,-1.743186e-01,1.776899e+00
1.515606e+00,5.191228e-01,6.335289e-01,8.482672e-01,1.192726e-01,6.372411e-01,-1.744497e+00,1.637480e-01,-4.909709e-01,4.854134e-01
1.597403e+00,3.070558e-01,4.252959e-01,-4.913864e-02,3.235062e-01,3.058213e-01,-1.262107e+00,-8.118109e-01,-4.158640e-01,5.943366e-01
-2.103482e-03,-1.164160e-01,-6.732642e-01,7.236426e-01,-2.181812e-03,4.777070e-01,2.060170e-03,6.411624e-01,-6.808411e-01,-7.357437e-05
3.320461e-03,9.913575e-01,-2.354346e-01,-5.264491e-01,-4.226601e-04,-5.292240e-01,-3.462257e-03,6.270407e-01,-7.315323e-01,-3.733622e-04
-3.653375e-03,9.174650e-01,3.150312e-01,-3.554101e-01,1.056273e-02,8.054592e-01,-1.283753e-03,1.391180e+00,-2.725713e-01,1.361445e-03
4.141088e-03,-2.690932e-01,-7.454513e-01,-1.631943e-01,-4.331700e-03,-7.640725e-01,-4.259988e-03,1.401889e+00,-2.677584e-01,-3.852419e-03
-9.674408e-01,1.053284e+00,-2.574753e-01,-2.645688e-01,3.855637e-01,-3.918062e-01,-1.182417e-01,-2.113362e-01,-4.614038e-01,1.905470e+00
4.141128e-04,9.721719e-01,1.368102e+00,1.423316e+00,-2.195064e-03,3.053042e-01,2.154244e-03,-1.830073e-01,-8.923670e-01,2.822989e-03
1.949237e-03,-9.324311e-01,6.616313e-01,8.445638e-01,2.779246e-03,-7.686485e-01,5.690103e-03,6.407055e-01,-3.327732e-01,-5.808682e-04
-6.686706e-04,1.582995e+00,4.331524e-01,-1.142760e+00,8.755434e-03,8.398349e-01,4.439344e-03,6.565479e-02,1.318783e-02,-1.373207e-03
-1.206274e-03,-8.076517e-01,1.346712e+00,-2.266153e-01,-1.937542e-03,2.138871e-01,-4.943300e-04,-5.241252e-01,8.097729e-01,-2.836628e-03
-7.261928e-03,-1.039463e+00,-9.518216e-01,8.258497e-02,6.818713e-03,-4.324291e-01,1.203346e-03,-5.770980e-01,-3.117587e-01,8.155413e-04
1.290682e-03,-9.940943e-01,5.706425e-02,-1.071791e+00,2.769468e-03,2.165714e-02,-4.438507e-03,2.799253e-01,-3.636111e-01,1.386131e-03
1.999979e-03,3.810477e-01,-6.540757e-01,-8.314463e-02,-3.148022e-03,-1.204735e+00,-8.652976e-03,-5.291035e-01,1.090310e+00,6.000035e-04
1.521975e+00,8.524311e-01,1.766588e+00,-6.659724e-01,-2.416407e-01,8.362205e-01,-1.386157e+00,5.737617e-01,1.040279e+00,-1.944507e+00
-7.840408e-01,1.143098e+00,-8.535014e-01,6.585483e-01,-3.115033e-01,6.637191e-01,3.644133e-01,-7.856584e-02,9.009317e-01,-1.592398e-01
-1.336166e-03,-6.334231e-01,-1.288824e-01,-2.348719e-01,5.146531e-03,-1.198811e+00,-1.266386e-02,-3.518065e-02,-2.676824e-01,-1.128301e-03
-1.593729e-01,-1.312164e+00,-1.154933e+00,-3.919855e-01,-6.162103e-01,-4.046985e-01,1.815208e-01,-1.566576e+00,-1.855208e+00,2.661245e-02
-8.142056e-01,7.316348e-01,-5.798644e-03,-5.612758e-01,1.157330e+00,1.588524e+00,-1.443768e+00,-7.956719e-01,-3.720933e-01,1.041086e+00
