1.358726e+00,-1.428953e-01,6.478310e-01,-6.983225e-01,-2.820787e-01,-5.775670e-01,9.806178e-02,7.464554e-01,3.570312e-02,1.779890e+00
1.528776e+00,1.887820e-01,-7.450845e-01,1.561900e+00,1.070655e-01,6.694249e-01,-1.758368e+00,-9.730216e-01,2.556329e-01,4.934911e-01
1.595878e+00,-1.371372e+00,9.061542e-01,9.660203e-02,3.299563e-01,-1.567280e-01,-1.267521e+00,-3.614473e-01,-1.199153e-03,5.946411e-01
3.277028e-03,4.193588e-01,-2.686045e-01,-6.635604e-01,3.739532e-03,-6.565328e-01,5.222463e-03,6.028404e-02,-2.395872e-01,-6.550196e-04
7.094053e-04,-1.051031e+00,8.979818e-01,-3.334558e-01,-8.829450e-03,1.615614e-01,-6.167022e-03,2.513663e-01,8.658927e-01,-6.556995e-04
-2.236648e-03,4.005397e-01,-1.375700e+00,2.455611e-01,1.233178e-03,-1.221485e+00,-8.099802e-05,-6.653925e-01,1.076245e+00,1.082501e-04
-4.486691e-03,3.164520e-01,2.177124e+00,1.096860e+00,-9.171938e-03,-1.470783e-01,2.960691e-03,-7.818435e-03,3.899269e-01,-9.176289e-04
-9.730687e-01,-1.334188e-02,-1.624910e+00,-9.645494e-01,3.870705e-01,5.637934e-02,-1.069418e-01,-7.997434e-02,-5.598111e-01,1.906044e+00
-4.119383e-03,-1.020328e+00,-1.031254e+00,9.783637e-01,-8.074194e-04,-8.718058e-02,-5.279423e-03,9.501705e-01,-1.030464e+00,1.551800e-03
-4.054876e-03,4.249790e-01,8.991926e-01,1.984333e-01,3.199535e-03,1.128588e+00,-6.798435e-03,-4.574758e-01,3.070112e-01,-2.534062e-03
-6.659117e-03,1.736443e-01,1.062561e+00,-5.442371e-01,5.474810e-03,-3.864155e-01,-3.480051e-03,-2.540657e-01,1.962088e-01,3.573844e-03
2.372497e-03,6.185786e-01,4.425448e-01,-7.893668e-01,-6.684337e-03,-5.165726e-01,6.291628e-03,-1.179431e+00,-3.396675e-01,-2.734950e-03
3.918909e-04,3.130924e-01,-6.876492e-01,-9.269163e-01,1.143055e-02,-1.015178e+00,4.511384e-03,1.171529e+00,-9.463841e-01,-1.388040e-03
-2.451880e-03,-2.117692e-01,-1.463367e+00,1.310248e-01,3.358272e-04,3.320107e-01,-3.775956e-03,3.484385e-01,1.001326e+00,4.993905e-04
-3.074217e-03,2.018920e+00,-4.569596e-01,9.544084e-01,-4.953009e-03,-1.631010e-01,-3.376676e-04,7.587547e-01,7.342844e-01,8.459890e-04
1.525000e+00,1.022481e+00,6.370856e-01,-5.142898e-01,-2.430842e-01,-5.698443e-01,-1.396671e+00,-8.430588e-01,-5.803859e-01,-1.943678e+00
-7.785769e-01,1.487534e+00,6.579153e-01,1.188406e-01,-3.215082e-01,1.326720e-01,3.547489e-01,-8.230032e-01,-9.978706e-01,-1.639717e-01
-5.181873e-03,-9.525400e-02,-9.947796e-01,1.470740e+00,-3.034027e-03,-3.558141e-01,-6.909935e-03,-7.812536e-01,-1.851721e+00,-1.742542e-03
-1.513909e-01,-6.147033e-01,1.636448e+00,7.289536e-01,-6.252942e-01,-2.792664e-01,1.640606e-01,1.537399e-01,6.145093e-01,2.493375e-02
-8.137429e-01,1.027289e+00,4.321318e-01,3.590116e-01,1.152646e+00,2.685965e-01,-1.460734e+00,-7.367843e-01,1.198519e+00,1.039394e+00
