1.367948e+00,4.324594e-01,-6.948454e-01,-6.081299e-01,-2.843183e-01,1.425798e+00,8.475208e-02,1.240627e-01,1.310927e-01,1.776919e+00
1.525078e+00,-3.077421e-01,8.538120e-02,1.279336e+00,1.136212e-01,-6.227262e-01,-1.746183e+00,-2.055283e+00,5.917335e-01,4.867994e-01
1.603977e+00,1.628258e+00,-8.234997e-01,-4.750449e-01,3.273319e-01,2.535885e-01,-1.268410e+00,-1.824916e-02,6.986822e-01,5.896366e-01
-3.201421e-03,8.785139e-01,-1.015663e+00,-1.774073e-01,2.960685e-03,1.437240e+00,-6.133533e-03,4.910547e-01,2.544247e-02,3.864006e-03
6.291985e-03,4.228037e-02,1.576637e+00,-6.761276e-01,4.362926e-03,9.185698e-01,5.132864e-03,-4.092547e-01,-8.052255e-01,-1.731723e-04
-1.995266e-03,1.664011e-01,-8.821316e-01,-1.940919e+00,4.055445e-03,6.610649e-01,-2.934012e-03,1.288094e-01,-1.058425e+00,-7.593854e-04
-3.443277e-03,4.865156e-02,3.926874e-01,-2.077511e-01,1.832434e-04,1.062364e+00,6.705130e-03,9.879943e-01,-5.422198e-01,-3.291820e-03
-9.767870e-01,-1.255351e+00,3.359122e-01,1.983799e-01,3.745311e-01,6.472240e-01,-1.216848e-01,-3.546949e-01,5.196031e-01,1.906331e+00
1.182535e-03,-6.439687e-01,-7.543012e-01,2.401810e-01,4.771910e-03,4.308921e-01,-7.312577e-03,1.446022e+00,-6.584481e-01,3.725108e-03
-3.654096e-03,-1.323085e+00,-9.953837e-01,1.876155e+00,-4.421037e-03,7.016431e-01,2.147155e-03,1.732947e-01,1.028934e+00,1.005004e-03
3.556043e-03,5.994391e-01,-2.079763e-01,8.431141e-01,-1.371554e-03,5.075988e-01,3.384581e-03,1.028553e+00,1.581217e+00,1.367395e-03
-3.508353e-03,4.188652e-02,-8.527740e-01,-5.200752e-01,3.019509e-03,-2.056753e-01,7.124554e-03,-4.576395e-01,-7.905445e-01,-4.210292e-03
2.749592e-03,1.603767e+00,-4.930024e-01,-1.801464e+00,-1.482574e-03,7.000213e-01,1.043289e-02,-3.943365e-01,1.591029e+00,6.391337e-04
1.243949e-04,7.700025e-01,-7.314883e-01,-2.018798e-02,4.366704e-03,-1.005126e+00,1.097032e-03,-3.563754e-01,1.501861e-01,-1.504349e-03
-1.616073e-03,1.872375e+00,-7.465789e-01,4.684263e-01,-5.691429e-03,-1.358630e+00,-4.903015e-03,4.061262e-01,-3.770996e-01,-1.937024e-03
1.520146e+00,6.913860e-01,1.533630e+00,1.116723e+00,-2.398085e-01,1.507753e-01,-1.383260e+00,-1.268395e+00,-7.010801e-01,-1.945837e+00
-7.792247e-01,1.439498e+00,-2.950495e-01,6.448353e-01,-3.188884e-01,-1.453522e+00,3.428713e-01,-1.361970e+00,6.725121e-01,-1.615194e-01
-3.195525e-03,5.787244e-01,1.801996e-01,-9.167391e-01,-1.595472e-03,-2.530987e-01,6.877940e-03,-1.635677e+00,-1.497592e-01,-8.058375e-04
-1.542976e-01,1.457607e+00,-1.117667e+00,-6.017105e-01,-6.232027e-01,-1.691602e-01,1.828024e-01,1.933448e-01,-2.877406e-01,2.521770e-02
-8.143760e-01,-9.422032e-01,3.731322e-01,-5.084010e-02,1.153840e+00,-1.412888e+00,-1.453723e+00,-1.004002e+00,-1.164644e+00,1.042272e+00
