1.372772e+00,-9.013499e-01,-1.934748e-01,4.983622e-01,-2.818957e-01,-1.321259e+00,8.302611e-02,-6.162554e-01,8.266132e-01,1.779779e+00
1.520968e+00,5.466018e-01,-1.271902e+00,1.169562e-01,1.145224e-01,4.179335e-01,-1.734003e+00,-3.122775e-01,-8.218621e-01,4.883734e-01
1.596517e+00,-5.463383e-01,2.422625e-01,-5.398076e-01,3.374585e-01,-2.044039e-01,-1.269017e+00,8.229267e-02,3.622622e-01,5.924753e-01
-2.365817e-03,-9.569362e-01,2.127929e+00,1.791718e-01,-7.154686e-03,-9.229709e-01,-8.279583e-04,8.517301e-01,4.513356e-01,-4.266270e-04
2.489721e-03,-2.412458e-01,-3.367966e-01,-1.538778e-01,-8.081048e-03,-6.111926e-01,-2.170229e-03,-5.705452e-01,4.132918e-01,7.503033e-04
1.414124e-03,-1.143887e+00,-6.580839e-02,-2.529138e-01,3.800242e-03,1.832009e+00,7.452223e-03,-3.014586e-01,1.168834e+00,-1.408191e-03
-5.872246e-03,-3.879847e-01,-5.717201e-01,-1.728806e-02,-4.969914e-03,3.972973e-01,-6.363032e-03,-5.098042e-01,-1.027682e+00,-2.146378e-03
-9.726731e-01,-6.781569e-01,-1.015819e+00,8.069310e-02,3.883439e-01,-1.474956e+00,-1.226104e-01,6.032932e-01,1.632701e-01,1.902065e+00
-4.426962e-03,-5.119300e-01,1.297225e+00,5.894735e-02,-2.020098e-03,1.222610e+00,8.153163e-03,2.244050e-01,-1.286856e-01,4.175700e-03
-1.501915e-04,2.197275e+00,1.885851e+00,9.016453e-02,-7.740336e-04,-1.606440e-01,-9.625882e-03,-2.794496e-01,1.860093e+00,-2.348461e-04
1.920244e-03,-5.583505e-01,-6.156973e-01,7.101991e-01,7.060228e-03,4.236893e-01,2.942477e-03,-5.603713e-01,2.467693e+00,4.329382e-04
-1.608576e-03,-8.302884e-01,1.789729e-01,-1.133237e+00,-2.455178e-03,-4.620952e-01,-7.617874e-04,2.684973e-01,-1.419180e+00,-2.300150e-03
-2.478750e-03,-1.376128e+00,-4.127407e-01,7.066666e-01,-1.721644e-03,2.462128e-01,6.246704e-03,-1.407169e-01,-4.311700e-01,1.131447e-03
5.164685e-03,5.462878e-01,5.217595e-01,7.326538e-01,1.782866e-03,-8.584690e-01,-1.839699e-03,-3.655858e-01,4.186823e-02,-4.041844e-03
-5.057233e-04,-1.226605e-01,9.146194e-01,-7.356619e-01,-6.080288e-03,-7.187920e-01,5.627633e-03,-5.801268e-01,8.555289e-03,5.401026e-05
1.525393e+00,6.742127e-01,-3.819880e-01,7.598769e-01,-2.463343e-01,7.461633e-01,-1.387213e+00,1.085849e+00,-3.377091e-01,-1.945560e+00
-7.839556e-01,-1.483621e+00,-5.950944e-02,-1.573465e+00,-3.128362e-01,7.041263e-01,3.524971e-01,-9.133302e-01,7.177242e-01,-1.607401e-01
-2.206534e-03,2.140390e+00,-2.067638e-01,5.249245e-01,-3.157856e-03,7.420568e-01,-6.541390e-03,1.185548e+00,1.237652e+00,3.028123e-03
-1.560009e-01,8.829689e-01,7.712674e-01,-1.744381e-01,-6.273970e-01,6.322377e-01,1.687464e-01,8.129469e-01,1.669206e+00,2.708757e-02
-8.185249e-01,1.569691e+00,-5.545517e-01,4.072522e-01,1.150956e+00,8.289785e-01,-1.455660e+00,-2.875252e-01,-5.075370e-01,1.038175e+00
