1.374924e+00,-7.345521e-01,-1.721935e-01,-8.749831e-01,-2.891990e-01,1.326326e-01,8.796275e-02,-1.058837e+00,-4.536169e-01,1.779316e+00
1.527664e+00,-1.349837e+00,-7.212419e-01,1.048575e+00,1.059321e-01,1.647376e+00,-1.760180e+00,8.315384e-01,-8.953616e-01,4.863042e-01
1.601315e+00,8.617745e-01,1.568683e-01,8.659109e-01,3.387644e-01,-9.747541e-01,-1.262918e+00,-9.727876e-01,3.719435e-01,5.900449e-01
-3.713276e-04,8.273707e-01,-3.357479e-01,1.539728e+00,1.586821e-03,7.201794e-01,2.554028e-03,1.369097e-01,-1.120076e+00,-1.176200e-03
-1.340129e-03,-1.081368e-01,8.298589e-01,-2.474418e-01,-4.410867e-03,9.518489e-01,6.591978e-03,-1.629137e-01,3.916542e-01,1.822574e-03
-3.001029e-03,-9.690309e-02,-1.286075e-01,6.466558e-01,3.274683e-03,-2.490265e-02,5.156948e-03,-1.267499e+00,-2.688093e-01,-1.477678e-03
8.398045e-04,1.081788e-01,7.569656e-01,1.190152e+00,-6.510308e-04,5.464762e-01,-6.673997e-03,-5.023638e-01,9.871259e-02,6.671646e-04
-9.742027e-01,-6.629185e-01,-6.362141e-01,1.132678e-01,3.829475e-01,-6.707025e-01,-1.145614e-01,1.339727e+00,2.843742e-01,1.901197e+00
-4.478482e-03,-8.788308e-01,8.058107e-01,4.629680e-02,-2.266294e-03,1.140601e+00,-6.098853e-03,-1.417197e+00,-1.059619e+00,-1.220357e-03
1.714177e-03,8.953535e-01,-4.782139e-01,-1.256201e-01,6.466255e-03,1.863915e+00,4.917289e-03,7.615316e-01,3.586730e-01,-1.498262e-03
2.068822e-03,1.376582e+00,-5.431286e-01,9.167804e-01,1.871756e-03,-8.687001e-01,-7.751286e-03,-2.134683e+00,-1.086667e+00,1.400975e-03
1.768949e-03,-8.416850e-01,-1.228782e+00,2.267503e+00,-6.794371e-03,6.542490e-01,6.001263e-03,-1.250660e+00,-3.294933e-01,-4.298377e-03
3.101624e-03,1.762436e-01,4.040181e-02,-1.042431e-01,4.444276e-03,-1.662987e+00,-1.236797e-02,-4.525111e-01,7.927869e-02,3.654251e-03
-2.597492e-03,-4.348972e-02,-6.428644e-01,6.100009e-01,2.106048e-04,7.701933e-01,-1.612322e-03,-4.621988e-02,-8.763319e-01,1.296688e-03
-3.094024e-03,1.671497e+00,1.306951e-01,-3.962959e-01,-8.946396e-03,3.061700e-01,-2.685227e-03,6.761212e-01,3.589122e-01,-3.327720e-03
1.524502e+00,-1.639951e+00,1.082111e+00,2.806256e-01,-2.442048e-01,-8.833388e-02,-1.384976e+00,8.897177e-02,-1.550647e+00,-1.945119e+00
-7.864707e-01,-1.445181e-01,-9.672151e-01,-8.309214e-01,-3.074858e-01,-6.770755e-02,3.465132e-01,6.861520e-01,6.467211e-01,-1.628708e-01
-1.940970e-03,-4.419773e-01,7.160226e-01,-1.887290e-01,-5.809554e-03,-8.400301e-01,-6.210574e-03,4.914782e-01,1.484005e+00,-2.784720e-03
-1.610047e-01,2.221244e-01,-1.614954e+00,-1.109354e+00,-6.204416e-01,9.471395e-01,1.670594e-01,-1.940614e-01,3.192939e-01,2.218049e-02
-8.195257e-01,1.617850e-02,-1.109628e+00,5.573794e-01,1.153326e+00,1.423717e-01,-1.446601e+00,1.060064e+00,-3.469110e-01,1.037328e+00
