1.354196e+00,-3.590331e-01,1.990252e-01,-2.738041e-01,-2.836464e-01,-7.988373e-01,1.004712e-01,-7.552844e-01,-2.432929e-02,1.778624e+00
1.530628e+00,2.180860e-01,-3.087589e-01,3.160080e-01,1.058304e-01,2.308489e+00,-1.749226e+00,-5.510154e-01,-6.301208e-01,4.886059e-01
1.600504e+00,1.265954e+00,-5.633192e-01,-2.052091e+00,3.282451e-01,-9.832578e-01,-1.259910e+00,1.118798e+00,-1.539894e+00,5.893132e-01
2.284428e-03,9.483551e-02,1.176589e+00,-6.831483e-01,3.233646e-03,3.053797e-01,-2.651475e-04,-6.647149e-01,-1.081480e+00,1.045874e-03
2.041962e-03,-2.494083e-01,1.269812e+00,1.138817e+00,-1.759010e-03,-1.224609e+00,-3.524976e-03,6.795343e-01,3.115791e-01,2.468172e-03
2.201201e-04,-7.748907e-01,3.036043e-01,8.210688e-01,2.924633e-03,2.586291e-01,-8.462234e-04,-3.008005e-01,-2.112179e-01,1.707564e-03
-3.456499e-03,-6.869122e-01,1.380378e+00,9.676447e-02,8.277278e-03,-1.816646e-01,-6.502485e-03,9.778015e-02,7.375692e-01,-1.411866e-03
-9.739394e-01,-5.399248e-01,8.632122e-01,1.642343e+00,3.811402e-01,2.448006e-01,-1.010904e-01,-1.890986e+00,1.320090e+00,1.905408e+00
-1.788694e-03,-2.140216e+00,-2.636607e-01,5.914628e-01,3.596142e-03,1.282807e-01,-8.789993e-03,1.687387e+00,1.235766e+00,3.664218e-03
-5.587535e-03,4.095330e-01,1.313956e+00,4.822420e-01,2.699168e-04,7.217932e-01,-5.127058e-03,1.105898e+00,-9.762705e-01,-9.740795e-04
4.455883e-03,-5.938528e-02,4.928347e-02,3.389832e-01,4.414662e-03,7.647470e-01,1.027585e-02,3.363558e-01,-1.222349e+00,-2.954674e-03
6.496515e-04,2.196984e-02,-6.679364e-01,-6.607090e-01,-1.616928e-03,-9.770674e-01,1.271404e-02,-1.861251e-01,1.675445e+00,-2.782008e-03
2.234860e-03,1.034626e+00,-3.231266e-01,-1.598520e+00,9.023035e-03,1.166421e+00,-2.517521e-03,2.850979e-01,-4.480767e-01,1.875040e-03
3.286441e-03,-3.252587e-01,-3.141411e-01,2.980344e-01,3.577518e-03,-4.949848e-01,-4.155452e-03,-4.033247e-01,1.388483e-01,1.137438e-03
1.192520e-03,-6.979721e-01,-1.428558e-01,-1.544859e+00,2.378202e-03,-1.463120e+00,-1.198927e-02,-2.405395e-01,-1.763913e+00,2.463988e-04
1.518993e+00,2.372209e-01,5.399954e-01,4.732961e-01,-2.428516e-01,-1.311936e+00,-1.383680e+00,-8.659062e-01,1.538821e+00,-1.950331e+00
-7.809329e-01,-2.188105e-01,1.229729e-01,-1.343479e+00,-3.007317e-01,3.126145e-01,3.558161e-01,7.894410e-01,4.153056e-01,-1.609018e-01
-5.364662e-03,-1.539710e+00,-7.839903e-01,8.188506e-01,2.909388e-03,-2.346161e-02,-1.077768e-02,-5.574774e-01,9.247242e-01,-6.367267e-04
-1.495231e-01,9.147137e-01,-2.598915e-01,1.038185e+00,-6.158972e-01,5.233996e-01,1.748813e-01,-1.064729e+00,-8.733487e-01,2.374383e-02
-8.233108e-01,-2.673608e-01,-1.326601e+00,1.921058e-01,1.158319e+00,-3.717307e-01,-1.464982e+00,6.009343e-01,-2.084691e-03,1.042885e+00
