1.357987e+00,-4.857506e-01,-4.495852e-01,2.724100e-01,-2.878979e-01,-8.376620e-01,8.585298e-02,4.364575e-01,-4.005964e-01,1.776336e+00
1.527461e+00,6.459647e-01,-2.866577e-01,1.803008e-01,1.176634e-01,3.224193e-01,-1.738297e+00,-6.448033e-01,-6.102073e-01,4.929436e-01
1.594910e+00,1.055341e+00,-8.787684e-01,4.294285e-01,3.287562e-01,-7.867107e-02,-1.257602e+00,3.658824e-02,-1.076861e+00,5.918978e-01
2.363755e-03,1.397949e+00,-1.251854e+00,-1.626706e+00,2.220861e-04,1.444716e-01,3.810051e-03,-5.844083e-01,1.955106e+00,1.582603e-03
-1.090053e-03,6.939532e-01,6.451391e-01,1.376665e-01,-3.097927e-03,1.143545e-01,4.246059e-05,-4.533705e-01,9.319244e-02,1.998950e-03
-3.085188e-03,-1.735802e-01,4.437978e-01,3.750785e-01,-3.199431e-04,-1.067989e+00,1.465353e-03,-5.383009e-01,-1.515661e+00,-2.818873e-03
-2.340979e-03,-2.505854e-01,-9.287965e-01,1.480439e+00,-8.272535e-04,1.075764e+00,2.128082e-03,-6.121937e-01,-1.605141e+00,3.792369e-03
-9.694346e-01,1.109399e+00,-3.535850e-01,1.725701e+00,3.920669e-01,7.440045e-01,-1.203749e-01,-5.909321e-01,-1.682862e-02,1.905602e+00
2.652991e-03,2.835210e-01,7.179623e-01,-8.991393e-01,-1.962818e-03,3.159835e-02,4.451761e-03,7.562763e-01,1.658902e+00,2.686544e-03
-2.458928e-03,9.395362e-02,1.007122e+00,-4.400569e-01,3.068994e-03,-6.014428e-02,-7.885073e-03,1.382912e+00,1.634053e+00,4.642426e-04
2.023920e-03,-6.254484e-01,-9.180491e-01,1.260637e-01,8.215109e-03,-7.291098e-01,4.764335e-03,-8.123317e-01,2.798973e-01,2.444280e-03
1.886054e-03,-8.632865e-02,7.694105e-01,-7.386513e-01,-9.930110e-04,2.748610e-01,2.248924e-03,6.288920e-01,-8.227839e-01,-3.942565e-04
1.838955e-03,4.632619e-01,8.424239e-01,-5.579897e-01,-4.784713e-03,3.145832e-01,1.064061e-02,3.697784e-01,1.274614e+00,4.853204e-03
-4.991099e-04,-1.119634e+00,8.792310e-02,1.062449e-01,-2.786511e-03,1.998686e-01,-6.938218e-03,-4.437406e-01,8.802445e-01,3.165494e-03
2.861430e-03,-3.207475e-01,-3.383597e-01,-5.773840e-01,6.920366e-03,-1.856970e+00,-3.100686e-03,-1.694410e+00,-1.201913e+00,-2.314623e-03
1.522645e+00,-1.680708e-01,1.999576e-01,-1.335842e+00,-2.352820e-01,6.082250e-01,-1.392581e+00,-1.833232e-01,2.120169e-01,-1.947415e+00
-7.783878e-01,-1.802385e+00,-1.593174e-01,9.746488e-01,-3.137817e-01,1.084943e+00,3.620116e-01,1.426065e+00,-5.355715e-01,-1.616726e-01
-4.596821e-03,-1.914779e+00,-2.254564e+00,9.374075e-01,-1.523909e-03,-6.015589e-01,-1.318617e-02,-4.106538e-01,-7.690574e-02,9.729105e-04
-1.551815e-01,9.062213e-01,3.396562e-01,6.252160e-01,-6.269678e-01,-3.529349e-01,1.785521e-01,-8.474607e-01,6.851636e-01,2.363088e-02
-8.205815e-01,8.150522e-01,-1.422070e-01,-2.678389e-01,1.155452e+00,-2.441847e-01,-1.463924e+00,4.863660e-01,-7.736111e-01,1.035360e+00
