1.365000e+00,-8.912759e-01,4.118975e-01,-1.114948e+00,-2.918564e-01,8.455358e-01,9.529285e-02,1.165091e+00,1.344935e+00,1.782291e+00
1.520949e+00,-2.761904e-01,-1.607831e-01,8.940455e-01,1.069002e-01,5.563879e-01,-1.748586e+00,-1.300385e+00,3.172348e-01,4.890662e-01
1.599847e+00,-5.924045e-01,1.466936e+00,7.178517e-01,3.424611e-01,1.151673e+00,-1.261067e+00,-1.581538e-01,-1.037763e-01,5.921675e-01
4.011471e-03,-1.275055e+00,-8.047579e-01,1.056043e+00,-2.841945e-03,4.865694e-01,7.449961e-03,-1.158897e+00,-1.345746e+00,1.993144e-03
1.720763e-03,4.718094e-01,8.405369e-01,-1.560813e+00,8.709767e-03,-7.972674e-02,1.036223e-02,-2.663445e+00,5.973180e-01,4.935180e-04
5.571416e-05,-1.490111e+00,9.889397e-01,-7.482944e-01,3.669789e-03,1.527667e-01,9.014861e-03,1.010038e+00,4.383185e-01,9.697483e-04
-4.731909e-04,4.264857e-01,-2.292585e-01,-1.249274e-01,-9.659864e-04,6.029585e-01,1.001569e-03,6.616077e-01,-2.485774e-01,1.902145e-03
-9.695092e-01,-3.904846e-01,1.533008e+00,-1.170290e+00,3.861052e-01,-1.372106e+00,-1.180210e-01,-6.953808e-01,-1.666040e+00,1.901325e+00
-3.349002e-04,-2.873138e-01,-6.366015e-01,-4.629341e-02,4.145630e-03,-5.249840e-01,-4.738250e-04,-3.093670e-01,4.293317e-01,1.055639e-03
-1.585478e-03,3.994320e-01,-1.000621e+00,-6.713373e-01,-5.221602e-03,-7.071644e-01,-3.956675e-03,-6.401971e-01,-2.939706e-01,-1.562104e-03
6.514808e-03,1.029670e+00,-5.174524e-02,1.844756e+00,3.203929e-03,4.227055e-02,1.045202e-03,-2.933707e-01,-2.047111e-01,8.535962e-04
-3.485648e-03,-3.304669e-01,-1.257256e+00,1.434866e-01,-5.943897e-03,1.287654e-01,-4.529386e-03,5.708909e-02,4.452411e-01,-2.446213e-03
1.424161e-03,1.731418e+00,6.330526e-01,-2.241709e-01,-1.579645e-04,1.416769e-02,9.502624e-04,-1.082410e+00,1.465969e-01,3.545134e-03
1.455814e-04,-4.088428e-01,-6.328694e-01,1.949396e+00,6.570080e-03,2.973082e-01,-4.707800e-03,-2.283890e-02,-1.084397e+00,1.161171e-03
2.710584e-03,-4.158745e-01,-7.356160e-01,4.358337e-01,-4.770265e-03,-5.941456e-01,-1.165195e-03,-3.865449e-01,-1.651274e+00,-1.558745e-03
1.529271e+00,-2.069625e-01,-6.069524e-01,-5.287717e-01,-2.511453e-01,-1.022432e-01,-1.390791e+00,9.977502e-01,-2.471948e-01,-1.944225e+00
-7.736117e-01,2.429050e-01,-3.821688e-01,-3.800143e-01,-3.097818e-01,1.455935e-01,3.738663e-01,-7.961393e-01,1.059736e+00,-1.641342e-01
7.054625e-04,3.152544e-01,-1.076664e-01,1.275437e+00,-1.225334e-02,2.139126e+00,-3.088880e-03,-1.567257e+00,7.333641e-01,3.148056e-03
-1.549372e-01,-5.623401e-01,-1.048162e+00,-2.289336e-01,-6.230502e-01,-4.337010e-01,1.573209e-01,1.640139e-01,1.324578e+00,2.093742e-02
-8.151509e-01,1.182238e-01,-4.331840e-01,1.188998e-01,1.156553e+00,-2.764902e-01,-1.482949e+00,-1.312902e-01,-3.873797e-01,1.043811e+00
