1.364349e+00,-1.219421e+00,8.238822e-01,-1.048047e-01,-2.831755e-01,1.571878e+00,8.242242e-02,9.679208e-01,7.505793e-01,1.779836e+00
1.518982e+00,-5.830398e-01,-1.678134e+00,1.117987e+00,1.141188e-01,-4.268106e-02,-1.746655e+00,1.484776e-01,-7.114274e-02,4.843645e-01
1.600259e+00,-1.680185e+00,4.040330e-01,1.848615e-01,3.346914e-01,4.676551e-01,-1.275760e+00,-1.812738e-01,3.518748e-01,5.902998e-01
4.477625e-03,1.313668e-01,-8.854536e-01,-1.646891e-02,2.222290e-03,1.802775e-01,-2.118609e-03,-4.993955e-02,3.909806e-01,-3.725166e-03
2.523390e-03,-3.029917e-01,2.459640e-01,-7.835625e-01,-3.828465e-03,-5.524336e-01,4.977953e-03,9.167479e-01,-5.367637e-01,1.515222e-03
4.958758e-06,-5.433292e-02,-1.722993e-01,1.367892e+00,-5.563222e-03,-1.743967e-01,-5.223777e-03,2.740764e-01,5.335643e-01,-2.647971e-04
-2.191095e-03,7.590309e-01,9.392846e-01,-1.039337e+00,-2.163904e-03,1.178848e+00,4.115164e-03,3.662056e-01,1.431036e-01,-4.307401e-04
-9.750458e-01,-7.332053e-01,-1.073235e+00,1.055362e+00,3.817436e-01,-8.422977e-01,-1.104982e-01,-1.214329e+00,1.022122e+00,1.906276e+00
-5.641294e-03,-4.303667e-03,-4.626219e-01,1.653300e-01,-4.546810e-03,1.346360e+00,-3.166237e-03,1.549371e+00,9.426599e-02,4.035058e-03
-1.630379e-03,-5.210778e-01,-5.210583e-01,-9.920008e-01,-1.839974e-03,-1.301358e+00,-9.723157e-03,4.141370e-01,2.044977e-01,-1.076621e-03
-2.157146e-03,5.539462e-01,4.882262e-01,-6.480408e-01,-1.671872e-03,-1.339137e-01,-1.477184e-03,7.925222e-01,1.692804e-02,-2.148896e-03
1.615256e-03,-5.030863e-01,-1.071791e-01,-3.694213e-01,-2.143723e-03,7.444200e-03,-5.471626e-03,-3.436580e-01,4.135133e-01,-2.355885e-03
4.271027e-03,-5.625080e-01,7.296580e-01,3.231081e-01,-2.995699e-03,-1.123168e+00,6.052462e-03,-1.771689e-01,-6.019012e-02,1.612090e-03
3.098633e-03,8.662672e-01,-4.813572e-01,-4.215184e-01,-1.483929e-03,-5.808196e-01,-5.224047e-03,6.010548e-01,1.872571e+00,4.515129e-03
2.750539e-03,-7.209460e-01,-2.976591e-01,2.313840e-01,-2.519799e-03,1.163744e-02,5.473976e-03,-5.475255e-01,-6.568349e-01,1.006347e-03
1.525289e+00,-1.257871e+00,-9.204401e-01,5.075469e-01,-2.461532e-01,-4.913217e-01,-1.384222e+00,-2.741319e-01,-7.364288e-01,-1.946432e+00
-7.805755e-01,-2.957620e-01,1.030182e-01,2.155899e-01,-3.172800e-01,-1.043848e+00,3.454521e-01,6.515758e-01,1.604921e-01,-1.614406e-01
2.319291e-03,-2.086565e-01,-8.575666e-02,1.276945e-01,2.995192e-03,-1.617705e+00,-8.272538e-03,-1.347195e-01,8.714830e-01,1.199875e-03
-1.610934e-01,-6.008140e-02,-1.019568e+00,5.168884e-01,-6.241916e-01,1.037839e+00,1.727803e-01,-4.991559e-01,2.329921e-01,2.408861e-02
-8.221683e-01,1.394619e+00,9.969813e-01,-8.238263e-01,1.157992e+00,4.282299e-01,-1.460561e+00,5.766994e-01,-9.915581e-01,1.039169e+00
