1.363083e+00,-1.541534e-01,-8.002264e-01,-1.494487e+00,-2.791842e-01,-2.391044e-01,9.293555e-02,1.576642e+00,-6.741140e-02,1.776067e+00
1.530423e+00,-3.882449e-01,1.346132e+00,1.586890e-01,1.061343e-01,9.427712e-01,-1.742823e+00,-2.980209e-01,-5.093022e-02,4.873525e-01
1.598254e+00,-2.076877e+00,7.915663e-01,7.908500e-01,3.290010e-01,-1.552547e+00,-1.262336e+00,-1.382238e+00,1.012397e+00,5.891891e-01
-1.308090e-03,7.583896e-01,1.490023e+00,7.033489e-02,1.004114e-03,1.242127e+00,-4.572299e-04,1.258118e+00,-1.436740e+00,-4.386841e-04
-4.685040e-03,-4.347720e-01,-2.815373e-01,-3.493606e-01,-1.437010e-03,-6.788656e-01,-3.117377e-03,-8.855284e-01,1.009070e+00,1.205368e-03
-3.287537e-03,3.708311e-01,-7.202209e-02,6.101094e-02,-4.014561e-03,-1.098920e+00,-1.368444e-03,2.090206e-01,2.327505e-01,-1.334065e-03
-1.749717e-03,2.377579e-01,7.468625e-01,-1.086714e-01,-2.597764e-03,-1.359551e+00,-7.307110e-03,3.827409e-01,-1.421688e+00,8.482034e-04
-9.768400e-01,-1.621178e-01,-1.214540e+00,-1.384609e-01,3.889110e-01,-5.215931e-01,-1.108097e-01,-6.040278e-01,1.148086e+00,1.902563e+00
-3.870396e-03,-4.157979e-01,-1.844473e-01,2.136739e-01,1.519848e-03,-5.643268e-02,3.469926e-03,-7.064525e-01,8.004325e-02,3.852471e-03
-5.523250e-04,5.312652e-01,-5.337748e-01,-9.490876e-01,2.362327e-03,-7.948517e-01,9.609522e-03,1.250751e+00,-4.392189e-01,2.450688e-03
1.640873e-03,-4.037843e-01,9.283057e-01,5.092629e-01,-4.610896e-03,-4.102291e-01,-1.949725e-03,1.321812e-01,6.480079e-01,1.069697e-03
-3.645794e-03,4.608608e-01,7.485082e-02,1.225693e-02,5.299442e-04,4.185858e-01,-6.748692e-03,-5.622982e-01,-2.535859e-01,-2.863200e-03
2.301241e-03,-1.579473e+00,1.364176e+00,1.719409e+00,1.501645e-03,-1.327247e+00,2.103661e-03,1.013070e+00,-4.956334e-01,2.079018e-04
-1.792931e-03,1.004094e+00,3.568105e-01,7.484746e-01,-2.238811e-03,7.121489e-01,4.234374e-03,-1.516129e+00,1.490622e+00,8.724862e-04
-7.660163e-04,4.116372e-02,-3.162921e-02,1.427762e-01,3.544979e-03,-2.768404e-01,5.038250e-03,-9.367745e-01,-9.464589e-01,-3.368846e-03
1.521821e+00,-1.183831e+00,7.948020e-01,-3.406927e-01,-2.405426e-01,5.392110e-01,-1.380358e+00,-1.248690e+00,-9.694329e-01,-1.944689e+00
-7.770197e-01,4.568586e-01,-4.692587e-01,-2.131679e-01,-3.205666e-01,5.668146e-01,3.504745e-01,1.777789e-01,-5.513384e-01,-1.606212e-01
-4.414247e-04,-1.219895e+00,3.967741e-02,-1.403691e+00,1.348133e-04,-1.043889e+00,-9.509644e-03,3.116172e-01,6.147203e-01,7.518253e-04
-1.596235e-01,-7.099900e-01,2.733251e-02,2.370854e-01,-6.244521e-01,-6.475784e-02,1.736088e-01,-5.424109e-02,-6.634009e-01,2.301100e-02
-8.193779e-01,-1.314211e+00,5.847329e-01,-5.479269e-01,1.151249e+00,1.217532e+00,-1.473815e+00,6.635161e-01,-9.368014e-01,1.041152e+00
