1.367376e+00,-7.080222e-02,-7.283477e-01,-2.417047e-01,-2.826013e-01,1.064616e-01,1.008507e-01,-5.396748e-01,7.356009e-02,1.778362e+00
1.519841e+00,1.975410e-01,7.962249e-01,9.633588e-01,1.090460e-01,1.609067e+00,-1.757840e+00,1.072117e+00,1.115111e+00,4.877192e-01
1.597237e+00,-2.335358e+00,2.351674e-01,-7.068813e-02,3.248075e-01,-2.350174e-01,-1.254928e+00,-5.956919e-01,8.461450e-02,5.893543e-01
-1.889048e-03,-3.881391e-01,8.326727e-01,7.322948e-01,-4.641643e-03,9.837382e-01,1.042169e-03,2.012488e-01,-4.583805e-01,-1.864159e-03
3.238770e-03,1.644818e+00,-7.650659e-01,-7.418557e-02,-8.168434e-03,-8.308717e-01,1.497238e-03,4.280016e-01,1.495610e+00,-6.275331e-04
-3.362845e-04,2.277830e-01,-4.397145e-01,1.340458e+00,4.124089e-03,1.294056e+00,1.715166e-03,-7.739166e-03,-8.459427e-01,-2.642543e-03
-7.265844e-04,6.666459e-01,1.193804e+00,6.274347e-01,-5.506156e-03,1.862237e-01,-5.205122e-03,-1.321061e+00,1.218601e+00,-2.418015e-03
-9.785946e-01,8.589692e-01,5.425644e-01,9.211433e-01,3.871630e-01,1.650126e+00,-1.256345e-01,1.299954e+00,7.800834e-01,1.904286e+00
-4.283605e-03,1.316723e+00,-3.603467e-01,1.309405e+00,2.872753e-03,-1.550845e+00,-4.742321e-03,1.032778e+00,-3.985248e-01,4.531125e-03
-6.475944e-03,5.439622e-01,-6.982600e-01,6.240567e-01,-4.690502e-03,-1.285183e-01,5.212751e-03,-3.539712e-01,-2.871392e-01,-2.615119e-04
-6.255271e-04,3.375285e-02,7.097391e-01,-2.313038e+00,6.492419e-03,-2.189756e-01,-7.479763e-03,5.867532e-01,2.111091e-01,2.048522e-04
4.503179e-04,2.627156e-01,7.160593e-01,-1.717826e+00,-6.090584e-03,8.417021e-01,-5.180798e-03,2.597933e-01,-2.967705e-01,-2.623693e-03
-2.095115e-04,-1.309779e+00,1.160982e+00,8.991774e-01,4.236737e-04,6.116197e-01,-9.475761e-03,-1.249677e+00,6.572034e-02,3.245987e-03
-2.100339e-03,3.484141e-01,-1.654217e-01,-1.040083e-01,6.239335e-03,5.285526e-01,8.842651e-03,4.920518e-01,-1.116396e+00,3.912646e-03
-3.965414e-03,-4.335107e-01,-1.485241e+00,3.251232e-01,-1.131317e-03,9.879054e-01,-5.381944e-03,4.858712e-01,5.840962e-01,1.712144e-04
1.524544e+00,-6.438030e-01,1.064705e+00,1.232981e+00,-2.375757e-01,-1.497707e+00,-1.391746e+00,-3.920840e-01,-8.232264e-02,-1.945795e+00
-7.779084e-01,-8.065151e-01,4.022424e-01,-5.331524e-02,-3.037537e-01,2.739540e-01,3.563797e-01,-6.546047e-01,-2.381413e-01,-1.613538e-01
-1.824118e-03,-8.879837e-02,1.230278e-01,-5.045155e-01,2.387925e-03,4.778494e-01,-2.652777e-04,4.685123e-01,1.368320e+00,8.747994e-04
-1.594470e-01,-3.222476e-01,-8.873689e-01,-1.268047e+00,-6.240639e-01,2.305593e+00,1.566151e-01,2.092263e+00,-2.542336e-01,2.107549e-02
-8.126468e-01,5.423251e-01,1.379229e-03,6.057844e-01,1.146515e+00,-1.661885e-01,-1.462536e+00,-6.063959e-01,9.546254e-01,1.039759e+00
