1.365759e+00,1.480497e+00,-3.866518e-01,-6.005905e-01,-2.855019e-01,-1.361325e+00,8.718443e-02,-3.435792e-01,-1.289305e-01,1.776669e+00
1.522491e+00,1.502419e-01,1.249056e+00,-1.966861e+00,1.052016e-01,-3.196503e-01,-1.736217e+00,-1.275544e+00,3.486184e-01,4.855680e-01
1.595118e+00,1.346177e-01,5.237188e-01,-8.501407e-01,3.369482e-01,7.650077e-01,-1.264373e+00,8.338282e-01,1.406249e+00,5.940101e-01
8.376445e-04,-6.425535e-01,-2.825656e-01,-8.795653e-01,1.526345e-03,2.809414e-01,-6.980172e-04,-1.260192e+00,1.535786e+00,3.202720e-03
3.076038e-04,-1.681449e+00,-6.160972e-01,5.721670e-01,-5.213893e-03,7.024907e-01,1.427194e-03,2.883898e-01,8.231222e-01,-3.458954e-03
3.182784e-03,-1.392515e-01,-1.049867e-02,6.622449e-01,-6.014224e-03,-1.179404e+00,1.864568e-03,-1.177857e+00,-2.987850e-01,3.419019e-04
5.187228e-03,4.455545e-02,2.893640e-02,-4.586759e-01,-1.008759e-03,-8.787656e-01,5.332172e-03,-9.223363e-01,-3.944040e-01,-7.439580e-04
-9.663906e-01,9.219343e-01,-8.932897e-01,3.398795e-01,3.846776e-01,-6.376631e-01,-1.255582e-01,6.953498e-02,-7.651293e-01,1.904472e+00
-1.451964e-03,-2.104234e-01,-1.657066e-01,-2.950465e-01,2.219139e-03,-1.049285e+00,-3.403923e-03,-3.563371e-01,8.577700e-01,3.063012e-03
-3.688399e-03,7.192558e-01,-5.668317e-01,2.565995e-01,2.253389e-04,1.296641e+00,2.612900e-05,-4.153649e-01,-2.749423e-01,-5.393248e-03
-4.554662e-03,2.553419e-01,-2.579633e-01,-3.981326e-01,-4.949130e-03,3.231172e-01,-1.651548e-03,5.043928e-01,-9.221330e-01,-4.540931e-04
-6.284471e-03,-6.049101e-01,-4.587882e-01,-4.676944e-01,-5.725790e-03,-4.528621e-01,-1.049012e-04,3.528408e-01,1.200769e+00,-1.043806e-03
1.651612e-03,-4.559372e-01,1.080728e+00,-1.018221e+00,2.491515e-03,1.120638e+00,1.726799e-02,-3.437436e-01,8.790227e-01,-3.660079e-04
1.464976e-03,1.933046e+00,9.483394e-01,2.730465e-01,5.281694e-03,3.575601e-01,1.022610e-02,-3.439585e-01,8.169937e-01,4.180565e-03
-1.651375e-03,-1.061283e+00,-3.715773e-01,-5.260859e-02,-5.128289e-04,-9.042240e-01,-1.394627e-03,-4.527926e-01,1.552324e+00,-3.223380e-03
1.526723e+00,5.763016e-01,9.114045e-02,9.279703e-02,-2.417249e-01,-1.275276e+00,-1.391459e+00,-4.056413e-01,-1.206737e+00,-1.948089e+00
-7.802332e-01,2.506966e-01,-1.431605e+00,6.002273e-01,-3.042814e-01,1.386598e+00,3.672021e-01,-8.375383e-01,2.121480e+00,-1.608257e-01
-6.229580e-03,1.606348e+00,2.917880e-01,4.998165e-01,3.477958e-03,2.100853e-01,-4.574046e-03,-4.486972e-01,-1.937718e-01,-3.235780e-03
-1.624223e-01,-2.234456e+00,2.435664e-01,7.881069e-01,-6.234452e-01,-3.685196e-01,1.804213e-01,-2.330657e+00,3.809782e-01,2.479504e-02
-8.175411e-01,-1.417966e+00,1.397587e+00,2.321448e-01,1.136197e+00,-4.516084e-01,-1.450717e+00,8.318861e-01,5.621305e-01,1.034701e+00
