1.356398e+00,-6.093884e-01,1.061233e+00,-1.945600e-01,-2.776497e-01,3.723671e-01,8.530502e-02,1.020831e+00,8.023684e-01,1.777014e+00
1.520512e+00,7.608744e-02,7.384982e-01,2.854313e-01,1.144062e-01,5.152960e-02,-1.751732e+00,-3.886158e-01,-1.638965e-01,4.860323e-01
1.603371e+00,-4.809209e-01,-1.164749e+00,-3.257989e-01,3.293895e-01,1.986087e-01,-1.266430e+00,-5.098901e-01,6.262229e-01,5.938771e-01
-2.184257e-03,-6.613329e-01,3.292022e-01,-4.551364e-01,-1.893101e-03,-4.188928e-01,4.979165e-04,-4.376817e-01,6.528376e-01,-1.896942e-03
2.017338e-03,2.984034e-01,-6.109943e-01,-4.903085e-01,7.987110e-03,1.122973e+00,-4.322643e-03,3.059351e-01,6.009050e-02,-1.602878e-03
-4.800485e-03,9.930892e-01,1.957937e-01,-1.552944e+00,1.135155e-04,3.226122e-01,9.560893e-03,-6.854207e-01,5.866891e-02,-7.760866e-04
6.314024e-03,-8.269231e-01,4.254705e-01,5.135937e-01,1.906413e-03,-1.176049e+00,2.277182e-03,-8.242887e-01,3.181752e-01,-7.141756e-04
-9.735959e-01,-7.170206e-01,8.492828e-02,-1.252342e+00,3.909740e-01,-9.493060e-01,-1.134642e-01,-2.220974e+00,-1.451794e+00,1.902096e+00
-4.212805e-03,1.349055e+00,7.514351e-01,-2.764952e-01,1.064013e-03,6.957875e-01,-2.918495e-03,1.162542e+00,1.185973e-01,1.688003e-04
-4.119580e-03,-6.913055e-01,-1.741384e+00,1.667615e+00,-1.718542e-05,-1.717809e-01,-4.512709e-03,1.461272e-01,9.926361e-01,-6.464083e-04
-1.043287e-03,-3.026111e-01,-5.513551e-01,5.158473e-01,5.288474e-03,-1.174816e-01,5.838332e-03,-8.004947e-01,-1.485492e+00,1.174351e-03
5.202380e-04,-9.657545e-01,-1.407130e-01,-8.285174e-01,-5.992998e-03,1.431684e-01,8.776940e-03,6.332594e-01,-1.266494e+00,-3.200834e-03
7.754095e-04,3.443973e-01,6.776395e-01,-5.660499e-01,4.758471e-03,-3.836053e-01,-7.853466e-03,-1.951072e-01,-5.291611e-01,3.644602e-03
2.062062e-03,-3.971080e-01,-2.463925e-01,-1.612358e+00,-3.390951e-03,6.759825e-01,-3.229969e-03,-6.013567e-01,-1.498137e-01,1.906747e-03
6.478253e-04,3.092551e-01,3.659985e-01,8.819784e-01,-2.847311e-03,-5.585612e-02,-8.435621e-03,-5.947630e-01,-2.893053e-01,2.913058e-04
1.525984e+00,-9.091573e-02,-7.378189e-01,1.020091e+00,-2.459217e-01,4.941147e-01,-1.390142e+00,3.273277e-01,-1.304302e-03,-1.947029e+00
-7.753251e-01,-1.150968e-01,1.902373e+00,9.199563e-01,-3.112146e-01,1.585313e+00,3.513139e-01,-2.567151e-01,1.229404e+00,-1.581321e-01
5.447391e-03,6.939216e-01,5.312389e-01,-4.364904e-01,-3.627125e-04,-1.003534e+00,-1.835156e-03,1.069960e+00,-6.662824e-01,-4.724333e-03
-1.627975e-01,-3.778189e-01,-7.704329e-01,-4.141452e-01,-6.227698e-01,-7.966096e-01,1.698420e-01,-6.752313e-01,1.058310e+00,2.345192e-02
-8.142520e-01,-1.012524e-01,-6.892042e-01,1.378257e+00,1.153964e+00,4.957815e-01,-1.463140e+00,-6.359631e-01,-2.187925e-01,1.038696e+00
