1.358225e+00,1.384663e+00,2.996728e-01,4.872698e-01,-2.828685e-01,-1.295288e-01,8.624761e-02,-2.881119e-01,-1.168147e-02,1.776542e+00
1.526326e+00,7.359804e-02,2.700476e-01,-2.838885e-02,1.114017e-01,7.848735e-01,-1.737938e+00,7.267406e-01,-3.556425e-01,4.878787e-01
1.600181e+00,-3.374169e-01,3.728411e-01,-6.583980e-01,3.269697e-01,-4.637661e-02,-1.263432e+00,-2.918647e-01,-6.427968e-01,5.914610e-01
-9.707384e-04,-8.519449e-01,-7.484062e-01,9.645524e-01,-2.774757e-03,2.082957e-01,5.608758e-03,1.796645e+00,-3.132140e-01,-9.368146e-05
1.604345e-04,-5.123086e-01,4.961877e-01,9.158439e-01,1.783126e-03,-1.163356e+00,-9.177824e-03,1.350858e+00,9.569114e-01,3.253556e-03
2.852459e-03,-3.161554e-01,-8.091183e-01,1.704095e+00,-2.738672e-03,-2.217992e-01,7.224317e-03,5.291907e-01,7.933857e-01,-5.240396e-04
1.547502e-03,-1.821096e-01,-5.634641e-01,-4.245658e-01,7.010897e-03,-5.392493e-01,2.400700e-03,-7.670898e-01,-9.048139e-01,-1.447052e-03
-9.684465e-01,-5.544985e-01,-7.975088e-01,1.590414e+00,3.838841e-01,3.529531e-01,-1.199582e-01,1.283064e-01,1.249794e+00,1.903933e+00
-2.528165e-03,-1.030798e+00,3.140176e-01,-5.117364e-01,1.275565e-02,1.016103e+00,1.129668e-02,-9.359679e-01,-1.243389e+00,2.573730e-03
-2.755335e-03,-2.294568e-01,-1.139313e+00,-8.441624e-01,2.162449e-03,3.100771e-01,-2.941387e-03,1.861688e-01,6.789290e-02,-1.738199e-03
1.745720e-03,1.450764e+00,6.232181e-01,3.890984e-01,2.950212e-03,1.361429e+00,-1.869861e-02,-1.027014e+00,1.775107e-01,3.830663e-03
1.693565e-03,1.236007e+00,6.598553e-01,1.830598e+00,6.391838e-03,4.106945e-01,-9.331349e-03,6.775278e-01,7.118840e-01,-3.094815e-03
-8.426964e-04,-1.640420e+00,7.324382e-01,2.238708e-01,2.241416e-03,-6.200065e-01,-6.801935e-04,4.347666e-01,1.001569e+00,9.359103e-04
2.414259e-03,8.107463e-01,1.503795e+00,-6.078746e-01,-2.980757e-03,7.455580e-01,-3.663571e-04,-2.404775e-01,6.282516e-01,-1.823307e-04
-6.949767e-03,1.549414e-02,-3.090979e-01,-6.911239e-01,-9.621298e-04,-5.705920e-01,-1.715507e-03,9.264442e-02,1.132733e-01,-2.222300e-03
1.527292e+00,2.606396e-01,1.643038e-01,-3.306229e-01,-2.499926e-01,-2.771575e-01,-1.387706e+00,-4.953405e-01,3.339825e-01,-1.946447e+00
-7.825486e-01,-6.830655e-01,-4.399229e-01,-1.034427e+00,-3.163852e-01,1.103956e+00,3.579491e-01,9.752385e-01,-8.390345e-01,-1.604830e-01
-3.341602e-03,8.304134e-02,1.632496e-01,-3.596628e-01,3.019946e-03,1.490060e-01,1.127040e-02,2.418110e-01,-1.546086e+00,2.002869e-03
-1.603721e-01,-6.466723e-01,2.392450e-01,1.392215e+00,-6.201276e-01,1.442872e+00,1.823025e-01,-4.124867e-01,-5.713921e-01,2.455469e-02
-8.151924e-01,-1.454706e-01,5.170602e-01,7.885649e-01,1.157422e+00,-6.434089e-01,-1.463635e+00,4.681618e-01,1.561533e-01,1.044355e+00
