1.361972e+00,7.494181e-01,4.653016e-01,8.479971e-01,-2.853106e-01,-1.015169e-01,8.955118e-02,6.336497e-01,4.486536e-01,1.779539e+00
1.522568e+00,5.105971e-02,-4.299452e-01,7.009150e-03,1.095215e-01,-9.000838e-01,-1.749894e+00,-5.821277e-01,-3.061627e-02,4.839117e-01
1.596543e+00,-1.461643e+00,6.903781e-01,-4.857729e-01,3.276139e-01,-1.782455e+00,-1.261639e+00,-1.994798e+00,4.379842e-01,5.898058e-01
-1.444395e-03,-1.191070e+00,-1.510642e+00,-6.271109e-01,8.347947e-04,-1.061837e-01,3.626244e-04,-3.597415e-01,-1.790760e+00,2.778295e-03
2.292319e-03,-2.772437e-01,1.373561e+00,-6.442586e-01,-1.325025e-03,-1.345320e+00,3.460821e-03,1.206071e+00,1.083313e+00,1.401322e-04
4.179583e-04,-3.061732e-01,-1.996702e+00,-3.680660e-01,-1.883066e-03,6.296879e-01,1.576562e-02,-9.063471e-01,-6.664572e-01,7.028787e-04
-3.287489e-04,8.039829e-01,-9.162341e-02,1.228496e+00,-1.102779e-03,7.251461e-01,-5.166733e-03,-2.341472e-01,-1.067858e+00,-5.219464e-04
-9.724305e-01,1.312207e-01,6.382068e-01,-3.516936e-01,3.795564e-01,-1.163617e-01,-1.239338e-01,1.708961e+00,9.359847e-01,1.906683e+00
-1.823632e-03,-8.910222e-01,3.125664e-02,-8.787153e-01,-2.109791e-03,4.662953e-01,-1.794434e-03,-1.422806e+00,-1.021825e-01,4.294663e-03
-2.048376e-03,1.821526e-01,7.410523e-02,1.661444e-01,-1.052271e-03,-4.429830e-01,-2.685243e-03,6.061646e-01,-2.353639e-01,1.112308e-04
-2.664426e-03,-1.006872e+00,-1.862142e+00,3.317550e-01,7.418464e-03,-1.076887e+00,-4.442969e-03,-1.515457e-01,7.743291e-01,3.580446e-03
-1.866816e-04,4.313655e-01,1.607475e+00,8.631353e-02,-2.479769e-03,-9.531418e-02,-5.099734e-03,1.553022e-01,5.893380e-01,-5.677212e-05
4.989816e-03,2.934309e-01,1.279201e+00,1.154710e-01,9.027490e-04,3.031443e-02,1.386527e-02,1.347940e-01,-8.407088e-02,3.105517e-03
-4.123645e-04,6.408513e-01,1.287474e+00,8.822167e-01,-9.102484e-03,9.821846e-01,6.768741e-03,-1.994082e-01,4.548741e-01,-2.348915e-03
-2.685356e-03,-1.724983e+00,-1.390542e+00,4.545587e-01,1.994265e-04,-3.712746e-02,2.779412e-03,-1.232624e+00,-6.613679e-01,1.435349e-03
1.527607e+00,-3.249795e-01,-4.101431e-01,7.538075e-01,-2.531900e-01,5.890129e-01,-1.392319e+00,-4.599298e-01,-1.565369e-01,-1.944365e+00
-7.775572e-01,7.273166e-02,4.807244e-01,1.766240e+00,-3.110579e-01,-3.191158e-01,3.532909e-01,1.438931e+00,4.791445e-01,-1.588262e-01
-3.268840e-03,1.251003e-01,3.106152e-01,2.637122e-01,-2.190862e-04,1.458117e+00,-6.437875e-03,-5.492688e-01,-7.072352e-01,2.740047e-03
-1.579158e-01,-1.552751e+00,4.728629e-03,-1.340829e+00,-6.197937e-01,1.964211e-01,1.773361e-01,-5.083202e-01,1.315765e-01,2.284985e-02
-8.087858e-01,-1.213777e+00,-7.938864e-01,4.023039e-01,1.162405e+00,5.329369e-01,-1.453204e+00,-5.919672e-01,1.414858e+00,1.036846e+00
