1.366670e+00,-3.552647e-01,6.896614e-01,-5.406568e-01,-2.793679e-01,-6.903387e-01,9.188526e-02,-4.357456e-01,5.752568e-01,1.778079e+00
1.517670e+00,5.868976e-01,3.684030e-01,-1.770410e-01,1.104438e-01,2.622657e-01,-1.738788e+00,-1.386303e-01,1.489627e+00,4.906679e-01
1.600832e+00,8.332423e-02,-7.272369e-01,-3.800791e-01,3.203590e-01,-1.517762e+00,-1.259130e+00,-3.188595e-01,1.579868e+00,5.898219e-01
2.047256e-03,-8.731889e-01,1.839194e-01,4.053236e-01,-8.082136e-03,-1.078853e-02,4.725853e-03,-1.566666e-01,1.224396e+00,3.771743e-04
4.718043e-03,-2.291828e-01,-6.652826e-01,9.754890e-01,1.299815e-03,1.016073e-01,7.036194e-03,7.814933e-01,-3.399960e-02,6.522920e-04
3.849798e-04,-6.981977e-01,-9.178257e-01,-3.429734e-01,-1.014812e-02,4.448337e-01,8.286077e-04,9.964135e-01,-2.749845e-02,2.565062e-04
-2.668800e-03,-3.324255e-01,-1.166413e-01,-3.307944e-01,5.277314e-03,2.776278e-01,-3.227465e-04,-1.253859e-01,1.303867e+00,9.911327e-04
-9.783631e-01,-6.252655e-01,5.631305e-01,1.534684e-01,3.905278e-01,9.671529e-01,-1.212396e-01,2.462079e-01,7.662026e-02,1.902222e+00
-1.049143e-03,7.316000e-01,-9.473055e-02,3.091410e-01,4.380534e-03,1.769407e-01,3.949862e-03,-2.267410e-01,3.037608e-01,6.313881e-04
-8.305300e-04,7.391103e-01,8.887647e-01,3.899204e-01,-2.337124e-03,3.397311e-01,-8.300807e-03,6.278723e-01,-2.450760e-01,-7.191423e-05
3.805930e-03,3.563947e-01,1.731225e+00,-7.296794e-01,3.004551e-03,-3.234264e-01,-2.301658e-03,7.063778e-01,-1.663737e+00,-9.712676e-04
-4.519424e-03,-6.596873e-01,1.574725e-01,-8.927680e-01,8.061896e-05,5.481663e-01,-6.042047e-03,-7.720465e-01,-2.237940e-01,-9.411867e-04
2.577024e-04,-1.515158e-01,-8.341634e-01,-1.292755e+00,5.736330e-04,5.058208e-01,-1.476247e-02,-8.075635e-02,1.251893e+00,3.688671e-03
-2.020669e-03,-9.634098e-01,-1.875866e+00,-6.558950e-01,-8.990721e-05,-1.977051e-01,1.021082e-03,-7.301721e-03,9.537087e-01,-3.493613e-05
-1.956697e-03,-1.347543e+00,-4.083117e-01,3.380639e-02,3.177770e-03,-1.067694e+00,-3.305458e-03,-1.077164e+00,1.637714e+00,2.649579e-03
1.524163e+00,-3.817285e-01,1.495297e+00,5.025645e-01,-2.437241e-01,-1.265285e-01,-1.376486e+00,-6.327191e-01,-2.432535e+00,-1.945545e+00
-7.753574e-01,-2.055308e-01,-1.021152e+00,-5.108642e-01,-3.161614e-01,5.174892e-01,3.484569e-01,3.493231e-01,-7.608329e-01,-1.640038e-01
9.527126e-04,1.275413e+00,-1.205120e+00,3.145778e-01,-1.276308e-03,-5.095280e-02,1.853802e-03,-1.001881e-01,1.293456e-01,1.213362e-04
-1.612084e-01,5.806117e-02,1.892233e+00,-3.647489e-01,-6.259622e-01,9.996143e-01,1.678344e-01,5.786279e-01,1.263042e+00,2.439736e-02
-8.138310e-01,-6.805336e-01,6.234064e-01,-1.539482e+00,1.155910e+00,6.278830e-01,-1.473281e+00,-1.145192e+00,-1.026608e+00,1.041825e+00
