1.362793e+00,-1.963535e+00,-1.115343e+00,3.824454e-01,-2.813246e-01,-3.194468e-01,8.707993e-02,8.518738e-01,1.767079e+00,1.776757e+00
1.516558e+00,-1.834210e+00,-3.533587e-01,7.396391e-01,1.072340e-01,-6.441671e-01,-1.740723e+00,-1.756810e+00,-1.744987e-01,4.906131e-01
1.598171e+00,-3.917346e-01,5.791823e-01,2.641405e+00,3.300255e-01,-1.069094e-02,-1.257869e+00,-4.485551e-01,6.669220e-01,5.883839e-01
4.957512e-03,2.405558e-01,-1.682427e+00,1.118807e+00,-1.289027e-03,1.270314e+00,1.543923e-02,-1.272938e-01,1.012888e+00,-2.678386e-03
-3.340441e-03,1.442997e-01,-8.109567e-01,-5.977407e-01,-4.640313e-03,-9.830965e-01,2.594376e-03,1.567382e+00,1.196064e+00,1.168439e-03
2.726128e-03,-5.963097e-01,1.789577e-01,8.855530e-01,-3.396445e-03,-1.759239e-01,-2.391609e-03,2.326575e-01,2.626930e-01,5.615821e-04
-2.138213e-03,4.699978e-01,-1.348671e-01,-6.016142e-01,-5.884127e-03,1.633013e-01,3.773333e-03,3.632649e-01,1.364283e+00,-3.143632e-03
-9.728174e-01,-3.758326e-01,1.671834e+00,-1.347897e-01,3.919033e-01,4.463961e-01,-1.092779e-01,-2.937191e-01,-7.761898e-01,1.906879e+00
-1.277665e-03,6.554313e-01,3.173169e-01,-2.223124e-01,-3.082817e-03,-1.313372e+00,-4.212079e-04,-1.268463e+00,1.825874e+00,1.384510e-03
-2.176637e-03,-1.037525e+00,-6.442303e-01,1.280269e+00,-5.005408e-03,-1.064156e+00,-3.043066e-03,-3.094671e-01,-8.977970e-01,-2.382787e-03
5.395137e-03,2.847173e-01,-3.987065e-01,1.246403e+00,-3.553530e-03,6.683179e-01,-6.507179e-03,1.491866e+00,-8.341927e-01,1.005416e-03
-4.894181e-03,-3.996820e-01,-1.696561e-01,-1.307158e+00,3.503378e-03,8.955224e-01,-1.163567e-02,-8.618128e-01,-4.817623e-01,-3.305108e-03
-2.225170e-03,3.200400e-01,-1.762064e+00,-9.634225e-01,-8.710063e-04,-3.748736e-01,-3.779890e-03,1.004273e-01,-7.943335e-01,7.222769e-03
3.640395e-03,-6.318617e-02,-8.595115e-01,7.060076e-01,-3.283273e-03,2.057489e-01,2.026552e-03,-6.654716e-01,5.461192e-01,2.201554e-03
-8.651230e-04,-1.652320e+00,-1.411446e+00,6.749663e-02,-9.445926e-03,5.365352e-01,-1.096618e-02,4.061420e-03,-1.300345e+00,1.865225e-03
1.525699e+00,3.383870e-01,5.002034e-01,-7.561790e-03,-2.394019e-01,-1.974235e-01,-1.393918e+00,-8.519038e-01,5.031496e-01,-1.950817e+00
-7.821122e-01,2.140071e-01,-1.142076e+00,1.229874e+00,-3.151802e-01,1.972260e+00,3.561000e-01,1.485900e+00,-1.631560e-01,-1.619669e-01
-1.830105e-03,-1.310249e-02,8.448653e-01,6.167349e-01,-3.509875e-03,2.873078e-01,-7.266055e-03,2.603165e+00,1.177330e+00,8.145705e-04
-1.571651e-01,-8.236793e-01,1.138473e+00,-7.020307e-01,-6.233310e-01,4.854588e-01,1.683064e-01,-1.366908e+00,-1.307797e+00,2.514461e-02
-8.138614e-01,-1.986851e+00,-5.095407e-01,-3.308484e-01,1.159355e+00,-6.518305e-01,-1.448283e+00,8.117542e-01,1.257563e-01,1.038682e+00
