1.368199e+00,1.005877e+00,2.190848e-01,1.744167e+00,-2.903303e-01,8.930207e-01,8.776131e-02,1.954375e+00,2.360554e-01,1.779184e+00
1.522902e+00,-6.039216e-01,2.269680e-01,-4.484729e-01,1.115577e-01,5.248961e-01,-1.746064e+00,-1.429437e+00,-2.121681e-01,4.849844e-01
1.592437e+00,-1.392554e+00,-4.598006e-01,3.164290e-01,3.202472e-01,1.241324e-01,-1.282912e+00,-9.988506e-01,5.882391e-01,5.905677e-01
4.398888e-03,-9.655848e-02,-4.265930e-01,5.896901e-01,-2.223194e-03,-8.148770e-01,8.632780e-03,-3.411907e-01,2.106285e-01,1.934526e-04
3.562405e-03,1.316267e-01,1.243838e-01,1.736110e+00,-2.653789e-03,8.059719e-01,4.057718e-03,-7.949603e-01,-5.807565e-01,-8.477665e-04
-1.484616e-05,1.478592e+00,-1.653974e-01,-5.915664e-01,-2.628190e-03,-1.338381e-01,4.877552e-03,-1.878971e+00,-1.179684e+00,-2.215512e-04
5.570578e-03,-4.867461e-02,-6.401018e-01,-2.037014e-01,-8.302525e-03,-5.449074e-01,-3.859196e-03,-1.377247e-01,2.886484e-01,-1.609546e-03
-9.715583e-01,1.215211e+00,-1.358948e+00,-1.582779e-01,3.906634e-01,2.731758e-01,-1.167477e-01,-2.802698e-01,5.529513e-01,1.905565e+00
-3.880026e-03,1.002185e+00,-8.134748e-01,4.630548e-01,9.114422e-03,-1.284347e+00,-2.576092e-03,4.680849e-01,1.487156e-01,7.498178e-04
-3.506797e-03,5.934282e-01,-2.877766e-01,-2.105102e+00,-3.417050e-03,4.536036e-01,-7.612578e-03,1.070051e+00,-1.956164e+00,2.656430e-03
3.715798e-03,8.196806e-02,-1.744541e+00,2.456599e+00,3.199046e-03,6.546227e-01,5.090694e-03,-1.256337e+00,-1.848934e-01,1.786862e-03
-4.249388e-03,1.956417e-01,-1.183663e+00,-5.348125e-01,-6.271006e-04,5.382629e-01,3.309292e-03,-1.055072e+00,1.802927e+00,-3.173991e-03
2.565582e-03,-3.986119e-01,4.694510e-01,-6.253528e-01,3.593536e-03,-4.231152e-01,1.021456e-02,-1.215831e+00,-6.281555e-01,8.680421e-04
4.365961e-03,-1.364649e+00,6.361220e-02,9.493364e-01,-5.912191e-03,-2.214118e+00,6.262337e-03,1.223774e+00,7.932575e-01,1.083567e-03
6.978458e-03,-8.794604e-01,1.323912e+00,-1.072887e+00,6.158059e-04,4.733511e-01,-8.247043e-03,7.354416e-01,-3.576881e-01,-5.014623e-04
1.523400e+00,-2.037248e-01,2.646918e-03,1.187461e-01,-2.460427e-01,2.062016e-01,-1.394119e+00,1.825100e-01,3.427959e-01,-1.947565e+00
-7.828785e-01,9.181454e-01,-7.684254e-01,-6.027459e-01,-3.322267e-01,1.854564e+00,3.650291e-01,-1.909726e-01,1.278459e-01,-1.611870e-01
-1.526363e-03,7.957686e-01,-1.426201e-01,1.022464e+00,3.845573e-04,-2.147265e-01,-6.084927e-03,3.421868e-01,5.347801e-01,4.216389e-03
-1.572681e-01,7.515351e-01,-3.641776e-01,-9.933157e-01,-6.175440e-01,-1.624081e-01,1.775722e-01,-3.685032e-01,-1.410327e-01,2.425288e-02
-8.191982e-01,1.389421e-03,-8.854136e-01,-8.712995e-01,1.155117e+00,-6.298777e-01,-1.467170e+00,2.161893e-01,-1.130526e+00,1.041647e+00
