1.361553e+00,1.701591e-02,-1.356972e+00,8.405610e-01,-2.815418e-01,6.347095e-01,9.409677e-02,-7.605748e-02,-1.818842e+00,1.778663e+00
1.525022e+00,-7.479631e-02,1.575232e+00,-4.662990e-01,1.073479e-01,-1.758485e+00,-1.740013e+00,-3.706263e-01,9.864093e-01,4.872337e-01
1.598836e+00,2.213936e-01,-5.160200e-01,4.499707e-01,3.278003e-01,2.900846e-01,-1.265584e+00,7.355564e-01,2.112805e-01,5.909073e-01
3.079527e-03,6.087473e-01,5.631465e-01,-1.595395e-01,1.382508e-03,-2.989329e-01,-9.267070e-04,-1.754379e+00,1.138699e+00,-1.804354e-03
-1.006091e-03,-1.802457e-01,1.890967e+00,4.096779e-01,5.883497e-03,-7.780244e-01,1.740671e-02,6.401104e-01,2.163170e-01,8.933162e-04
2.614504e-03,6.349600e-01,-6.870457e-01,9.437279e-01,-8.294145e-03,-1.816507e+00,-6.059357e-03,5.008399e-01,-1.045085e+00,3.452260e-03
-2.454958e-03,-1.059880e+00,9.157588e-01,5.090994e-01,-4.827128e-03,1.111646e+00,3.232972e-04,3.778447e-01,1.124418e+00,9.658011e-04
-9.730165e-01,-1.495542e-01,-7.019752e-01,5.118158e-01,3.893408e-01,-9.319930e-01,-1.090636e-01,-1.664749e+00,2.918919e-01,1.904886e+00
-1.000621e-03,-1.162468e+00,-1.774147e+00,-9.602730e-01,-7.561332e-03,2.603045e-01,5.513070e-03,6.473579e-01,1.726977e+00,3.309139e-03
-2.961665e-03,-3.613923e-01,1.276809e+00,-8.052950e-02,2.703749e-03,1.632488e+00,-6.045257e-03,-1.209432e-02,4.260464e-01,-9.586317e-04
8.963175e-03,-8.932036e-02,4.962607e-01,-6.620023e-01,-4.136286e-03,-2.947125e-01,-9.929732e-03,-7.703764e-01,-6.414375e-01,2.019492e-03
-4.110331e-03,-3.011990e-01,-6.486504e-02,-1.122096e+00,-3.807645e-03,-1.794872e-02,2.755651e-03,-2.914188e-01,6.352584e-01,-6.344785e-03
-2.892370e-03,5.953957e-01,2.494052e-01,1.005507e+00,-1.009170e-03,1.354941e-01,1.159171e-04,1.255852e+00,-4.491256e-02,4.658141e-03
6.428084e-03,1.112128e+00,-1.291151e+00,-9.093110e-01,-7.520622e-04,7.289949e-01,1.629279e-03,6.421165e-01,1.135979e-02,1.251913e-03
-2.655057e-03,9.619279e-01,6.800897e-01,-3.525819e-01,6.255456e-03,-4.347646e-01,-1.386962e-02,9.394072e-01,4.356886e-01,-1.150452e-03
1.523168e+00,-3.318261e-01,-3.360535e-01,7.067643e-01,-2.441588e-01,-8.565212e-01,-1.386103e+00,-1.193862e+00,6.034173e-01,-1.946093e+00
-7.761870e-01,1.356344e+00,1.773177e-01,-1.679367e-02,-3.072329e-01,1.648296e+00,3.634547e-01,5.812619e-01,3.192875e-02,-1.584824e-01
-2.827758e-03,-2.009668e-01,1.081584e-01,1.109826e+00,-6.133486e-03,7.534735e-01,-2.942325e-03,2.943974e-02,-4.077185e-01,-1.053121e-03
-1.546452e-01,3.994456e-01,-3.539001e-01,1.369479e+00,-6.248839e-01,-5.963968e-02,1.802158e-01,1.330615e+00,-1.187184e-02,2.227579e-02
-8.121205e-01,1.954262e+00,-1.378606e+00,5.150487e-01,1.152050e+00,-7.392872e-01,-1.455301e+00,1.012713e-01,1.325962e-01,1.039424e+00
