1.355856e+00,-4.010662e-01,5.446994e-01,1.234645e+00,-2.758673e-01,-9.037233e-01,8.906795e-02,-1.025377e+00,2.594678e-01,1.778169e+00
1.524788e+00,8.941882e-01,-4.518438e-01,8.558674e-01,1.148500e-01,-1.690931e-01,-1.740502e+00,-1.947213e-01,1.839878e+00,4.926133e-01
1.594375e+00,-9.621414e-01,-1.877834e+00,8.704573e-01,3.279947e-01,6.632712e-01,-1.265807e+00,1.620763e+00,1.248654e+00,5.887834e-01
-4.441829e-03,-7.017177e-01,8.513607e-02,-2.985196e-01,1.181930e-04,8.616439e-01,-1.488007e-03,4.428942e-01,7.482909e-01,-1.319774e-03
-1.730884e-03,1.725442e+00,8.815428e-01,-5.865274e-01,-3.760865e-03,3.570938e-01,-6.583283e-03,7.985858e-01,4.659708e-01,5.561449e-04
3.216088e-03,-1.745428e+00,5.691837e-01,-1.722359e+00,-3.874882e-03,1.084821e-02,-1.834451e-03,1.865987e-02,2.518333e-01,4.060683e-03
4.593183e-04,5.698985e-01,1.801716e-01,-1.530960e+00,-2.507740e-03,-2.363247e-01,-1.086302e-02,1.384086e-01,1.093810e-01,8.768328e-04
-9.724417e-01,-1.116881e-01,1.074766e+00,1.443616e-01,3.882363e-01,-1.138857e+00,-1.094061e-01,1.023237e+00,1.746353e-01,1.905989e+00
-2.885052e-04,1.656404e-01,1.343395e+00,2.646537e-01,2.968791e-03,-4.126640e-01,7.042427e-03,-2.268559e+00,-5.034748e-01,2.862075e-03
-1.975320e-03,-5.673371e-01,2.143439e-01,-1.114960e+00,2.025635e-03,-1.783073e-01,-1.149061e-02,-2.542740e-01,2.119055e-01,-5.355397e-04
-5.919869e-03,-9.269256e-01,6.054399e-01,1.791269e-01,-4.170961e-03,-1.699150e+00,6.575808e-04,9.513063e-01,-8.062405e-01,-3.305147e-03
-9.783786e-04,8.839474e-01,6.957412e-01,-1.227507e+00,-1.136735e-02,1.302016e+00,-6.984591e-03,-9.075603e-02,1.222197e+00,3.196626e-03
-3.715587e-03,-1.967894e+00,1.355846e-02,7.877475e-01,1.438010e-03,4.780075e-01,1.069053e-03,1.719657e+00,1.543446e+00,1.199396e-03
4.637699e-03,-1.429425e-02,-3.981631e-01,1.072877e+00,-1.023315e-03,5.499792e-01,1.061431e-02,1.400925e-01,9.272504e-01,1.034170e-03
8.225969e-04,5.554277e-01,4.932242e-01,9.063784e-01,1.849419e-03,2.330454e-01,-1.430967e-02,1.481661e-01,2.954302e-01,-1.399877e-03
1.526250e+00,2.064462e-01,2.273032e-01,2.937086e-02,-2.379733e-01,1.435151e+00,-1.381231e+00,-1.432611e+00,-9.578927e-02,-1.944826e+00
-7.813115e-01,-1.016921e+00,9.190986e-01,1.243430e-01,-3.154178e-01,-6.720427e-01,3.488223e-01,-6.405852e-01,-7.413924e-01,-1.616013e-01
-3.463630e-03,1.036875e+00,4.977387e-01,-5.194346e-02,-7.189786e-03,4.080782e-02,-5.410372e-03,-5.021736e-02,-2.368782e-01,-3.601939e-03
-1.558304e-01,9.582803e-01,1.823762e+00,8.376072e-01,-6.185604e-01,-5.513165e-01,1.881107e-01,-9.873278e-01,2.867075e-01,2.129897e-02
-8.186538e-01,8.269208e-01,2.941129e-01,3.263444e-01,1.157078e+00,1.233241e+00,-1.476262e+00,9.823559e-01,8.369341e-02,1.038985e+00
