1.364051e+00,5.363970e-01,-2.593280e-01,9.974379e-01,-2.733857e-01,3.378422e-01,9.609085e-02,-2.745301e-02,7.342556e-03,1.778385e+00
1.525757e+00,-1.192917e+00,-7.823257e-02,-7.869878e-02,1.117509e-01,-4.046230e-01,-1.734900e+00,1.354442e+00,-3.745896e-01,4.859413e-01
1.602454e+00,9.327040e-01,1.404426e-01,1.417766e+00,3.378831e-01,-2.570684e-01,-1.258674e+00,-7.453461e-01,7.899497e-01,5.895572e-01
-1.288516e-03,-2.072316e-01,1.512052e+00,-1.202145e+00,2.340957e-03,-2.433770e-01,5.081505e-03,-7.004434e-01,1.454833e+00,2.600522e-03
2.959360e-03,1.331784e+00,2.148597e-01,-1.989790e-02,-1.051074e-02,8.538096e-01,4.122090e-03,-1.888700e+00,6.467194e-01,-1.085701e-03
-1.010797e-03,2.611657e-01,6.823737e-01,-5.936851e-01,-6.111699e-03,9.995452e-01,-3.507202e-03,-1.657698e+00,1.230906e+00,3.224988e-03
-5.344499e-03,6.938898e-01,3.719597e-01,5.519138e-01,5.797376e-04,9.207753e-01,6.487688e-03,1.038345e+00,4.753846e-01,-2.705979e-03
-9.712892e-01,-8.252156e-01,1.758147e-02,1.229498e+00,3.834144e-01,9.285757e-01,-1.088297e-01,6.992470e-01,8.145841e-01,1.905642e+00
8.047921e-04,-1.258779e+00,1.290601e-01,-4.418247e-01,-9.674780e-04,-1.262579e+00,5.341445e-03,-1.615193e-01,3.930104e-01,9.074891e-05
4.578181e-05,3.493085e-01,-2.764877e+00,9.315431e-01,9.041854e-03,-5.590554e-02,8.582110e-03,3.253089e-01,-6.797485e-01,2.175367e-03
2.038902e-03,5.621622e-01,-2.961198e-01,5.908227e-01,-4.908229e-04,3.961423e-01,-2.500279e-03,-1.769151e-01,1.812659e+00,3.966748e-03
-1.064443e-03,1.385022e+00,1.738077e-01,-1.192030e+00,-1.031239e-02,1.598770e+00,1.248308e-04,4.814796e-01,4.377006e-01,-7.932785e-04
3.092340e-03,5.506352e-01,2.027846e+00,1.074678e-02,-2.276598e-03,7.966996e-01,2.233928e-03,-5.262189e-01,1.331353e-01,3.227882e-03
3.411030e-03,-7.683553e-02,-4.669687e-01,3.079006e-01,-2.668477e-03,-6.427331e-01,1.275561e-02,-5.558087e-01,-9.173789e-01,1.121598e-03
-6.580911e-03,-1.415292e+00,-1.731425e-01,-4.478621e-01,-4.241329e-03,-9.756854e-01,8.077687e-05,7.730509e-01,1.227601e-01,3.592184e-05
1.523286e+00,-1.902972e-01,-5.617475e-01,2.992657e-01,-2.473100e-01,-2.617070e-01,-1.389613e+00,-1.455524e+00,-3.577085e-01,-1.945976e+00
-7.814436e-01,-1.302034e+00,4.497413e-01,8.794637e-02,-3.202275e-01,-1.179885e+00,3.571755e-01,3.913171e-01,1.141716e-01,-1.617542e-01
-3.010075e-03,2.910114e-03,2.390665e+00,3.841479e-01,-2.085954e-03,-6.624872e-02,5.108415e-03,9.980106e-01,-1.000147e+00,2.019412e-03
-1.565722e-01,7.610223e-01,-3.419899e-01,7.148135e-02,-6.234710e-01,5.699009e-02,1.791179e-01,-7.446582e-01,9.779971e-01,2.595661e-02
-8.117330e-01,-1.037348e+00,3.145547e-01,-1.873318e-02,1.144994e+00,-7.890175e-02,-1.448803e+00,5.354900e-01,8.081631e-01,1.040086e+00
