1.364634e+00,4.664871e-01,-5.297461e-01,-4.731095e-01,-2.850689e-01,1.970668e+00,9.369153e-02,-2.563999e-01,2.215046e-01,1.777195e+00
1.523950e+00,-6.205562e-01,5.509571e-01,-5.696429e-01,1.089365e-01,-6.807914e-01,-1.736442e+00,-1.439743e-01,-6.453763e-01,4.866274e-01
1.597042e+00,-4.685332e-01,4.753893e-01,-2.175326e-01,3.326658e-01,1.488506e+00,-1.279469e+00,1.247433e+00,-8.833385e-01,5.881325e-01
1.946003e-03,-2.677296e-02,-9.944314e-02,-5.251666e-01,-9.701655e-03,9.019707e-01,8.891952e-04,-7.710177e-03,1.049295e+00,5.180151e-04
1.542587e-03,4.839559e-01,-7.777552e-01,7.238490e-01,-8.560455e-03,4.580215e-02,-2.860136e-03,-4.736581e-02,-1.589093e+00,-6.663983e-04
8.221264e-04,-6.718975e-02,6.144505e-01,-1.778326e+00,4.465901e-03,7.705687e-01,-4.508283e-03,-2.815529e-01,-4.361626e-01,2.147670e-03
-4.408338e-03,-5.411652e-01,-4.415890e-01,-1.726428e-01,2.979253e-03,-8.185417e-01,1.946355e-03,1.414060e-01,-6.520946e-01,2.539806e-03
-9.743885e-01,1.157757e-01,8.619579e-01,-4.494848e-01,3.903588e-01,2.525837e+00,-1.174645e-01,7.378157e-01,-9.093835e-01,1.901458e+00
-1.679309e-03,-3.142583e-02,-1.005145e+00,1.861032e+00,2.817869e-03,-1.368353e+00,-3.711841e-03,7.846451e-01,2.590639e-01,-9.989258e-04
-4.742565e-03,-1.584365e+00,-4.073868e-01,3.290866e-01,7.700347e-03,-1.548740e+00,-1.410999e-02,-6.054727e-01,-1.372007e+00,1.668868e-03
-2.449421e-03,1.097127e-01,1.170660e+00,-3.273832e-01,4.181165e-03,1.955830e+00,-5.104415e-03,-5.361812e-01,2.077599e+00,1.525301e-04
8.307014e-04,2.054738e+00,-1.000892e+00,3.044592e-01,-4.678281e-03,1.476180e+00,-8.671426e-03,-7.325832e-01,5.980679e-01,-2.427481e-03
3.868069e-03,1.048717e+00,-7.315695e-01,3.008482e-01,-1.354537e-03,-3.644217e-01,-5.198337e-03,4.223995e-01,6.846149e-01,-2.152688e-03
4.978393e-04,2.447506e-02,-6.894375e-01,6.624141e-01,-6.787209e-04,-1.816738e+00,-1.160654e-02,3.110172e-01,3.848192e-01,9.345278e-04
-2.899652e-03,-2.692890e-01,-2.309476e+00,8.347354e-01,-4.137064e-03,-5.109761e-01,-4.019640e-03,-8.342877e-01,-3.373737e-01,1.040181e-03
1.526380e+00,-6.016317e-01,1.472984e+00,1.287411e-01,-2.449376e-01,2.796170e-01,-1.387037e+00,4.243299e-01,5.696625e-01,-1.943736e+00
-7.766184e-01,-1.031037e+00,-1.305890e+00,2.679351e-01,-3.164241e-01,-8.261135e-02,3.621534e-01,-4.127721e-01,5.285172e-02,-1.633442e-01
-3.807274e-03,-1.118758e+00,4.887514e-02,-3.848962e-01,-9.279783e-04,4.280882e-01,-3.303458e-03,-5.318100e-01,1.344689e+00,1.335742e-03
-1.520956e-01,1.077707e+00,-9.117565e-01,4.944476e-02,-6.197175e-01,-4.795235e-01,1.812034e-01,1.290635e+00,7.744538e-01,2.547406e-02
-8.130634e-01,-2.391085e+00,1.676807e+00,-1.093394e+00,1.159198e+00,-1.370466e+00,-1.455974e+00,5.073841e-02,-8.346700e-03,1.038644e+00
