1.368526e+00,8.059995e-01,-2.450535e-01,5.591090e-01,-2.896992e-01,9.634147e-01,9.855223e-02,-1.214434e+00,6.038873e-01,1.779638e+00
1.527007e+00,-6.779353e-01,-6.355910e-01,1.023342e+00,1.056847e-01,-1.312306e+00,-1.755492e+00,-2.005839e-01,4.643766e-02,4.909437e-01
1.602520e+00,5.361117e-01,9.836135e-01,1.361123e+00,3.222059e-01,-4.771317e-01,-1.256010e+00,1.767517e+00,-1.297738e+00,5.894437e-01
-1.611652e-03,2.371166e-01,1.819888e+00,-2.654440e-01,1.766876e-03,6.587363e-01,5.185218e-04,8.337891e-01,-7.303926e-01,-4.690288e-04
3.445168e-03,3.781885e-01,1.482170e+00,-1.351366e+00,-3.871742e-03,6.056831e-01,1.911429e-03,-7.769482e-01,-6.072638e-01,-1.836093e-03
2.353558e-03,4.603031e-01,-2.401837e+00,-7.405686e-01,-2.724520e-03,-7.164220e-01,7.040590e-03,-5.244947e-01,1.060143e+00,-1.060200e-03
1.173277e-04,-4.598780e-01,2.026178e-01,1.037524e+00,4.090008e-03,1.553433e+00,1.585005e-02,7.389776e-01,-1.103669e+00,1.773315e-03
-9.747218e-01,-1.275285e+00,-4.136366e-01,2.276740e-01,3.868011e-01,-5.954442e-01,-1.162002e-01,-2.868908e-01,6.772405e-01,1.903436e+00
-6.960498e-03,3.601568e-01,-8.493359e-01,-6.285530e-01,5.790535e-04,1.220246e+00,-1.001706e-02,2.196111e-01,-7.586667e-01,-1.251127e-03
-5.460122e-03,3.038079e-01,4.132554e-01,1.268726e-01,7.411930e-03,6.070807e-01,1.953279e-02,-1.940689e-01,6.215468e-01,1.599932e-04
4.764266e-03,3.969242e-01,-2.426784e-01,1.154243e+00,3.032189e-03,-1.269072e+00,7.476185e-03,1.395650e+00,-3.240980e-01,1.521929e-03
-9.426583e-04,8.399274e-01,1.077416e+00,-7.126781e-01,1.318174e-04,-2.459514e-01,-3.262477e-03,1.926631e+00,-3.767258e-02,-6.572295e-05
1.532860e-03,-8.432406e-01,4.339654e-01,-2.077209e-01,5.306823e-03,-1.686861e-01,1.912936e-03,6.271970e-02,1.922528e-01,5.118726e-03
3.909503e-03,4.927816e-01,2.228676e+00,-4.980425e-01,8.050684e-03,-3.105160e-01,-1.478657e-03,-4.347545e-01,-7.516357e-01,5.077334e-05
-2.277585e-03,-8.874734e-01,-4.282645e-01,1.073800e+00,-1.237566e-02,-4.255386e-01,-8.274188e-04,3.791986e-02,-2.216851e-01,-4.506661e-03
1.523446e+00,-4.943806e-01,-1.983229e-01,4.505600e-01,-2.447285e-01,2.712291e-01,-1.381062e+00,-1.046275e+00,-5.441370e-01,-1.943600e+00
-7.798426e-01,1.099509e+00,-3.413197e-01,-1.774970e+00,-2.977336e-01,-1.599496e-02,3.462487e-01,-1.656754e+00,6.984225e-02,-1.664857e-01
-1.298996e-03,-1.583173e+00,7.766920e-02,8.001342e-02,6.379583e-03,-7.432988e-01,-6.667537e-04,-5.137547e-01,-3.731950e-01,-1.232935e-03
-1.578516e-01,-1.901242e-01,-4.078419e-01,-1.188472e+00,-6.248970e-01,-9.994688e-01,1.820953e-01,-8.970838e-01,-1.065096e+00,2.222818e-02
-8.180460e-01,-2.192355e+00,-1.043772e+00,-6.459018e-01,1.156522e+00,-9.194834e-01,-1.459014e+00,-3.149709e-01,-3.337894e-01,1.037630e+00
