1.360511e+00,1.036621e+00,1.295168e-01,-6.247783e-01,-2.849811e-01,-1.021914e+00,9.269638e-02,-1.083916e+00,7.189896e-01,1.783100e+00
1.519774e+00,4.350522e-01,-7.149594e-01,1.145637e+00,1.050595e-01,-1.601972e-01,-1.739352e+00,-5.531449e-02,-1.244539e+00,4.861687e-01
1.599952e+00,-6.244883e-01,9.212163e-02,-7.991592e-01,3.293397e-01,-1.208703e-01,-1.257018e+00,-7.970474e-01,-9.638075e-01,5.941098e-01
-5.025874e-04,1.188082e-01,1.532056e-01,6.201416e-02,-1.110805e-03,-2.131798e-01,6.094849e-03,-9.189585e-01,1.084898e+00,-1.422893e-03
-1.706237e-03,-1.538978e-01,-2.413163e-01,6.317228e-01,-2.245255e-03,-6.973569e-02,5.076268e-04,2.083122e-01,-1.207638e+00,1.849693e-03
-2.317079e-03,1.002690e+00,-2.822873e-02,5.532287e-01,-2.884336e-03,7.662169e-01,8.829525e-03,6.724268e-01,7.862729e-02,-2.744877e-03
-3.004696e-03,8.471254e-01,-2.021479e-01,9.380029e-01,3.685707e-04,-1.454776e+00,3.624865e-03,4.131605e-02,6.709572e-01,-1.294549e-03
-9.713106e-01,4.799794e-01,-8.662328e-01,3.813251e-01,3.942737e-01,-7.241466e-01,-1.257784e-01,6.167976e-02,-5.663986e-01,1.906087e+00
1.294642e-03,2.449399e-01,-1.018866e+00,7.176456e-01,8.020961e-03,-5.966543e-01,2.539612e-03,-5.461701e-01,-6.783473e-01,2.252555e-03
-8.850027e-03,7.433280e-01,1.919138e-01,2.675168e-02,5.955782e-04,-4.173318e-01,3.771302e-03,6.332798e-02,-1.307684e+00,1.891090e-04
1.416738e-03,8.648948e-01,-1.147226e+00,6.461496e-01,-1.064568e-03,-7.070826e-02,-4.190649e-03,7.796322e-01,-3.855090e-01,1.427200e-03
-3.273477e-03,6.080808e-01,-1.675224e+00,1.085892e+00,-3.446524e-03,5.081252e-01,7.848351e-03,-3.676248e-01,1.977331e-01,-3.554861e-03
-2.295354e-05,-3.492528e-01,9.743472e-02,-1.449235e-01,-4.784447e-04,1.205300e+00,7.351602e-04,-9.352736e-01,2.897583e-01,4.217733e-05
7.387828e-03,1.035645e+00,4.666686e-01,-1.280029e+00,4.290666e-05,1.320437e-01,6.165383e-03,1.375251e+00,-5.857769e-01,3.627689e-03
2.952380e-03,-6.687160e-01,-1.010487e+00,-4.077171e-01,-4.380379e-03,-1.835444e-01,2.609646e-03,6.022605e-01,-8.500069e-01,-2.376198e-03
1.522076e+00,-4.786576e-01,-4.912500e-01,8.008435e-02,-2.495514e-01,-1.334316e+00,-1.386284e+00,2.707478e-01,-8.181724e-01,-1.946303e+00
-7.756058e-01,-3.898008e-02,1.169533e-01,4.156831e-01,-3.186264e-01,1.125223e+00,3.575875e-01,1.680273e+00,1.083238e+00,-1.571367e-01
-3.641259e-03,5.917394e-01,1.824551e+00,3.434469e-01,2.081448e-03,-3.012528e-01,1.954330e-03,2.870068e-01,2.178944e-01,1.051891e-03
-1.607583e-01,-6.277751e-01,1.589602e+00,1.222396e+00,-6.209595e-01,-3.926125e-01,1.738350e-01,3.869998e-01,-6.017408e-01,2.805738e-02
-8.163586e-01,6.529040e-01,5.011782e-01,-8.471135e-01,1.152289e+00,-1.539187e+00,-1.468575e+00,1.280028e+00,4.108211e-01,1.038952e+00
