1.357973e+00,-7.890040e-01,-1.857774e-01,4.861773e-02,-2.796776e-01,8.821362e-02,9.200012e-02,-6.540176e-01,1.003424e+00,1.777090e+00
1.526606e+00,-9.650613e-01,-8.471164e-01,-1.401903e+00,1.043201e-01,1.092581e+00,-1.749704e+00,5.300762e-03,-1.036057e-01,4.887912e-01
1.596739e+00,7.817612e-01,6.160818e-01,-1.385064e+00,3.252394e-01,-8.204886e-01,-1.266707e+00,3.312060e-01,-1.798308e+00,5.869926e-01
1.537764e-05,3.618065e-01,2.097381e-01,1.184240e+00,-1.869654e-03,-6.094338e-01,-2.226918e-04,-1.299692e+00,-5.861966e-01,-5.528199e-04
2.212844e-03,-1.359299e-03,4.172553e-01,-4.248330e-01,-5.825885e-03,6.804556e-01,-2.226173e-03,-1.068004e+00,-3.520506e-01,8.655279e-04
1.876956e-03,-1.285049e+00,-6.197228e-01,-6.623202e-03,5.418833e-03,4.826277e-01,-2.986218e-03,9.529696e-01,-7.043108e-01,-8.165003e-04
-6.033548e-03,3.013207e-01,-1.345552e+00,-3.143242e-01,2.636845e-03,-2.287215e+00,-1.565979e-03,7.019256e-01,8.246200e-01,2.989355e-03
-9.760005e-01,3.470347e-02,3.028726e-01,-9.445343e-02,3.911365e-01,7.233835e-01,-1.169011e-01,2.784537e-02,-1.095686e+00,1.904101e+00
7.143029e-03,-1.450678e-01,1.777735e+00,1.450760e+00,9.031124e-04,7.734777e-01,8.125823e-04,-1.479602e+00,4.656991e-01,9.289227e-04
-3.741938e-03,4.941051e-01,1.943375e+00,-4.438984e-01,1.621924e-03,-1.140909e+00,-1.740265e-03,2.118916e-01,-3.837668e-01,4.431061e-03
-9.718132e-04,4.369519e-03,1.004897e+00,6.313907e-01,-1.762875e-04,-1.229983e+00,-1.313269e-02,1.715651e-01,-2.823256e-01,8.103649e-04
-1.320847e-03,-1.103543e+00,1.379351e+00,4.277000e-01,4.024711e-03,-2.276445e+00,3.941746e-03,-1.159312e+00,-6.214716e-01,-2.018965e-03
-6.097370e-04,1.666016e-01,-7.119431e-02,-5.043889e-01,-1.788526e-03,-1.107516e+00,9.791905e-03,7.543950e-01,9.717223e-01,2.818496e-03
4.694845e-03,-2.599576e+00,-5.624628e-01,7.076187e-02,8.526259e-03,-4.798853e-01,4.032265e-03,8.856950e-02,-8.469805e-01,8.959738e-04
-2.786991e-03,1.528781e-01,-7.290886e-03,-1.265338e-01,-5.922037e-03,3.410648e-01,2.414927e-03,8.170952e-01,1.915877e-01,-1.963283e-03
1.525966e+00,-9.664946e-01,2.610481e-02,-4.864427e-01,-2.416989e-01,-8.040755e-01,-1.388917e+00,-1.766112e-01,2.383754e-01,-1.947859e+00
-7.814955e-01,1.573993e+00,-1.297422e+00,1.685945e+00,-3.150873e-01,-2.072757e+00,3.555494e-01,5.442962e-01,-6.224017e-01,-1.651327e-01
-3.519199e-03,1.960572e-01,7.015220e-01,1.812685e+00,-1.936720e-03,-3.227592e-01,-1.040392e-02,-1.097584e+00,-6.124609e-01,-3.946343e-04
-1.557770e-01,6.324778e-01,-1.172584e+00,9.732483e-01,-6.232348e-01,-1.604920e+00,1.759674e-01,9.118430e-01,6.397371e-01,2.087245e-02
-8.193245e-01,3.734700e-01,-1.002203e-01,1.134002e-01,1.147755e+00,-9.361004e-01,-1.455712e+00,-2.527957e-02,-1.834364e-01,1.038524e+00
