1.354866e+00,1.464962e-01,-1.164627e+00,-3.375862e-01,-2.925509e-01,1.032123e+00,8.744328e-02,3.380319e-01,7.895626e-01,1.779489e+00
1.522203e+00,-3.521518e-01,5.631103e-01,-1.997190e-01,1.055677e-01,9.853737e-01,-1.742866e+00,-1.917578e+00,4.431041e-01,4.880030e-01
1.605562e+00,1.165089e-01,1.112030e+00,-1.092245e+00,3.315119e-01,-3.029641e-01,-1.267372e+00,-4.997929e-01,-1.501309e+00,5.907792e-01
4.340570e-03,-1.471362e-01,9.285483e-01,1.160693e+00,3.817866e-03,5.400899e-01,1.355838e-03,-1.881094e+00,-1.247672e-01,2.836582e-03
-2.456410e-03,1.679247e-02,-6.928657e-01,-1.734501e-01,2.405102e-03,-6.642870e-01,6.442124e-03,5.579417e-01,2.266346e-01,2.350367e-03
-8.160185e-04,9.624755e-01,-1.888679e-01,4.459572e-01,3.444356e-03,1.640700e-01,1.279438e-03,3.970451e-01,-1.540947e-01,-1.133151e-03
4.898202e-03,4.450213e-01,6.474093e-01,-4.785423e-01,-5.679488e-03,1.741580e+00,-2.413031e-04,-5.613727e-01,-4.441965e-01,-2.236920e-03
-9.756787e-01,-2.517115e-01,6.533130e-01,-1.959242e+00,3.852237e-01,5.345757e-01,-1.131384e-01,-1.347355e-01,9.110566e-01,1.909007e+00
-3.935014e-03,-6.259471e-01,-7.259628e-01,-1.741070e-02,1.129499e-03,-7.691431e-01,9.808818e-03,-1.017055e+00,3.343733e-01,-7.443399e-04
3.225021e-04,-2.523217e-01,1.240287e-01,9.151050e-03,-4.097021e-03,7.482162e-01,6.079499e-03,-6.230741e-01,3.611244e-01,3.480610e-03
-3.400335e-03,-1.749353e-01,-2.620491e-01,1.276861e+00,9.099574e-03,-1.415191e+00,-7.417070e-03,-8.367923e-01,1.817725e-01,-1.417019e-03
-5.761642e-03,5.277719e-01,4.319139e-01,-1.630712e+00,-3.910708e-03,-1.340989e-01,2.302214e-03,1.006602e+00,-5.073289e-01,-4.072308e-03
1.516352e-03,1.188633e+00,-8.679883e-01,8.282414e-01,4.387142e-03,-3.515334e-01,-1.523887e-03,-3.086176e+00,-5.820756e-01,4.107967e-03
1.382832e-03,1.125093e+00,-7.061074e-01,-8.066421e-01,-3.573908e-03,-9.161674e-01,-1.149342e-03,1.431665e+00,-1.886085e-01,1.206784e-03
-2.429777e-03,-6.094582e-01,7.535885e-01,-9.405823e-01,1.826665e-03,-3.151294e-01,-8.934082e-04,-2.741163e-01,3.308281e-01,-3.818681e-03
1.525428e+00,3.150279e-01,-7.698535e-01,8.630782e-01,-2.453386e-01,-4.650137e-01,-1.380313e+00,-1.023443e+00,-8.756852e-01,-1.951956e+00
-7.820120e-01,-1.698575e-01,-6.702197e-02,1.166346e+00,-3.119202e-01,1.801897e+00,3.606577e-01,6.440780e-01,6.869186e-01,-1.587267e-01
3.466769e-03,1.972422e+00,5.420270e-02,8.479304e-01,3.187420e-04,-1.409101e-01,-8.701228e-03,1.814304e-01,7.164883e-01,1.371701e-03
-1.608439e-01,9.902078e-01,-1.330964e+00,6.509494e-01,-6.310449e-01,-6.563907e-01,1.818380e-01,5.254723e-01,-4.604844e-01,2.221886e-02
-8.183503e-01,-1.558886e+00,1.035651e+00,-4.919024e-01,1.157519e+00,4.537472e-02,-1.471814e+00,-4.007376e-01,-1.114405e+00,1.038143e+00
