1.358318e+00,6.272882e-01,-9.781635e-01,-2.095238e-01,-2.846863e-01,-5.404876e-02,9.150238e-02,8.623540e-01,6.550601e-01,1.780497e+00
1.523784e+00,7.475684e-01,9.847853e-01,-4.078965e-01,1.077125e-01,-3.549476e-01,-1.737571e+00,-8.349251e-01,1.059206e+00,4.880524e-01
1.602095e+00,1.062193e-01,-2.381888e-01,-2.205739e+00,3.291002e-01,5.036887e-01,-1.274735e+00,6.057399e-01,-1.220356e+00,5.895299e-01
1.507482e-03,1.386649e-01,8.856009e-01,-6.994449e-01,-3.454255e-03,-6.260176e-01,3.469200e-03,-1.070323e+00,3.063136e-01,3.079244e-03
2.519453e-03,-2.632828e-02,1.112411e+00,-7.006927e-01,-6.215060e-03,7.531989e-01,5.898915e-03,1.831234e-01,1.598204e-01,1.182192e-03
3.957245e-03,-1.923970e-01,2.028264e-01,1.436148e+00,-5.109453e-03,1.012773e+00,4.915524e-03,-1.433980e-01,3.249285e-01,8.715623e-05
5.541904e-04,4.608163e-01,1.336041e-01,-8.464576e-01,-1.016073e-02,-1.005150e+00,-2.149805e-04,6.555143e-01,-1.455345e+00,2.256875e-03
-9.729951e-01,7.286941e-01,1.213391e+00,-2.529861e-01,3.842414e-01,-7.450391e-01,-1.112577e-01,-3.092045e-01,7.547070e-02,1.900431e+00
5.554082e-03,4.804519e-01,-1.621925e+00,1.817157e+00,-2.943455e-03,-1.764110e+00,-3.200108e-03,-5.062874e-01,-7.741929e-01,2.182268e-03
-1.840899e-03,1.144132e+00,-5.553302e-01,-7.255536e-01,2.960215e-03,7.338381e-01,3.470289e-03,2.836583e-01,2.867831e-01,-8.234811e-04
1.510091e-03,-1.202600e+00,-2.410759e+00,-6.854582e-01,-1.002176e-03,8.169629e-01,-2.137928e-03,-9.188703e-02,5.784392e-02,1.913234e-04
2.064076e-04,1.114720e-01,8.867489e-01,-7.268148e-01,-1.157911e-02,1.008920e+00,7.565715e-03,2.177046e-01,-1.082479e+00,7.964576e-04
-1.095944e-03,1.167494e+00,1.960288e+00,9.179710e-01,1.866663e-03,-3.111910e-01,4.319780e-03,1.580018e+00,-1.979049e-01,3.393786e-03
-7.647241e-04,-1.849070e-01,2.368335e+00,-4.755719e-01,7.917102e-04,-8.212948e-02,-1.023234e-02,1.098382e+00,3.617728e-01,3.022022e-03
-6.028703e-03,-1.736389e-01,8.578774e-01,1.777588e-02,2.756270e-04,-1.362175e+00,9.937074e-03,-1.490743e-01,-6.055204e-01,-1.408949e-04
1.524831e+00,4.325707e-01,-5.516495e-01,-8.006062e-01,-2.495004e-01,7.711476e-01,-1.378568e+00,6.939138e-01,-8.282232e-01,-1.942603e+00
-7.786477e-01,3.703823e-01,-2.695283e-01,-3.730110e-01,-3.178495e-01,5.445021e-01,3.478526e-01,-1.414170e+00,4.247735e-02,-1.607085e-01
1.737581e-03,3.621534e-01,-8.975568e-01,-7.494149e-02,-3.070102e-03,4.634607e-01,-1.285600e-02,-1.224998e-01,-2.065423e-01,-2.677470e-03
-1.566132e-01,2.886006e-01,9.797460e-01,2.765453e+00,-6.277232e-01,-1.888184e-01,1.851382e-01,2.452894e-02,4.986780e-01,2.762254e-02
-8.099189e-01,-5.086092e-01,-3.383353e-01,-6.755609e-01,1.161069e+00,1.271282e+00,-1.439486e+00,-1.921519e-01,-2.294300e-01,1.035603e+00
