1.358400e+00,5.026929e-02,6.943867e-01,1.014836e+00,-2.845051e-01,7.071831e-01,9.505408e-02,-1.212896e-01,4.807488e-01,1.776167e+00
1.528978e+00,-6.457564e-01,1.818207e-01,7.166034e-01,1.102535e-01,-9.123708e-02,-1.753393e+00,-9.620888e-01,2.338506e-01,4.830812e-01
1.597553e+00,1.177027e+00,-9.099517e-01,-2.738634e-01,3.351464e-01,-2.056615e+00,-1.246316e+00,-1.086286e+00,4.596297e-02,5.893759e-01
-2.788090e-03,-7.184673e-01,1.073394e+00,2.545237e+00,-9.183485e-03,7.839759e-01,-4.097640e-03,-6.156111e-01,-1.533757e+00,2.300213e-03
2.568868e-03,6.849223e-01,6.624662e-01,-1.010695e+00,-5.295307e-03,-1.223106e-01,3.392840e-03,3.197843e-01,3.695939e-01,9.150022e-04
3.620298e-03,7.054631e-01,1.172940e-01,-2.709840e+00,-4.809846e-03,-1.155563e+00,1.042844e-02,7.083104e-01,9.716612e-01,2.325901e-03
-2.294639e-03,-2.750230e-01,8.742662e-01,-5.189601e-01,-1.282004e-02,1.200656e+00,-3.735087e-03,6.805272e-01,3.338758e-01,-4.195860e-04
-9.721373e-01,-1.551116e+00,-9.438785e-01,-6.400791e-02,3.969737e-01,2.096307e-01,-1.195153e-01,-6.445054e-02,5.379211e-01,1.906747e+00
1.324837e-03,-4.934711e-01,-1.035326e-01,-1.929157e+00,-1.144103e-03,3.353742e-01,-3.347535e-03,-2.585986e-01,-4.173005e-01,2.033993e-03
1.317326e-03,-1.668310e-01,-9.362489e-01,-4.603953e-01,6.002982e-03,2.888421e-01,8.446952e-03,3.703008e-01,1.441501e+00,-1.118180e-04
-5.796931e-03,1.704851e+00,-3.743858e-01,-4.445001e-01,1.599734e-03,-1.063432e+00,-1.079156e-03,-8.559960e-01,1.323297e-01,2.230171e-03
-2.875189e-03,5.271084e-02,-4.002618e-01,-8.374352e-01,-1.109053e-02,1.174993e-01,8.063835e-03,-5.922515e-01,-7.811545e-01,-4.191714e-03
2.714232e-03,-3.603025e-01,-1.106361e+00,-1.683433e+00,-2.448583e-03,-1.399198e-01,-1.394892e-02,-1.821076e-01,1.085349e+00,1.749153e-03
9.083702e-04,-2.079268e-03,-5.343238e-01,1.182443e+00,5.075652e-04,-1.087996e+00,-7.037542e-03,-1.121692e-01,1.092636e-01,-1.812632e-03
-7.171697e-03,-2.351283e-01,2.471667e-01,1.103174e+00,-9.023104e-05,2.010145e-01,-5.998849e-03,1.075466e-01,-1.744272e-01,8.028187e-04
1.520612e+00,-2.788615e-01,-9.077278e-01,3.463367e-01,-2.389295e-01,-3.154159e-01,-1.392785e+00,-1.884991e-01,-1.154959e-01,-1.947605e+00
-7.754922e-01,1.603565e+00,2.516223e-01,-1.139378e+00,-3.218052e-01,-7.010465e-01,3.535456e-01,1.488556e-01,-4.601748e-01,-1.595082e-01
-6.190276e-04,-1.025548e+00,-1.579874e+00,-1.216311e+00,-5.271611e-03,4.403807e-01,-4.122410e-03,-1.782314e+00,-8.277917e-01,-8.913819e-04
-1.582057e-01,-5.098400e-01,1.224658e+00,1.302101e-03,-6.265569e-01,-2.505793e-01,1.847637e-01,-2.734041e-01,1.048878e+00,2.718801e-02
-8.142780e-01,-6.091107e-01,7.147149e-02,3.969177e-01,1.159069e+00,1.445414e+00,-1.442124e+00,-7.543327e-01,7.843766e-01,1.038760e+00
