1.364931e+00,-4.298917e-01,-5.835449e-01,2.282600e-01,-2.806897e-01,-3.566589e-01,8.642237e-02,4.982414e-01,-8.023786e-01,1.782089e+00
1.524276e+00,4.671006e-01,7.827886e-02,2.446744e+00,1.119748e-01,6.927556e-01,-1.738144e+00,-9.883462e-01,-1.999058e+00,4.870678e-01
1.597649e+00,9.428408e-03,1.228123e+00,1.306493e+00,3.270248e-01,-9.477131e-02,-1.257079e+00,4.900125e-01,2.142763e-01,5.912273e-01
-2.040740e-04,-6.634702e-01,2.547135e-01,-4.329105e-01,-3.699113e-03,1.089176e+00,3.015511e-03,5.884870e-01,-1.217117e+00,7.539664e-04
3.883107e-03,-3.120795e-01,8.064108e-01,-1.828121e-01,-3.981494e-03,-3.486125e-01,5.674657e-03,-1.488377e-01,7.827862e-01,-1.331495e-03
-3.130996e-03,9.407236e-01,-8.228788e-01,1.149816e+00,-6.802651e-03,-9.635686e-02,3.198052e-03,1.138537e+00,1.533029e+00,2.903800e-03
6.450314e-04,7.678255e-02,-1.390987e-01,-7.372190e-01,3.595391e-03,-1.210775e-01,-1.661529e-03,-2.708279e-01,5.193496e-02,-1.902923e-03
-9.706248e-01,6.844377e-01,-4.059177e-01,-1.326383e+00,3.808206e-01,-1.613471e-01,-1.168427e-01,3.406220e-01,-8.870656e-02,1.907582e+00
4.921426e-04,-5.587998e-01,2.683049e-02,-1.110324e+00,-2.345077e-03,1.610609e-02,4.385801e-03,1.086125e+00,-3.409669e-01,5.028355e-03
-3.569066e-03,2.804954e-01,1.364513e-02,-6.204804e-01,-6.904949e-03,-6.034859e-01,-4.087090e-03,-2.053175e-01,4.093332e-01,6.492647e-04
1.361208e-03,4.353082e-01,8.877100e-01,-1.458579e+00,-7.502389e-04,9.002563e-01,2.608847e-03,2.662874e-01,-2.188709e+00,4.267857e-03
-1.920375e-03,1.784619e+00,3.279456e-01,-1.448992e+00,-2.845312e-03,-1.048013e-01,-3.974710e-03,5.638589e-01,9.410821e-01,-4.032475e-03
2.084648e-03,5.619641e-01,-1.297602e+00,-2.069721e-02,7.896013e-04,1.625912e+00,-1.795730e-03,7.323174e-01,3.365492e-01,2.139608e-03
5.216327e-03,7.179795e-01,4.513344e-01,-1.680262e+00,-2.435484e-03,-1.469736e+00,6.578954e-03,-2.444199e-01,-8.030404e-01,-4.412387e-04
1.916254e-04,4.858451e-01,-1.693514e+00,6.866749e-01,-5.557381e-03,5.219757e-01,-1.788571e-03,-5.201230e-01,-1.522503e-01,-1.603454e-03
1.524246e+00,9.022939e-01,8.411754e-01,-6.135563e-01,-2.446604e-01,-6.966092e-02,-1.371115e+00,1.955219e-01,4.358789e-01,-1.945748e+00
-7.844446e-01,-5.199402e-01,7.188158e-02,9.115330e-01,-3.077881e-01,-4.930042e-01,3.574865e-01,4.992949e-01,-2.121294e-01,-1.634055e-01
2.505562e-04,-5.169188e-01,-5.083485e-02,-7.006972e-02,-6.042740e-03,6.144237e-01,-5.465775e-03,-1.716772e+00,-5.017821e-01,-4.969511e-04
-1.543649e-01,-1.094323e+00,-7.406881e-01,-4.852157e-01,-6.239981e-01,1.160535e-01,1.620313e-01,-8.326643e-01,-8.870306e-01,2.365523e-02
-8.186989e-01,1.655742e+00,1.142638e+00,-1.970774e+00,1.152024e+00,-6.783545e-01,-1.449693e+00,8.247670e-01,2.820653e-01,1.038336e+00
