1.362294e+00,-2.870768e-01,-3.663301e-01,1.216086e+00,-2.879846e-01,-4.932359e-01,9.231483e-02,3.467739e-01,9.397826e-01,1.784345e+00
1.525220e+00,-1.539074e-01,3.304728e-01,-1.094541e+00,1.113013e-01,-1.466800e+00,-1.741242e+00,-1.041907e-01,-3.863588e-01,4.865667e-01
1.596355e+00,3.732353e-01,-5.104818e-01,1.048361e+00,3.337367e-01,5.783867e-01,-1.273722e+00,5.852123e-01,-4.274205e-02,5.913052e-01
-5.369261e-03,-1.256355e+00,-1.297850e-01,-2.796910e-02,9.971345e-03,1.167157e+00,1.086834e-02,-2.889403e-01,6.148039e-02,-2.112911e-04
1.767941e-03,-5.600893e-02,7.678423e-01,1.193213e+00,-1.015858e-02,2.264952e-02,-5.084993e-03,4.611980e-01,1.119158e+00,6.850231e-04
-7.725000e-04,-1.943953e+00,-3.222145e-01,6.804567e-01,-4.474937e-03,-8.315733e-01,5.554648e-03,-5.087993e-01,3.657837e-01,-2.459434e-04
3.068156e-03,-2.828161e-01,-9.078230e-01,6.184002e-01,-7.993849e-03,-2.987621e-02,6.353646e-03,-1.393944e+00,7.858412e-01,-1.344306e-03
-9.702207e-01,1.196602e+00,2.838822e+00,1.297470e+00,3.871919e-01,6.725629e-01,-1.233733e-01,2.256785e+00,-1.127226e+00,1.903398e+00
3.258038e-03,6.622679e-01,1.120277e+00,-4.940770e-01,3.648918e-03,-3.322903e-01,-2.696453e-03,1.129320e+00,1.397924e+00,2.955150e-03
-2.257016e-03,-8.635257e-01,4.479098e-01,2.607988e-01,2.378638e-03,-2.651606e-01,1.594864e-03,-1.039085e+00,-8.130579e-01,-7.654862e-04
7.924261e-05,6.537675e-02,-1.792764e-01,2.140003e+00,6.689826e-03,1.425106e+00,-6.746903e-03,-3.063823e-01,-8.119771e-01,2.623124e-03
1.813848e-05,5.167112e-01,2.230058e+00,-1.036119e+00,-7.811222e-03,-1.797453e+00,1.171164e-02,2.824068e-01,-3.859998e-01,2.629909e-04
1.891564e-03,-1.274571e+00,-1.410098e+00,2.395382e-02,5.416659e-03,-1.914511e-01,-6.984424e-03,1.287737e+00,8.043673e-01,-8.019398e-04
1.847752e-03,-1.211803e+00,4.352699e-01,1.009894e-01,-1.129448e-03,-4.913268e-01,1.464433e-02,-2.615382e-01,6.686297e-01,3.722801e-03
6.308489e-04,1.736392e-01,1.751731e+00,-9.095647e-01,-2.483982e-03,3.787232e-01,-5.201561e-03,3.884167e-01,-2.036026e+00,-1.705679e-03
1.524332e+00,6.769283e-01,-2.315983e-01,5.912019e-01,-2.569850e-01,-1.039438e+00,-1.391589e+00,8.659169e-01,-3.269867e-01,-1.949429e+00
-7.786217e-01,1.270761e-01,-6.854646e-01,4.380037e-01,-3.115893e-01,1.143197e+00,3.602005e-01,-1.048769e+00,3.746255e-01,-1.623170e-01
-4.940877e-03,-3.420221e-01,1.478369e+00,-1.051004e+00,4.382361e-03,-5.791023e-01,3.924910e-03,7.551274e-01,9.425061e-01,-8.343580e-04
-1.638497e-01,1.006893e+00,4.823531e-01,-2.322124e-01,-6.237010e-01,9.822127e-01,1.757228e-01,-2.479212e-02,1.156319e+00,2.355708e-02
-8.187265e-01,8.037007e-01,1.003917e+00,-1.207284e-01,1.157608e+00,-3.365272e-01,-1.462327e+00,-7.180169e-01,1.501946e+00,1.039847e+00
