1.360379e+00,6.509990e-01,4.506852e-01,-2.228595e-01,-2.868960e-01,4.357772e-01,9.611583e-02,1.860199e-01,6.419893e-01,1.774167e+00
1.523651e+00,9.316744e-01,3.306453e-02,-4.280945e-01,1.135302e-01,1.981455e-01,-1.736968e+00,1.434192e+00,8.282612e-01,4.848715e-01
1.601714e+00,2.209240e-02,4.630854e-02,1.463047e-01,3.283041e-01,1.973948e+00,-1.282311e+00,4.284223e-01,-6.033734e-01,5.915803e-01
1.778467e-03,-1.686151e-01,-9.297294e-01,-2.061858e-01,1.601571e-04,-3.250229e-01,-4.532741e-03,1.329617e+00,-1.251497e+00,1.587268e-03
1.960927e-03,-1.048703e-02,-1.055390e+00,1.012911e-01,-2.530012e-03,-2.034204e-01,-4.520885e-03,-2.074879e+00,4.455956e-01,-4.102271e-03
2.333257e-04,3.086488e-01,8.207674e-01,-9.975025e-02,-1.341519e-03,-3.146637e-01,1.322094e-02,6.989210e-01,-4.721900e-01,-6.263857e-04
-6.704006e-03,-8.866964e-01,2.510012e-01,4.782169e-01,-2.233116e-03,-7.005270e-01,-5.698224e-03,7.676527e-02,1.375774e-01,8.282444e-05
-9.698159e-01,-1.160049e-01,-3.925844e-01,-7.623243e-01,3.846946e-01,-2.195521e-01,-1.126246e-01,-8.353921e-01,-1.657534e+00,1.907482e+00
3.091338e-03,1.208465e-01,-1.082923e+00,1.082126e+00,1.717625e-03,-1.979949e+00,9.273285e-04,-1.386006e-02,-1.682445e-01,2.911104e-03
1.433882e-03,1.640725e+00,-1.320917e+00,-1.404640e-01,1.381259e-03,-2.412128e-01,6.507028e-03,-2.189581e+00,-1.782837e-02,-2.006427e-03
-3.557410e-03,-8.668141e-01,3.873516e-01,1.289041e-01,5.647035e-03,-1.040784e+00,5.954068e-04,6.665358e-01,3.453658e-01,7.318844e-04
-3.985666e-04,2.513082e-01,-1.551702e+00,6.632616e-01,-9.280973e-03,-6.637895e-01,9.758375e-03,-2.145296e+00,-9.751761e-01,-2.658680e-03
7.994148e-03,1.018299e+00,1.237267e+00,4.180927e-01,5.265181e-03,-3.408540e-01,8.466385e-03,-7.663753e-01,-1.537565e+00,6.712429e-04
-1.215303e-03,-8.618057e-01,-9.462965e-01,-1.105531e+00,3.026344e-04,-1.612498e-01,-6.219121e-03,1.027332e+00,-1.572601e+00,1.625203e-03
1.011400e-02,-2.432283e-01,1.610236e+00,-1.158660e+00,-1.173209e-03,-1.015148e+00,-1.520377e-03,-1.017879e+00,-1.973922e-01,-1.842159e-04
1.520721e+00,-1.063636e+00,-4.912526e-02,-9.560446e-01,-2.534267e-01,-5.113615e-01,-1.392201e+00,-4.317494e-01,5.462843e-02,-1.950600e+00
-7.732697e-01,1.057142e+00,-1.395118e+00,4.280289e-03,-3.290351e-01,-4.922057e-02,3.451485e-01,6.670001e-01,3.040238e-01,-1.575242e-01
-5.487449e-03,-7.977347e-02,1.247715e+00,-1.059102e+00,-1.657729e-03,-5.101036e-01,-5.944061e-03,-1.109615e-01,3.524037e-01,2.282065e-03
-1.532874e-01,6.596177e-01,-4.231374e-01,-1.412402e+00,-6.238127e-01,-5.349033e-01,1.842983e-01,4.071157e-01,-1.145933e+00,2.957184e-02
-8.196120e-01,1.289936e+00,-4.738279e-01,-1.489695e-01,1.148964e+00,-6.663674e-01,-1.450943e+00,-4.327067e-01,1.452744e-01,1.037434e+00
