1.356071e+00,1.176414e+00,-1.968673e-01,1.949678e+00,-2.778752e-01,9.403202e-01,9.086144e-02,2.618224e-01,5.931085e-02,1.781273e+00
1.525503e+00,-1.402167e+00,-9.481976e-01,1.258273e-01,1.053269e-01,1.327671e-01,-1.738978e+00,-1.816627e+00,-1.853195e-01,4.861273e-01
1.606702e+00,7.422402e-01,2.055500e-01,5.714111e-01,3.262316e-01,-5.196586e-02,-1.276671e+00,1.207445e+00,3.169594e-01,5.937388e-01
-1.452724e-03,-3.139151e-01,-7.674743e-01,2.124678e-02,-6.621272e-03,6.190914e-01,-3.034608e-03,1.436817e+00,2.063946e+00,3.644724e-03
6.132334e-03,-2.376636e-01,-1.272240e-01,1.584097e-01,-6.798682e-03,7.088847e-01,1.231563e-03,7.465813e-01,8.125941e-02,-9.691894e-04
1.346092e-04,5.102157e-01,7.017711e-01,1.398444e+00,-3.375954e-03,3.966990e-01,6.565953e-03,-4.295749e-01,-8.260450e-01,-1.560579e-03
-2.264001e-04,8.648599e-01,9.864594e-02,7.872295e-01,-6.762199e-04,2.930754e-01,-2.051037e-03,6.261174e-01,3.668324e-02,-1.153135e-03
-9.711045e-01,7.903268e-01,5.178239e-02,-1.297077e+00,3.819564e-01,3.934958e-01,-1.064367e-01,2.582604e-01,1.522580e+00,1.903310e+00
1.968662e-03,-9.813303e-01,7.825183e-01,5.213297e-01,-2.695963e-04,-1.682177e+00,-8.462750e-03,-5.175850e-01,2.127222e-01,1.291042e-03
-6.986987e-03,-1.268988e-01,7.753587e-01,1.387907e+00,5.805394e-03,1.552373e+00,-8.093244e-03,-5.262402e-01,5.305175e-02,1.783562e-03
6.965964e-04,-4.133143e-01,9.610831e-01,1.479888e+00,5.856574e-03,-5.489314e-01,-9.228692e-03,-2.587984e-01,4.048916e-01,2.346735e-03
-2.417502e-03,3.030259e-01,-1.531571e-01,-1.090988e+00,-6.611753e-03,-1.917887e-01,-1.040271e-02,-1.798619e+00,2.563732e-01,-2.233041e-03
4.841361e-03,-1.061893e-01,-2.178307e+00,5.610435e-01,-3.919078e-04,1.574473e+00,-1.060040e-02,2.760224e-01,-1.241180e-01,2.128072e-03
2.282728e-03,3.568413e-01,5.884721e-01,-9.030560e-01,-1.955037e-03,1.046328e-02,3.912541e-03,2.382730e-01,-4.876817e-01,-1.947006e-03
4.283562e-04,-7.658112e-01,6.742562e-01,-4.412583e-01,-6.888467e-03,4.138118e-02,4.111395e-03,1.695629e+00,1.507569e-01,-2.452294e-03
1.527839e+00,2.085977e+00,-8.632379e-01,5.484081e-01,-2.451653e-01,-2.397177e+00,-1.383507e+00,2.019060e+00,1.125973e+00,-1.947587e+00
-7.719865e-01,-1.126692e+00,5.937583e-01,-4.183462e-01,-3.087541e-01,1.402897e+00,3.570517e-01,-5.846181e-01,-5.821524e-01,-1.590580e-01
-2.024508e-04,-7.396569e-01,3.875431e-01,-4.419193e-01,-9.043660e-03,2.156859e-02,-4.442242e-03,-3.996698e-01,1.038022e+00,-5.972881e-04
-1.575377e-01,-5.283645e-02,5.974473e-01,1.920887e-01,-6.274995e-01,4.315236e-01,1.738209e-01,-2.071394e-01,-6.466826e-02,2.915205e-02
-8.145783e-01,-9.992306e-01,-4.600383e-01,1.045607e+00,1.156706e+00,-9.471024e-01,-1.468027e+00,-2.645101e-01,6.141158e-01,1.035860e+00
