1.360978e+00,-1.236457e+00,3.981944e-01,1.539866e-01,-2.761353e-01,1.758970e+00,1.063043e-01,-1.725158e+00,1.945485e-01,1.778806e+00
1.520749e+00,8.438294e-03,6.458237e-01,3.910169e-01,1.130621e-01,3.867220e-01,-1.744601e+00,5.822986e-01,-8.904310e-01,4.881718e-01
1.593266e+00,-8.612545e-01,3.574720e-01,-1.032365e+00,3.242546e-01,-8.905773e-01,-1.271643e+00,-2.479275e-01,2.790933e-01,5.913982e-01
-6.912205e-03,-9.061493e-02,-3.488304e-01,-1.049343e+00,-7.999592e-03,-3.505666e-01,-1.275364e-02,-5.645418e-01,-1.009865e+00,3.387462e-03
1.518539e-03,-1.313762e-01,-1.628389e+00,-9.285250e-01,-4.213521e-03,1.179588e+00,-7.040965e-03,1.096038e+00,-1.969767e+00,1.072906e-03
-1.166133e-03,8.635134e-01,2.958593e-01,6.664321e-03,4.310801e-05,1.656725e+00,7.509683e-03,1.525354e+00,4.823695e-01,-5.268198e-05
3.162710e-03,-1.118131e+00,3.845711e-01,-1.812715e-01,-4.289688e-03,-7.014502e-02,6.164840e-03,-2.050887e-01,-1.999796e-02,9.552264e-04
-9.705266e-01,1.570440e-01,2.606808e-01,9.022334e-01,3.797868e-01,2.582142e-01,-1.055800e-01,-7.100673e-01,-2.070207e-01,1.904466e+00
-3.136718e-03,-6.764433e-01,5.930715e-01,-3.276115e-02,2.547068e-04,-7.494167e-02,8.782742e-03,2.797525e-01,3.856195e-02,2.428406e-03
3.052994e-03,6.980577e-01,2.055378e-02,-1.262888e+00,1.664066e-03,-5.059974e-01,-2.755079e-04,-1.264057e+00,-5.374361e-01,1.610362e-03
-8.176970e-04,7.008465e-01,8.318351e-01,-1.019068e+00,-1.291137e-03,-2.773836e-01,-3.662958e-03,-1.271402e+00,2.408397e-01,1.240158e-04
-2.816231e-04,3.472773e-01,2.076243e+00,-9.114305e-01,-4.871125e-03,7.285048e-01,2.436058e-03,-1.639952e+00,-6.440421e-01,-2.513230e-03
1.439635e-04,-2.398999e-01,-9.889392e-01,-1.756112e-01,6.988646e-03,4.534613e-01,-9.803699e-04,-1.248583e-01,-2.257500e-01,1.231626e-03
1.090245e-03,-1.105130e+00,-2.579445e+00,1.089859e+00,4.050694e-03,5.680345e-01,8.303028e-03,8.296730e-01,-5.756522e-01,2.963928e-04
-1.001291e-03,9.577933e-01,-1.586611e+00,5.365041e-01,4.952557e-03,4.645498e-02,8.330690e-03,1.188560e+00,-1.372751e+00,-3.534964e-03
1.527497e+00,3.888933e-01,1.500251e-01,-6.548975e-01,-2.429201e-01,3.743500e-01,-1.389191e+00,1.305821e-01,9.575931e-01,-1.946739e+00
-7.791641e-01,-3.305362e-01,1.414655e+00,-1.535847e-01,-3.164636e-01,1.023333e+00,3.474067e-01,8.392657e-01,-1.068361e+00,-1.564069e-01
-5.041848e-03,-6.457965e-01,1.558002e-01,-5.303671e-01,4.782496e-03,3.671368e-01,-3.559726e-03,3.774712e-01,7.859537e-01,-1.482276e-03
-1.540442e-01,-4.617764e-02,-1.357696e+00,-8.707720e-01,-6.315007e-01,4.422177e-01,1.676195e-01,-9.481608e-01,2.013018e-01,2.245965e-02
-8.153322e-01,-7.204544e-01,1.286655e+00,6.039380e-01,1.156184e+00,-2.890275e-01,-1.462257e+00,7.043473e-01,1.650997e-01,1.039866e+00
