1.364252e+00,-1.909414e-02,3.293055e-01,1.576535e-01,-2.882858e-01,-2.250763e-01,9.697225e-02,-3.876987e-01,-4.994446e-01,1.776573e+00
1.523676e+00,4.177006e-01,-4.021859e-02,-8.697660e-01,9.871091e-02,3.522695e-01,-1.752173e+00,1.005141e+00,-9.487330e-01,4.874613e-01
1.595993e+00,2.888655e-02,-3.923584e-01,-8.245016e-01,3.393750e-01,-5.733191e-01,-1.284445e+00,-9.570725e-01,-1.826512e+00,5.905767e-01
2.996752e-03,1.208973e+00,6.232817e-01,-1.181706e-01,-5.660566e-03,3.591409e-01,1.132198e-02,2.554585e-01,3.590658e-01,-1.914788e-04
5.469159e-04,-9.383814e-01,4.023069e-01,-7.112080e-01,-4.029036e-03,-9.134083e-01,-2.506850e-03,-1.313195e-01,2.412793e-02,1.474217e-03
-2.272231e-03,1.078006e+00,3.108339e-01,1.384915e-01,3.403284e-03,1.227189e+00,-7.090345e-03,1.003361e-01,2.523715e-02,2.359079e-03
-7.799898e-04,-3.720252e-02,-6.773225e-01,1.327375e+00,-4.283894e-03,1.362477e-01,-3.311328e-03,-3.496583e-01,2.630945e-01,-5.640142e-03
-9.732936e-01,1.639495e+00,-1.687665e+00,1.489913e+00,3.859288e-01,-2.387941e-01,-1.196957e-01,-9.035123e-01,-3.642950e-01,1.905368e+00
2.079445e-03,-6.158846e-01,1.415431e+00,1.037765e+00,1.411897e-03,-1.162051e-01,1.623980e-03,1.503520e+00,-5.242200e-01,2.443725e-03
-7.213673e-04,1.333513e+00,-1.665307e-01,-1.472991e+00,-3.741800e-03,-6.597407e-01,2.694008e-03,8.626061e-03,-1.278687e+00,-1.344137e-03
2.648811e-03,-1.319923e+00,-3.496678e-01,1.094453e-01,-2.612254e-03,-1.656126e+00,1.450272e-03,-1.104677e+00,1.945366e+00,5.647017e-05
-2.058900e-03,-1.678609e-01,2.398916e-01,-1.563770e+00,4.862092e-04,2.474687e+00,-2.682874e-03,-1.599516e+00,-4.864096e-01,-8.765570e-04
-3.188343e-03,-1.734982e+00,-1.392719e-01,-1.498137e+00,3.875241e-03,-7.637484e-02,7.560018e-03,-4.956466e-01,-1.210874e+00,2.506587e-03
2.448660e-03,-8.523075e-02,-8.682991e-01,1.714906e-01,4.923599e-03,-3.048079e-01,-1.352895e-02,-1.120777e+00,-5.292489e-01,2.936147e-03
-2.835236e-03,9.774492e-01,3.527747e-01,-3.423763e-01,2.701524e-03,-5.243955e-01,-5.808499e-03,-5.414833e-02,-1.443571e+00,-3.848812e-03
1.520098e+00,-5.423289e-01,-1.772169e+00,-3.590568e-01,-2.424020e-01,7.581075e-01,-1.385125e+00,1.777196e-01,-9.921476e-01,-1.942347e+00
-7.799942e-01,-8.920207e-01,4.672169e-01,7.002391e-01,-3.089036e-01,3.351024e-01,3.561856e-01,4.947179e-01,-9.312686e-01,-1.626003e-01
-6.092466e-03,-3.306754e-02,-7.857552e-01,-3.028441e-01,6.240332e-03,-6.131588e-01,2.963344e-03,4.288074e-01,-9.312522e-01,-2.484052e-03
-1.610600e-01,5.087422e-01,-3.285335e-01,-2.407960e-01,-6.272155e-01,2.466286e-01,1.761430e-01,7.209464e-01,2.496160e-01,1.566336e-02
-8.188788e-01,-3.489009e-01,3.181781e-02,1.527840e+00,1.152404e+00,8.926733e-01,-1.458874e+00,-4.400306e-01,-2.394860e-01,1.037571e+00
