1.363154e+00,1.691171e+00,-9.569066e-01,9.534516e-01,-2.822641e-01,-1.332703e+00,7.829191e-02,4.945505e-01,1.837643e-01,1.779570e+00
1.523835e+00,-6.177620e-01,-9.307647e-01,-4.976072e-01,1.058726e-01,5.954207e-01,-1.743706e+00,-4.163154e-01,-6.753439e-01,4.856256e-01
1.603300e+00,-7.587081e-01,2.515022e-01,-8.745464e-01,3.281798e-01,7.110556e-01,-1.265779e+00,-6.863429e-02,6.850547e-01,5.926175e-01
-3.766845e-03,1.004977e+00,1.239936e+00,-1.887711e-01,-2.236450e-03,1.071855e-01,-2.922736e-03,-6.905058e-01,-1.660676e-01,1.154558e-03
1.162492e-03,-1.106156e+00,8.255131e-02,-1.360506e-01,-1.032517e-03,4.929594e-01,6.871515e-03,-9.896615e-02,1.122734e+00,6.111537e-04
4.931011e-03,4.166236e-01,-2.233606e+00,5.661970e-01,6.379122e-03,-5.755748e-01,-6.223672e-04,5.216757e-01,-5.653609e-01,-2.009758e-03
1.229549e-03,2.064103e+00,4.154133e-01,2.795949e-01,-4.113282e-03,-7.035393e-04,-7.824368e-03,1.069383e+00,6.488854e-01,-1.913033e-03
-9.687039e-01,2.103601e+00,6.509423e-02,5.377890e-01,3.814912e-01,-2.545020e-01,-1.132982e-01,-6.198958e-01,-1.276300e-01,1.906106e+00
8.235384e-04,1.312044e-01,-9.015339e-01,-9.467449e-01,8.585304e-03,-2.582491e-01,7.528360e-03,3.101407e-03,-7.902278e-01,1.957307e-04
8.469218e-04,5.093690e-01,-1.368793e+00,-8.685905e-01,-1.351033e-03,6.641795e-01,-6.230737e-03,2.413037e-01,1.353305e-01,-1.549099e-03
1.491851e-03,2.855124e-01,7.474963e-01,-5.824493e-01,-5.454116e-03,7.244053e-01,-7.069521e-03,-2.279539e-01,-2.623032e-02,-8.017326e-04
2.738328e-03,1.362116e+00,4.768559e-01,-4.379260e-01,3.543356e-04,-1.201297e+00,-3.626050e-03,-8.162535e-01,5.031599e-01,-2.813845e-03
3.610656e-03,-4.165652e-01,-5.735071e-02,1.350936e+00,1.363007e-03,2.675655e-01,-3.847129e-03,2.109389e+00,4.062468e-01,7.612942e-06
2.325983e-03,-1.924391e+00,7.246698e-01,1.284691e+00,-4.183351e-04,3.510518e-02,-1.079554e-02,1.554216e-01,-1.960539e-01,-2.707016e-03
3.295411e-03,-6.549279e-01,3.147760e-01,-5.738765e-01,-5.340375e-04,3.125682e-02,-4.616603e-03,-3.321565e-01,9.106268e-01,-1.670520e-03
1.522296e+00,1.669532e+00,2.089133e-01,1.079245e+00,-2.414437e-01,9.907195e-02,-1.373828e+00,-9.940455e-01,-2.113280e+00,-1.946113e+00
-7.789407e-01,5.347134e-01,3.494428e-01,-3.644271e-01,-3.056172e-01,1.431958e+00,3.569664e-01,-7.876663e-01,4.447326e-01,-1.655214e-01
-7.005467e-03,4.533519e-01,-1.826174e-01,-1.332962e+00,3.639791e-03,1.024312e+00,-1.509734e-02,-4.239073e-01,-1.281641e+00,8.974614e-04
-1.662557e-01,9.675190e-01,9.320524e-01,-1.998809e+00,-6.264026e-01,8.865343e-02,1.873423e-01,-6.258268e-01,-1.197597e-01,2.271695e-02
-8.196756e-01,2.876299e-01,4.629821e-01,-2.713396e-02,1.149937e+00,-1.849549e+00,-1.445189e+00,-6.567157e-02,1.781008e+00,1.040202e+00
