1.362757e+00,6.382939e-01,2.625987e-01,-1.180049e+00,-2.801219e-01,1.068607e+00,8.916190e-02,-5.658126e-01,8.686541e-01,1.778472e+00
1.525898e+00,3.323260e-01,1.983233e-01,7.575299e-01,1.054560e-01,7.217330e-02,-1.747327e+00,-2.177017e-01,5.443670e-01,4.849392e-01
1.604605e+00,-6.845954e-02,-1.520136e+00,6.452946e-01,3.256257e-01,3.100934e-01,-1.266364e+00,-5.286671e-01,6.203449e-01,5.926669e-01
4.233234e-03,5.621765e-02,-3.890346e-01,4.886818e-01,3.561100e-03,-7.001344e-01,-5.636633e-03,4.680756e-01,4.645717e-01,1.755592e-05
4.052295e-03,1.561123e+00,-1.586465e+00,-1.220699e+00,-3.177867e-03,-4.207699e-01,-2.046694e-03,-8.911087e-01,-3.023006e-01,3.759745e-03
-4.220832e-03,1.033053e-01,-2.422410e-01,9.115316e-01,-3.513475e-03,-3.912927e-01,-1.154986e-02,-4.857393e-01,1.585390e+00,-8.302119e-04
-1.321173e-03,-1.296110e-01,-5.135857e-01,1.644414e-01,-5.526560e-03,-4.762705e-02,9.139034e-03,-4.804709e-01,-6.209844e-01,6.384792e-05
-9.745837e-01,-3.279019e-01,-6.856566e-01,4.691736e-01,3.864332e-01,-5.055952e-02,-1.091016e-01,9.020227e-02,1.371639e+00,1.900119e+00
-1.413349e-03,6.849034e-01,-5.877302e-01,-1.230531e-01,-4.231805e-03,3.997429e-02,-5.870429e-04,-1.046525e+00,2.004690e+00,-1.346419e-03
-4.451534e-03,-1.209478e-02,3.344853e-01,4.201205e-01,5.244119e-03,-1.329168e+00,-2.834445e-03,3.865385e-01,1.162205e-01,-3.522734e-03
1.600844e-03,1.552461e+00,3.287400e-02,-1.300985e+00,7.201631e-03,3.843039e-01,-7.689571e-04,-3.421539e-01,5.111968e-02,1.029122e-03
-3.886675e-03,2.205002e-01,1.183872e+00,8.297190e-01,-8.074284e-03,-1.285872e+00,-1.927203e-03,1.751658e+00,-6.275609e-01,-4.486861e-03
7.409709e-03,-1.245237e-01,-1.823388e-01,-4.048977e-01,-7.771807e-03,5.635947e-01,-1.727190e-03,-7.521973e-02,-1.142374e+00,9.699275e-04
-3.414116e-04,-1.027973e+00,5.818926e-01,5.439384e-02,-3.151860e-04,4.198292e-01,4.401644e-03,3.646532e-01,2.351183e-02,4.225054e-04
5.081860e-03,4.512097e-01,-4.024692e-01,1.232357e-01,4.870908e-03,3.296049e-01,3.620361e-03,-3.704255e-01,5.738368e-01,-5.586323e-04
1.519677e+00,-1.483168e+00,-5.594428e-01,-2.525919e-01,-2.413664e-01,-1.362794e+00,-1.393217e+00,-1.361483e+00,-1.057852e+00,-1.947362e+00
-7.763084e-01,3.954046e-01,-9.884118e-02,-1.506159e+00,-3.148639e-01,4.515272e-01,3.541219e-01,-1.193608e+00,-7.776853e-01,-1.617159e-01
-4.791978e-03,3.043885e-01,1.972132e+00,7.744678e-01,2.151233e-03,-5.639529e-01,2.765196e-03,-1.630495e-01,3.370404e-01,-2.227666e-03
-1.590791e-01,-8.073101e-01,1.343390e+00,8.374852e-02,-6.301619e-01,1.627150e+00,1.604460e-01,-6.323615e-01,4.327190e-01,2.507862e-02
-8.213542e-01,1.235276e+00,9.364373e-01,6.873980e-02,1.152819e+00,9.724118e-01,-1.447304e+00,-4.585339e-02,3.557255e-01,1.036539e+00
