1.368917e+00,-1.731043e-01,-1.219163e-01,-9.824731e-01,-2.804896e-01,-4.128102e-01,1.032423e-01,9.377938e-01,-2.847882e-01,1.776815e+00
1.527612e+00,-4.250154e-01,9.231634e-02,2.046000e+00,1.117943e-01,-1.203409e-01,-1.732947e+00,-4.629280e-01,-4.300193e-01,4.890881e-01
1.598961e+00,-1.524267e+00,-6.547781e-02,3.933087e-01,3.255371e-01,-1.002482e-01,-1.267224e+00,1.791235e+00,1.704955e+00,5.886521e-01
5.439235e-04,-1.281532e-01,6.372139e-01,-8.300400e-02,5.443594e-03,7.941621e-01,1.682896e-04,3.277362e-01,-9.885491e-02,-2.563616e-03
2.649554e-03,1.513681e-01,4.555973e-01,1.070111e+00,-4.675989e-03,6.354957e-01,1.014057e-02,6.551009e-01,-1.472801e+00,-1.532977e-04
4.693248e-03,2.251876e+00,-5.684410e-01,7.445808e-01,-1.016135e-03,1.322382e+00,-1.216189e-04,-8.908064e-01,-3.835248e-01,1.813770e-03
2.798672e-03,3.238217e-02,-4.041625e-01,-4.955848e-01,3.993050e-03,7.150511e-01,6.350291e-04,1.108939e+00,-4.631883e-01,-7.554102e-05
-9.802371e-01,8.996645e-02,-4.055816e-02,2.384317e+00,3.856885e-01,-3.139699e-01,-1.242066e-01,-1.471602e-01,-4.965644e-01,1.903967e+00
-5.873959e-03,1.875891e+00,-5.171242e-01,8.703745e-01,-3.806096e-03,3.626991e-01,1.849386e-03,-1.277241e+00,8.649304e-03,3.425634e-03
-6.418751e-03,7.867051e-01,-7.915694e-01,-3.771063e-01,-1.601807e-03,-8.761286e-01,-2.624838e-03,1.587202e+00,-3.930501e-01,-6.277909e-04
-2.235938e-03,1.178989e+00,-1.372596e-01,-8.036452e-01,6.982353e-03,7.786157e-01,3.443735e-04,-2.998504e-01,1.502063e-01,-8.183303e-05
-4.632412e-03,-7.077079e-01,2.287488e-01,6.197047e-01,2.027898e-03,1.930974e+00,-1.457648e-03,1.891545e-01,1.074757e-01,-8.467094e-04
5.247243e-03,-1.369839e-02,8.276091e-02,-4.188874e-01,2.313954e-04,-4.212105e-02,3.692514e-03,-1.286656e+00,-3.429676e-01,1.174499e-03
3.806210e-04,-6.278268e-01,-1.196002e+00,-4.037639e-01,-2.044508e-03,-6.499865e-01,5.980329e-03,-1.933884e+00,-7.206456e-02,4.736650e-03
7.282204e-04,1.768923e-01,-1.377742e+00,-1.486337e+00,-5.249283e-03,1.048368e-01,3.936506e-03,-5.454091e-01,1.868311e-02,-1.006799e-03
1.524989e+00,-9.211397e-01,-1.100779e+00,2.075608e-01,-2.525220e-01,1.583533e-01,-1.390690e+00,-7.404899e-02,-4.764057e-02,-1.952270e+00
-7.776729e-01,5.181942e-01,9.000187e-01,-1.975855e+00,-3.165385e-01,9.210605e-01,3.611441e-01,5.147387e-02,4.706264e-01,-1.611559e-01
-1.002633e-03,8.306214e-01,-1.357689e-01,-6.980144e-01,3.032501e-04,-2.346010e-01,-1.110234e-02,1.388035e+00,-9.166860e-01,4.569196e-05
-1.627029e-01,2.987322e-01,1.100017e+00,-1.157316e-01,-6.202467e-01,1.249774e+00,1.576879e-01,4.809049e-01,-8.078978e-01,2.560467e-02
-8.145044e-01,2.694091e-01,-3.622920e-02,-8.123292e-01,1.149377e+00,7.560531e-01,-1.458789e+00,2.021541e-01,5.661530e-01,1.038723e+00
