1.367326e+00,7.242993e-01,1.077822e+00,-1.493247e-01,-2.811979e-01,-5.575904e-01,1.048859e-01,-1.833000e+00,1.247367e+00,1.779686e+00
1.518468e+00,-7.062507e-01,-1.736135e+00,2.429392e-01,1.030526e-01,-2.381200e-01,-1.745478e+00,3.101299e-01,1.851896e-01,4.866549e-01
1.600783e+00,8.847592e-01,9.548051e-01,2.485479e-01,3.209570e-01,3.434038e-01,-1.250564e+00,7.253254e-01,-3.989296e-01,5.842127e-01
1.716595e-03,-4.722457e-01,5.204546e-01,-1.370685e+00,-1.034980e-02,9.898237e-02,2.812528e-03,8.754443e-02,3.216627e-01,1.043272e-03
2.747153e-03,8.502054e-02,-2.614444e+00,-1.310084e+00,-1.115153e-02,2.389809e+00,-5.459214e-03,-3.533161e-01,-1.434341e+00,1.152365e-03
-3.747697e-04,-1.590193e+00,2.060503e-01,8.728102e-01,-4.365958e-03,1.520817e+00,9.089519e-04,2.852805e-02,9.538966e-05,-6.533031e-04
-1.123756e-03,1.198649e+00,4.748554e-01,1.129552e-01,-1.701252e-03,-5.681295e-01,7.567675e-03,-1.151854e+00,6.649598e-01,-2.808948e-03
-9.740226e-01,6.912980e-01,-8.578420e-01,1.362070e+00,3.900201e-01,-1.307175e-01,-1.128636e-01,-7.213650e-01,-2.693608e-01,1.907891e+00
2.567634e-03,3.919322e-01,5.003138e-01,3.642405e-01,-2.778684e-03,6.757655e-01,-5.931947e-03,-5.805469e-01,1.492690e+00,3.966162e-03
-1.834001e-03,3.794984e-01,3.360100e-01,5.316933e-01,4.141988e-03,4.096977e-01,3.687451e-03,8.504518e-01,-3.788457e-01,-1.440567e-03
5.721592e-03,4.183935e-01,-8.247598e-01,-1.330257e-01,3.517533e-03,-9.840298e-01,-6.899036e-03,-1.135919e+00,-8.915918e-01,-1.058463e-04
-1.546387e-03,-1.008050e+00,-2.006549e-02,-6.020060e-01,-3.985407e-03,-1.165205e+00,-1.334271e-03,7.532741e-05,9.797376e-01,-3.482282e-04
-1.785377e-03,-4.251092e-01,7.911656e-01,-1.880100e-01,1.798439e-04,-4.049800e-01,-4.805489e-03,-8.300708e-01,-7.530158e-01,3.518063e-04
-1.423556e-03,-1.310724e+00,-1.926634e-01,-2.597467e-01,1.612253e-03,6.366651e-01,-4.023594e-03,-2.828167e-01,1.087133e+00,5.550810e-04
-5.573520e-04,-1.117168e-01,1.053141e-01,-1.854401e+00,-3.917963e-03,1.343685e+00,-3.992459e-04,1.367559e+00,1.607175e-01,-3.575350e-03
1.524946e+00,2.531985e-01,3.119104e-01,-1.054960e+00,-2.409271e-01,-1.153643e+00,-1.384031e+00,-4.940682e-01,9.431503e-01,-1.946246e+00
-7.776333e-01,1.791110e+00,6.179292e-01,-7.858104e-01,-3.162465e-01,-1.745493e+00,3.543078e-01,-1.223009e+00,1.898178e+00,-1.610776e-01
-2.988267e-03,1.870683e-01,1.776881e+00,-2.127002e-02,2.856858e-03,-4.996590e-01,9.484333e-03,-8.787496e-01,2.706391e+00,-7.803020e-04
-1.538392e-01,1.411607e+00,-5.463101e-01,-2.726178e-01,-6.200393e-01,2.105320e+00,1.730353e-01,-1.879311e-01,5.955937e-01,2.502027e-02
-8.155774e-01,-7.025293e-01,4.414406e-01,1.419998e+00,1.151784e+00,1.064441e-02,-1.458362e+00,4.475868e-01,-4.308056e-01,1.037420e+00
