1.365577e+00,-1.154163e+00,1.579622e-01,1.350387e+00,-2.811352e-01,-6.484312e-01,9.601362e-02,-1.695656e+00,-6.391601e-01,1.781656e+00
1.532052e+00,1.201536e+00,-4.889249e-01,5.900879e-01,1.119565e-01,-5.243872e-01,-1.748651e+00,1.317518e-01,-1.572289e+00,4.896512e-01
1.605691e+00,9.593425e-01,-2.351055e-02,-1.899180e-01,3.312643e-01,-1.586223e+00,-1.273633e+00,-2.724954e-01,2.940122e-01,5.916256e-01
2.945600e-03,1.031258e+00,1.038785e+00,-9.316589e-01,-2.755176e-03,5.586730e-01,-5.375059e-03,7.390087e-03,6.854462e-02,1.823666e-03
5.453015e-03,1.506947e+00,-2.219102e-01,5.933537e-02,-6.348172e-03,3.345723e-01,1.775260e-03,5.276716e-01,-1.650977e+00,-5.883275e-04
1.596855e-03,-2.206394e-01,6.523902e-01,-4.670580e-01,4.933259e-03,-1.444850e+00,6.663250e-03,2.543391e-01,-1.457375e+00,1.326690e-03
-2.818333e-04,1.232851e+00,6.015844e-02,-8.884279e-01,-6.853673e-03,-6.268375e-01,5.980854e-03,-1.069152e+00,2.588812e-02,-1.164506e-03
-9.737417e-01,1.797718e-01,-1.404880e+00,2.145264e-02,3.910659e-01,2.214008e-01,-1.157983e-01,1.637793e-01,-5.259796e-01,1.902736e+00
2.558528e-04,4.491608e-02,7.363690e-01,-1.438131e-01,9.623018e-03,5.359518e-01,-8.129830e-03,-1.485267e-01,1.870379e-01,1.788563e-03
-9.259615e-04,-1.372103e-01,-1.926258e-01,-1.816346e-01,6.425693e-04,-3.074638e-01,-1.402816e-03,1.063020e-01,-1.123661e+00,1.981875e-03
4.838246e-03,-7.660516e-01,8.036890e-01,-1.794316e+00,6.835595e-03,1.893265e+00,-4.731729e-03,-5.961849e-02,1.031552e+00,2.741970e-03
-2.564130e-03,5.401250e-03,1.507569e+00,-8.756481e-01,-7.592028e-03,-5.874754e-01,-4.303964e-04,-9.062599e-01,-1.364902e+00,-3.348556e-03
-2.811774e-03,-5.253594e-01,7.494893e-01,-1.169535e+00,4.655763e-03,4.625695e-01,1.612400e-03,-1.834663e-02,1.863534e-01,2.466609e-03
8.702679e-03,5.158855e-01,1.108277e+00,-1.026243e+00,7.896256e-03,-1.987483e+00,7.243855e-03,1.045106e+00,2.255954e+00,2.257707e-03
1.844486e-03,-5.311149e-01,-9.045445e-01,2.727087e-01,-1.281017e-03,6.939830e-01,4.583926e-03,-2.954494e-01,1.104954e+00,-2.172704e-03
1.530509e+00,1.787209e+00,3.915947e-01,3.192611e-01,-2.428277e-01,-1.748161e-01,-1.398838e+00,2.248064e-01,9.919738e-01,-1.951180e+00
-7.714468e-01,-8.792248e-01,5.245982e-01,-7.256957e-01,-3.071132e-01,-3.821309e-01,3.502289e-01,-5.969512e-03,-2.340545e-03,-1.636832e-01
-9.113642e-04,7.431617e-01,5.636546e-01,-9.828060e-01,-7.312859e-04,1.554729e+00,-1.132418e-02,6.505721e-02,-2.081130e+00,-2.880741e-03
-1.548263e-01,3.384551e-01,-3.869277e-01,-3.694222e-01,-6.182981e-01,9.582761e-01,1.755264e-01,-5.477271e-01,1.305025e+00,2.252858e-02
-8.174184e-01,-6.887992e-01,9.143711e-02,-4.447672e-01,1.153631e+00,-4.528766e-01,-1.466266e+00,-5.032553e-01,2.572435e-01,1.040164e+00
