1.366894e+00,1.011064e+00,-1.660655e-01,1.395272e+00,-2.864072e-01,-2.022312e-01,9.825583e-02,4.754140e-02,3.015678e-01,1.778313e+00
1.520848e+00,4.761384e-01,-5.226952e-01,-6.991726e-01,1.133166e-01,1.025652e+00,-1.751979e+00,-4.905087e-03,4.490478e-01,4.862444e-01
1.603035e+00,5.834985e-02,1.496776e-01,-8.415166e-01,3.210951e-01,-1.293213e+00,-1.255179e+00,9.108106e-01,-1.650416e+00,5.940089e-01
-3.930793e-03,7.212002e-01,3.422164e-01,-7.925006e-01,5.933951e-03,7.265127e-01,-1.727395e-03,-8.920412e-01,-3.444063e-01,1.841092e-03
3.121810e-03,1.355339e+00,-1.363325e+00,-3.068231e-01,-1.713462e-03,-1.515553e+00,-5.514081e-03,1.460635e+00,6.096831e-03,3.143554e-03
9.975190e-04,-2.301955e+00,-7.000409e-01,-4.512802e-01,-2.996817e-03,4.936254e-01,7.707493e-03,5.781194e-01,-1.546450e+00,1.784724e-03
-3.984618e-03,-4.145191e-01,5.059799e-01,1.930927e-03,2.822801e-03,6.374243e-01,-7.610977e-04,-1.509723e+00,2.763819e+00,-3.045561e-03
-9.696104e-01,-3.617443e-01,8.062458e-01,-8.146545e-02,3.811046e-01,-1.376717e-01,-1.165024e-01,-1.335126e+00,3.645985e-02,1.902516e+00
-2.105327e-03,-5.324900e-01,4.780051e-01,-9.950395e-01,4.697291e-03,1.753562e+00,4.161393e-03,-4.467048e-01,1.700122e+00,7.682580e-04
-5.365351e-04,6.590679e-01,-1.122198e+00,-8.025673e-01,8.453265e-04,4.940638e-02,-8.057072e-03,-5.405494e-01,-9.220099e-01,-1.781470e-03
1.726759e-03,4.474326e-01,-1.139223e+00,-9.497115e-01,-2.885927e-03,-1.207394e-01,2.692128e-03,1.002888e+00,-1.559153e+00,3.226572e-03
-2.677011e-03,1.025154e+00,2.627075e-01,-5.961750e-01,2.156274e-03,-3.079850e-01,4.202256e-03,7.064259e-01,-3.202520e-01,3.319395e-03
-1.028392e-03,-8.175722e-01,6.144838e-01,1.003673e-01,2.180077e-03,-7.844184e-01,1.124881e-03,-3.014112e-02,-6.647042e-01,5.599362e-03
4.194655e-03,7.811525e-01,2.691684e-01,1.408738e-01,-1.929309e-03,6.581334e-01,-4.763824e-03,1.615393e+00,-1.638795e-01,1.531337e-05
1.495662e-03,-9.867553e-01,4.737354e-01,-3.635111e-01,3.066536e-03,5.487380e-01,-6.362662e-03,1.561868e+00,8.993513e-01,-5.015649e-03
1.520930e+00,1.270898e-02,3.218223e-01,-8.329675e-01,-2.466146e-01,-1.663779e-01,-1.395149e+00,7.819252e-01,-2.512822e-01,-1.951775e+00
-7.788237e-01,1.339372e-01,1.236994e+00,1.074565e+00,-2.989157e-01,-2.455387e-01,3.566327e-01,-9.445119e-01,-1.042366e-01,-1.632028e-01
4.427015e-03,1.460904e+00,2.136572e+00,9.671149e-02,6.778306e-03,1.524435e+00,5.205080e-03,-2.113242e-01,-1.811670e+00,-1.520574e-04
-1.588030e-01,1.759318e-01,4.300311e-01,-4.022413e-01,-6.255927e-01,-1.135627e+00,1.716743e-01,4.933204e-01,-3.393668e-01,2.213021e-02
-8.173844e-01,-1.242608e+00,6.633338e-01,-1.128459e+00,1.153060e+00,5.594316e-01,-1.460868e+00,3.642014e-01,-1.476237e+00,1.040677e+00
