1.370821e+00,-4.265114e-01,3.466625e-02,-6.146035e-01,-2.807527e-01,6.654746e-01,8.934763e-02,-1.928761e-01,1.463712e-01,1.782029e+00
1.516345e+00,1.133834e+00,-1.194922e+00,-4.997582e-02,9.617565e-02,1.841415e-01,-1.748549e+00,-6.069198e-01,3.138167e-01,4.911855e-01
1.601182e+00,4.874347e-01,7.190527e-01,-1.060231e+00,3.321454e-01,-8.718796e-01,-1.267894e+00,3.746158e-01,-1.151713e+00,5.924435e-01
2.839839e-03,-7.328559e-01,1.868595e-02,7.537534e-01,-6.223067e-04,1.862623e+00,-4.795926e-03,-1.522259e+00,-5.963957e-01,2.254696e-03
1.034547e-03,8.245286e-01,-3.759181e-02,-1.254311e+00,7.310870e-04,3.310903e-02,-2.958727e-03,-8.526852e-02,-7.354346e-01,-1.430879e-03
3.101998e-03,1.766558e-01,1.188416e-01,-1.841918e+00,-6.780278e-03,-1.637034e+00,-5.531278e-03,5.939192e-01,-1.718082e+00,3.113230e-03
-9.101158e-04,-2.450204e+00,2.566037e-01,8.049328e-01,1.253509e-03,-4.857886e-01,-1.686918e-03,1.248248e-01,1.048386e+00,-5.789233e-04
-9.745341e-01,4.231156e-01,5.725650e-01,-1.011798e+00,3.929288e-01,-1.503251e-01,-1.119830e-01,-2.047286e-01,-5.325532e-01,1.906953e+00
2.423307e-03,-4.397568e-02,6.692212e-01,-6.740056e-01,-1.989496e-03,-1.816137e-01,-4.371282e-03,5.187812e-01,-9.260479e-01,1.160779e-04
-3.137318e-03,-9.118191e-01,3.575536e-02,4.347520e-02,3.501995e-03,-9.828109e-01,-6.467885e-03,1.170916e+00,1.332695e+00,2.387179e-04
2.355643e-03,-5.296332e-01,-4.167773e-02,1.180681e+00,1.881049e-04,2.461667e+00,-4.357838e-03,1.521534e+00,5.234368e-01,4.274069e-05
4.525953e-04,-1.697422e+00,1.683534e-01,-4.548577e-02,2.377837e-03,-5.241434e-02,2.496335e-03,3.882664e-01,-9.362961e-01,-2.987359e-03
3.605519e-03,-7.905450e-01,5.172321e-01,-8.307040e-01,9.484390e-03,1.424476e-01,7.968450e-03,3.718307e-02,5.266933e-01,2.965653e-03
-2.702202e-03,5.200868e-02,6.194823e-01,-7.207209e-01,1.305540e-03,-2.229253e-01,-7.960838e-04,4.063345e-01,5.135335e-01,-3.055289e-04
-3.001688e-03,5.312386e-01,-5.419925e-02,-1.773708e+00,5.352942e-03,6.616373e-01,-6.205380e-03,2.910366e-01,-1.582254e+00,-3.811359e-04
1.528509e+00,2.450818e-01,6.795811e-01,-8.648230e-01,-2.420061e-01,2.157362e-01,-1.386043e+00,1.292551e+00,1.108816e+00,-1.948012e+00
-7.825097e-01,1.373851e+00,1.711126e-01,-8.208753e-01,-3.126718e-01,1.316441e+00,3.485849e-01,-1.112481e+00,7.455464e-01,-1.618461e-01
-3.581746e-03,-1.340976e+00,-1.954926e+00,1.058458e+00,-2.603849e-03,8.893857e-01,-7.085974e-03,4.027050e-01,1.129496e+00,-2.882430e-04
-1.612859e-01,2.506622e+00,1.030703e+00,5.927303e-01,-6.226611e-01,8.624338e-01,1.874499e-01,2.070841e-01,2.703450e-01,2.628737e-02
-8.146733e-01,-4.400952e-01,5.094424e-01,1.289287e+00,1.154262e+00,-7.316787e-03,-1.449870e+00,9.684804e-01,-5.303819e-01,1.035801e+00
