1.356989e+00,-1.676844e-01,-1.369262e-01,1.476978e+00,-2.802800e-01,-2.926716e-01,9.435648e-02,-4.779966e-01,-1.475808e+00,1.779525e+00
1.531814e+00,6.737563e-01,2.116827e+00,-6.754524e-01,1.078920e-01,-1.764835e-02,-1.762543e+00,-9.073534e-01,6.682586e-02,4.823823e-01
1.606314e+00,-1.783122e-01,-1.389126e-02,-6.048627e-01,3.370237e-01,8.926696e-01,-1.259493e+00,1.136713e+00,1.774458e+00,5.900803e-01
2.736446e-03,-8.583670e-01,-9.647390e-01,5.199336e-01,-3.900767e-04,7.531189e-01,-3.256094e-03,3.388812e+00,1.188083e+00,7.976578e-04
5.635264e-03,1.536139e+00,3.367348e-01,-4.720912e-01,-1.028706e-02,-2.121628e-01,1.200556e-02,8.525042e-01,-3.480175e-01,1.582487e-03
2.753854e-03,5.353107e-01,-2.042523e-01,3.824177e-02,-6.323000e-03,9.356061e-01,-1.104257e-02,-1.308310e-01,6.994397e-01,-2.691576e-03
7.045185e-04,-2.748406e-02,-3.793738e-02,1.072840e+00,-2.014668e-03,-6.717337e-01,1.099826e-03,7.885519e-01,9.311162e-01,-1.266422e-03
-9.718895e-01,-6.612674e-02,-1.036977e+00,1.092402e+00,3.832467e-01,1.903041e-01,-1.103629e-01,-5.492204e-02,-4.111233e-01,1.904379e+00
-7.909559e-04,5.582791e-02,-5.984022e-01,5.430661e-02,6.850605e-04,9.329346e-01,8.067232e-03,-7.770947e-01,-7.052975e-02,-1.620965e-03
-2.639211e-03,1.738766e+00,4.171005e-01,-5.004009e-01,-3.035211e-03,-1.996043e+00,2.762486e-04,-9.993733e-01,-8.184519e-01,-1.821636e-03
2.448408e-03,-1.178849e-01,-7.565051e-02,1.021851e+00,-6.525120e-03,2.085900e-01,1.351928e-03,-3.264190e-01,-9.079506e-01,2.977497e-03
9.785821e-05,1.394168e-02,1.201308e-01,1.184716e+00,1.147345e-03,-3.354738e-02,3.483800e-03,-8.416080e-01,-2.193032e-01,-1.120883e-03
4.328536e-03,4.960538e-03,-1.553063e+00,1.327650e-01,-7.000598e-04,1.275414e-01,7.175449e-03,-1.476495e+00,5.019746e-01,1.268584e-03
-8.417610e-04,6.016397e-01,4.983252e-01,-2.580642e-01,6.624479e-03,1.513172e-01,-7.633241e-03,-6.111207e-02,-4.196278e-01,-2.857922e-03
1.105142e-03,-1.526926e+00,-3.295876e-01,-1.129717e+00,-2.647695e-03,3.192775e-01,-5.070842e-03,1.002192e+00,8.509337e-01,-6.908084e-03
1.528860e+00,-1.810418e-01,1.021564e+00,-1.116256e+00,-2.338454e-01,-6.502505e-01,-1.399081e+00,-2.689442e-01,7.563281e-01,-1.949310e+00
-7.831713e-01,3.816407e-01,-7.823275e-01,4.847147e-01,-3.370526e-01,8.846254e-02,3.585824e-01,4.093355e-03,5.509111e-01,-1.604173e-01
-4.549567e-03,-1.752922e-01,-5.552849e-01,-6.811371e-01,-8.125376e-03,1.190094e+00,3.632765e-03,-1.921330e-02,3.033699e-01,-4.638610e-03
-1.598478e-01,3.059415e-01,-6.014474e-02,1.535980e+00,-6.213179e-01,-7.947412e-02,1.686295e-01,3.020630e-01,6.565976e-02,1.967158e-02
-8.182381e-01,1.302957e+00,5.321912e-01,1.814329e+00,1.160547e+00,-6.043549e-01,-1.465869e+00,-4.057037e-02,1.320206e+00,1.043031e+00
