1.363262e+00,1.092260e+00,1.581959e+00,4.293327e-01,-2.940441e-01,-4.200319e-01,9.210298e-02,5.684450e-01,2.476418e-01,1.780982e+00
1.524403e+00,-5.198302e-01,3.176876e-01,-1.520040e+00,1.168955e-01,-2.603708e-01,-1.747173e+00,-1.702226e+00,1.132045e+00,4.907010e-01
1.604145e+00,-8.159701e-01,-1.059370e+00,-7.115473e-01,3.292519e-01,-5.534489e-01,-1.274466e+00,1.235722e+00,8.909143e-01,5.898951e-01
4.995424e-05,8.436143e-01,-8.568983e-01,6.245783e-01,-4.737582e-03,5.351039e-01,4.553329e-03,9.525566e-01,1.756822e+00,-7.944849e-04
-6.413475e-03,3.178890e-01,4.136745e-02,-1.116636e-01,-5.364879e-03,-4.989884e-01,-2.635349e-03,7.006171e-01,-4.997004e-01,-1.727235e-03
-3.303127e-03,-1.377199e+00,-4.693331e-01,3.103205e-01,-2.497091e-05,-1.741233e+00,6.867024e-03,1.589130e+00,-2.014217e-01,-1.379896e-03
-4.027260e-03,9.011023e-01,1.249572e-01,1.631245e+00,1.503165e-03,1.854133e+00,5.531940e-03,-1.043280e+00,-1.974564e-01,1.474657e-03
-9.754190e-01,-1.660018e+00,-6.633229e-02,-5.136702e-01,3.887407e-01,1.020620e-01,-1.206990e-01,6.827948e-01,4.819416e-01,1.903632e+00
-5.610847e-05,1.952198e-02,-7.172807e-02,-5.527767e-01,1.559551e-03,-7.756053e-01,4.577285e-03,8.271192e-01,-2.294645e-01,1.820989e-03
-3.970641e-04,6.091113e-01,-1.373952e-01,7.578475e-01,-1.676693e-03,-6.546084e-01,5.920116e-03,-4.908384e-01,6.409423e-01,-1.618618e-03
2.270082e-03,1.789596e-01,1.339795e+00,-1.051339e+00,-3.193918e-03,-1.025234e+00,-1.053739e-03,2.265712e-01,-1.035689e+00,1.143941e-03
-1.812134e-03,-5.639143e-01,-9.435654e-01,-7.527805e-01,1.205817e-03,9.194970e-01,-2.077487e-05,2.148655e-01,3.551578e-01,-7.689114e-04
4.076882e-03,-8.599071e-01,9.209918e-02,-2.614507e-02,2.600484e-03,-1.077627e+00,-1.291926e-02,8.424969e-02,9.292315e-01,1.100915e-03
2.713279e-03,-2.905058e-01,-3.445410e-01,4.967065e-01,-2.305170e-03,1.527607e-01,-1.321792e-03,5.264326e-01,4.594156e-01,-2.974969e-03
4.803590e-04,-6.427839e-01,4.568859e-01,9.873966e-01,1.782358e-03,8.443662e-01,2.462524e-04,-1.860927e-01,-4.789827e-01,1.235552e-03
1.528166e+00,-3.528990e-01,-2.210626e-01,-3.967124e-01,-2.441347e-01,1.957313e+00,-1.400514e+00,-1.089947e+00,5.875011e-01,-1.945318e+00
-7.794259e-01,-1.218909e+00,2.444173e-01,1.061345e-01,-3.114271e-01,-1.201369e+00,3.577952e-01,-1.484728e+00,-1.818072e+00,-1.586130e-01
-3.851090e-03,-1.886290e-01,-1.525170e+00,-4.064887e-01,-3.585624e-03,-1.105311e+00,-5.825082e-03,-3.564663e-01,1.003191e+00,-1.866222e-03
-1.579962e-01,3.752871e-01,6.470979e-01,4.340017e-01,-6.320615e-01,-1.220322e+00,1.807260e-01,1.868326e+00,-1.188339e+00,2.388459e-02
-8.125487e-01,-3.673482e-01,-3.582789e-01,-2.948999e-01,1.153397e+00,-5.700420e-01,-1.460089e+00,1.451244e+00,-1.653355e-02,1.043110e+00
