1.362539e+00,7.373500e-01,1.905504e+00,-9.336631e-01,-2.848093e-01,4.327244e-01,9.625553e-02,-1.105645e+00,-7.750043e-01,1.776950e+00
1.523904e+00,-9.365025e-01,-1.243566e-01,-3.830851e-01,1.059540e-01,-6.653098e-01,-1.743823e+00,8.597698e-01,7.400728e-01,4.894661e-01
1.598066e+00,-1.391755e-01,-7.970011e-01,-2.842037e-01,3.212002e-01,7.392097e-01,-1.277631e+00,1.484442e+00,-1.093922e+00,5.922869e-01
-2.418762e-03,9.578379e-01,6.685617e-02,-1.146725e+00,-4.708860e-03,-6.179125e-01,3.115345e-03,5.613244e-01,9.951572e-01,6.515097e-04
4.373390e-03,-4.266880e-01,3.281868e-01,6.636263e-01,-8.355284e-03,1.867843e-01,5.210217e-03,1.450791e+00,5.445834e-01,-4.782857e-04
2.658623e-03,4.354469e-01,-5.394268e-01,2.082581e+00,3.862884e-03,-1.880997e-01,4.078503e-03,6.510933e-02,1.608243e+00,1.148396e-03
3.340189e-03,3.978779e-01,-9.917233e-01,6.078596e-01,-6.026379e-03,4.924492e-01,3.894187e-03,1.618872e+00,1.920334e-01,-2.497556e-03
-9.752373e-01,6.627129e-01,-1.295203e+00,-5.412993e-01,3.894291e-01,-3.813252e-01,-1.205630e-01,3.901489e-01,3.112562e-01,1.904059e+00
-4.043151e-03,6.421834e-01,-2.890876e-02,-3.652347e-01,6.327081e-03,6.848468e-01,6.145667e-03,-1.739210e-01,8.778931e-01,5.866965e-03
2.582417e-03,1.523517e+00,1.325886e+00,-7.847819e-01,-2.285657e-03,1.184392e+00,-3.843360e-03,-5.168530e-01,3.495601e-01,-1.920518e-03
3.315309e-03,-1.174941e+00,3.258628e-01,5.656778e-01,2.016963e-03,5.618024e-01,-3.598108e-03,2.111231e+00,-4.328780e-01,9.176857e-04
-1.005349e-04,3.147774e-01,7.048936e-01,-1.959939e+00,-3.376921e-03,1.098020e+00,-3.347726e-03,3.733381e-01,5.493129e-01,1.361703e-03
1.039898e-03,1.832106e+00,3.994167e-01,7.431153e-01,4.795818e-03,7.269967e-01,8.647307e-03,-5.133977e-01,-7.187493e-01,5.237647e-03
6.069229e-03,-1.755078e+00,-1.000377e+00,-5.487587e-01,-3.651144e-03,9.017960e-01,-1.396927e-03,2.066067e+00,-1.268345e-01,2.586089e-03
-6.101772e-03,-5.969928e-01,5.316718e-01,4.904076e-02,1.640569e-03,-1.265600e+00,3.130982e-04,2.052020e-01,1.911840e+00,-1.901152e-03
1.531014e+00,-3.003849e-01,3.565602e-01,-1.828087e-01,-2.505456e-01,1.362258e-01,-1.384316e+00,7.533611e-01,1.050970e+00,-1.946715e+00
-7.788953e-01,6.524145e-02,1.161395e+00,-8.916501e-02,-3.089153e-01,-6.621979e-01,3.581125e-01,4.304208e-01,5.338665e-01,-1.613993e-01
-1.757801e-03,-6.649152e-01,1.041400e-01,-2.276959e-01,2.956363e-03,-6.568005e-01,-9.782670e-04,-3.607949e-01,3.668483e-01,-2.053211e-03
-1.608093e-01,7.693538e-01,-1.561781e+00,-2.077570e-01,-6.147837e-01,1.002949e-01,1.742301e-01,-7.262447e-01,1.338141e+00,2.582298e-02
-8.196279e-01,-7.997156e-01,-3.915509e-01,-3.981395e-02,1.154786e+00,1.054151e+00,-1.469437e+00,1.328777e-01,-6.345243e-01,1.039891e+00
