1.365220e+00,8.343694e-01,1.243462e+00,-8.272229e-01,-2.870674e-01,4.980413e-02,8.807463e-02,9.048738e-02,-8.614941e-01,1.776810e+00
1.524129e+00,-3.015432e-01,-8.269029e-01,-3.013679e-01,1.111604e-01,5.185500e-01,-1.738283e+00,-8.610971e-01,7.229575e-01,4.852344e-01
1.600285e+00,-1.587878e+00,4.535957e-01,-1.281303e-01,3.364355e-01,4.363005e-01,-1.259353e+00,2.376720e-01,-4.578569e-01,5.931171e-01
3.831161e-04,2.288853e+00,1.605239e+00,-6.074732e-02,-9.135520e-03,-8.852120e-02,-5.259291e-03,1.518555e+00,1.323395e+00,3.635888e-03
-1.615118e-03,-1.653634e+00,-1.182293e+00,8.578389e-01,-6.172025e-03,-1.119048e+00,-7.475841e-03,7.837237e-01,5.832222e-01,-4.566183e-03
2.195135e-03,-1.426617e+00,-1.068450e+00,4.893169e-01,-3.605516e-03,5.581758e-01,8.021009e-03,-9.651150e-01,-3.338206e-01,-2.152228e-03
1.375851e-03,4.825074e-01,-9.385148e-01,-6.994834e-02,-6.724335e-03,9.554392e-01,-5.041719e-03,-6.663449e-01,-7.163707e-01,6.191177e-04
-9.718146e-01,7.571291e-01,1.455911e-01,3.723860e-01,3.910253e-01,1.132421e+00,-1.135217e-01,-5.091661e-01,-2.368483e-02,1.905070e+00
7.759547e-06,-9.579329e-01,-9.480932e-01,8.567896e-01,1.038324e-03,-3.044443e-02,-4.017979e-03,1.720105e-01,2.498475e-01,4.334149e-03
-1.240508e-03,-6.145920e-01,-6.237395e-01,-4.802015e-02,2.088724e-03,8.049985e-01,-6.920350e-03,4.317773e-01,-4.019650e-01,9.757032e-04
-1.866830e-03,-6.091941e-01,2.343729e+00,-1.272266e+00,4.622753e-05,4.114762e-01,1.489146e-03,-2.204827e-01,-1.730565e+00,6.655820e-04
1.163222e-03,1.189314e+00,1.129335e+00,-2.990176e-01,4.284344e-03,2.100329e-01,-9.194575e-03,-7.536197e-01,9.971375e-02,-1.134532e-03
3.683375e-03,2.807754e-02,-1.153779e+00,5.114975e-01,-1.157775e-03,-6.871685e-01,-2.198153e-03,4.640842e-01,7.511063e-01,3.063839e-03
2.985857e-03,7.948141e-01,-6.075536e-01,-3.983555e-02,-1.868393e-03,9.288042e-01,3.402904e-03,-4.815587e-01,9.179082e-01,-1.055895e-03
4.313056e-03,-7.261235e-01,1.275517e+00,4.811359e-01,-4.537460e-03,4.535041e-01,-4.313438e-03,1.727418e-01,1.864093e-01,-1.359909e-03
1.518197e+00,1.078658e+00,-2.794940e-01,1.289654e+00,-2.485978e-01,-2.137116e+00,-1.388272e+00,4.997588e-01,2.625079e-02,-1.945870e+00
-7.759709e-01,1.039539e+00,-2.434849e-01,-5.384638e-01,-3.139568e-01,4.759286e-01,3.509013e-01,1.101743e+00,-1.198434e-01,-1.626535e-01
-3.239319e-03,-3.467653e-01,-5.681515e-01,2.408486e+00,-3.814281e-03,3.182743e-02,-3.747864e-03,5.322856e-02,-8.585228e-01,3.268908e-03
-1.563625e-01,8.723835e-01,6.569094e-01,2.196643e-01,-6.268926e-01,5.898872e-01,1.795210e-01,1.192345e+00,8.195337e-01,2.478800e-02
-8.157967e-01,-9.612168e-03,-3.184094e-01,2.107799e-01,1.152765e+00,3.101871e-02,-1.442378e+00,1.818509e-01,-1.088283e+00,1.036969e+00
