1.362608e+00,-1.091725e+00,1.439193e+00,6.262973e-01,-2.908964e-01,-7.842650e-02,8.377390e-02,6.157102e-01,-6.453182e-01,1.771997e+00
1.519179e+00,7.744235e-01,-1.304670e+00,7.536154e-01,1.128526e-01,3.982244e-01,-1.730181e+00,-1.335761e+00,7.069285e-01,4.888299e-01
1.593084e+00,5.918105e-01,6.041044e-01,1.073174e+00,3.325088e-01,-5.986167e-01,-1.259663e+00,6.524820e-01,-1.480376e+00,5.885090e-01
-4.216486e-03,4.716205e-03,7.045678e-01,1.209358e-01,-6.683099e-04,-8.294359e-01,6.960621e-03,-5.061830e-01,3.162072e-01,-2.436785e-04
4.321208e-03,-1.464628e+00,-2.788398e-01,-1.889460e-01,2.672782e-03,1.643816e+00,-4.682562e-03,9.253838e-01,2.565213e-01,-1.395809e-03
-1.719304e-04,1.461795e+00,-6.520068e-01,-1.922792e-01,1.327079e-03,2.212425e-01,1.999852e-03,-3.473542e-01,2.029856e-01,1.606976e-03
-2.592363e-03,-5.183774e-01,-1.444038e-02,8.981659e-01,8.006416e-04,-4.759695e-01,1.196912e-02,1.936918e-01,8.136197e-01,7.882987e-04
-9.761528e-01,1.644118e-01,7.475468e-01,-1.495910e+00,3.845996e-01,4.296799e-01,-1.070092e-01,4.210283e-01,-1.114782e-01,1.906604e+00
-2.138323e-03,5.184452e-01,-4.433516e-01,7.212912e-01,-3.754117e-03,-3.444083e-01,5.862452e-03,-5.319546e-01,2.785256e-01,1.649001e-03
5.006303e-03,4.414874e-02,4.356072e-01,6.552035e-01,3.012805e-03,-1.252800e+00,-3.390145e-03,1.809716e-01,5.151123e-01,-1.477124e-03
1.160804e-03,-7.530757e-01,-1.082195e+00,9.318809e-02,-4.163805e-04,-3.440937e-01,4.865820e-04,3.779862e-01,5.686005e-01,4.609191e-03
-2.892651e-03,8.085610e-01,-6.624210e-01,5.013104e-01,-3.245594e-03,6.161412e-01,1.543260e-02,-5.998255e-02,1.416990e+00,-1.550561e-03
1.383637e-03,-9.278989e-01,4.195356e-01,-7.076832e-01,-1.863181e-03,-5.816682e-01,6.829217e-03,-2.383073e-01,1.984268e-01,7.715577e-04
-5.212064e-04,-9.280264e-02,1.529240e+00,3.379624e-01,7.178732e-03,1.051589e+00,-1.256135e-02,-5.718174e-01,1.709885e+00,9.999463e-04
-5.416681e-04,7.481231e-01,-7.586429e-01,1.443595e+00,1.450135e-03,9.726000e-01,6.350231e-03,-1.875504e+00,1.780446e-01,-2.111424e-03
1.524847e+00,1.086804e+00,-6.404116e-01,9.876079e-01,-2.423077e-01,4.424575e-01,-1.391138e+00,5.207371e-01,-5.092764e-01,-1.948941e+00
-7.752545e-01,4.919132e-01,-7.255928e-01,-1.028065e-01,-3.104415e-01,-8.654684e-01,3.596516e-01,1.314548e+00,1.661898e+00,-1.617877e-01
-3.108385e-03,-1.667273e-02,-1.302790e+00,-3.572341e-02,-3.022437e-03,2.806905e-01,-1.068659e-02,2.190864e-01,7.351762e-01,2.931192e-03
-1.658193e-01,8.464413e-01,-3.137999e-01,-6.677943e-01,-6.283345e-01,-8.775902e-01,1.910580e-01,1.547480e+00,1.523861e-01,2.294303e-02
-8.165566e-01,-8.568003e-02,8.708189e-01,-1.409756e+00,1.154485e+00,-1.078180e+00,-1.456886e+00,-1.842142e+00,3.608440e-01,1.039963e+00
