1.360963e+00,4.839091e-01,-7.819622e-01,1.140249e-01,-2.837029e-01,-8.882465e-01,9.057904e-02,-4.896943e-01,-1.896265e+00,1.778834e+00
1.521559e+00,3.633832e-01,1.815545e+00,3.916447e-02,1.139244e-01,4.723999e-01,-1.749820e+00,1.376710e-01,-4.168969e-02,4.887157e-01
1.601451e+00,-6.833168e-01,3.365508e-01,3.895739e-03,3.333399e-01,6.332292e-01,-1.264461e+00,-3.134075e-01,-2.517902e-01,5.934840e-01
5.531053e-03,-2.958966e+00,-5.016091e-01,1.330864e-01,4.234521e-03,-3.387488e-01,1.706024e-02,2.859877e-01,-6.255675e-01,1.771891e-03
-1.852624e-03,4.943799e-01,-1.866962e-01,3.617147e-01,2.502353e-03,-1.650135e-01,3.874033e-03,-5.348700e-01,6.198094e-01,4.919930e-03
1.739826e-03,2.841600e-01,-1.246778e+00,9.741970e-01,-2.367657e-03,-1.297634e+00,1.374691e-02,7.665014e-01,-8.049774e-01,-1.202728e-03
3.573257e-03,6.872553e-01,1.032987e+00,-1.611655e+00,-1.775769e-03,5.720681e-01,2.363398e-03,1.853275e+00,4.580196e-02,2.238779e-04
-9.691115e-01,-2.353606e-01,2.785146e-01,-3.478122e+00,3.877382e-01,-9.120539e-01,-1.161613e-01,-1.965765e-01,9.519471e-01,1.903156e+00
-2.155062e-05,4.313343e-01,-1.152174e+00,-5.018858e-01,4.583286e-03,5.735451e-01,1.206923e-03,-3.197007e-01,-6.523425e-01,-5.511769e-05
3.496542e-03,-6.363769e-01,2.428183e-01,7.320124e-02,-1.303641e-03,-6.257356e-01,2.137171e-04,-7.940135e-01,8.327707e-01,1.288694e-05
4.790949e-03,-3.293279e-02,-1.094277e+00,3.957412e-01,8.070768e-04,-6.139425e-01,-3.115194e-03,8.277243e-01,-1.072568e+00,1.454573e-03
-1.397707e-03,9.863868e-01,-3.286471e-01,1.527328e+00,-5.833719e-03,-2.322427e-02,4.677155e-03,-1.565273e+00,-9.034956e-03,-2.912068e-03
8.249953e-03,2.476947e-01,-7.798757e-02,-1.399751e+00,-6.250604e-04,-4.948206e-01,-7.447550e-03,2.419307e-01,-3.931305e-01,-2.329829e-03
2.352374e-03,-3.853193e-01,-1.161138e+00,8.628746e-02,2.118520e-03,2.802636e-01,8.204956e-03,-1.095269e+00,1.576756e+00,2.387459e-03
9.555979e-04,-5.032837e-01,1.299268e+00,7.906204e-01,-1.633181e-03,7.592990e-01,-7.269057e-03,-6.612409e-01,1.195983e+00,-4.647981e-03
1.523021e+00,-7.186816e-02,6.093813e-02,2.297664e-01,-2.368648e-01,4.837826e-01,-1.378902e+00,-1.543668e-02,5.196034e-01,-1.943838e+00
-7.847441e-01,1.170981e-03,-1.250428e+00,-8.436701e-01,-3.086735e-01,6.809406e-01,3.567846e-01,-1.319694e-01,-3.614607e-01,-1.634686e-01
-1.429884e-04,5.637946e-01,-5.058470e-01,-9.523373e-01,-6.219685e-03,8.413979e-01,4.146544e-03,1.349909e+00,-7.976800e-01,7.711627e-04
-1.558595e-01,-7.966045e-02,-1.205990e-01,1.205513e+00,-6.287193e-01,-6.148386e-01,1.674579e-01,7.028474e-01,1.783463e-01,2.429188e-02
-8.166782e-01,5.571540e-01,2.161527e-01,1.299357e-01,1.163880e+00,-8.210729e-01,-1.449091e+00,4.481259e-02,-8.012203e-02,1.040114e+00
