1.364262e+00,-9.218373e-01,9.598674e-01,8.584630e-02,-2.775384e-01,-1.791511e+00,8.692525e-02,-5.501305e-01,-4.951094e-02,1.781546e+00
1.522092e+00,-4.484697e-01,1.102278e+00,2.016749e-02,1.120987e-01,-7.305432e-03,-1.740337e+00,3.023153e-01,-1.704938e+00,4.898239e-01
1.602674e+00,-1.419574e+00,-7.200905e-01,-2.952963e-01,3.418590e-01,1.165835e+00,-1.280563e+00,-3.382447e-01,6.115929e-01,5.928757e-01
-4.159729e-03,5.536596e-01,1.122840e+00,-1.261018e+00,-1.373264e-05,-1.690644e+00,-8.611500e-03,-2.074643e-01,-1.564345e+00,1.207428e-03
2.231377e-03,3.225652e-01,-9.533517e-01,2.902891e-02,-4.811689e-03,-1.411365e+00,9.628124e-04,-1.193228e-01,5.119348e-01,-2.932131e-03
-2.665970e-03,-9.055471e-02,-5.850246e-01,-1.307360e+00,-3.792065e-03,-6.750066e-02,4.009502e-03,-2.280953e-02,-3.995805e-01,9.001251e-04
-1.417921e-03,2.875530e-01,-3.099617e-01,-6.538628e-02,4.590625e-04,-4.533998e-01,5.649730e-03,2.029967e-01,7.500614e-01,3.329710e-03
-9.719138e-01,6.228905e-01,1.610225e-01,3.919454e-01,3.854652e-01,1.206261e+00,-1.130184e-01,1.648755e+00,-6.588554e-01,1.906633e+00
-1.288463e-05,-7.467262e-01,-2.333221e-01,-1.377814e+00,6.980495e-03,-4.949847e-01,-4.674907e-03,-1.138982e+00,-3.163251e-01,2.216923e-03
-2.609225e-03,9.329906e-01,1.940440e-01,1.882277e-01,-1.382141e-03,1.204092e+00,4.508284e-03,-1.974812e-01,-1.227549e+00,-1.033131e-03
1.538687e-04,6.309346e-01,-7.731555e-01,-8.359389e-01,-2.650873e-03,1.197839e-01,-3.287047e-04,2.148563e-01,3.350025e-01,-1.298977e-03
-2.513354e-04,5.879485e-01,2.479530e-01,-2.477674e-02,-3.483023e-04,-2.979955e+00,4.002502e-03,1.366613e-01,-1.851881e+00,-6.052138e-04
-2.163469e-03,-1.100956e+00,9.311114e-01,-6.007577e-01,2.380664e-03,3.477580e-01,4.765949e-03,1.349287e+00,-8.592571e-01,3.750444e-03
3.689586e-03,2.359360e-01,-1.617044e+00,1.525526e+00,8.254238e-03,1.073796e+00,5.773158e-04,-9.947186e-01,-2.189744e-01,1.917289e-03
5.015321e-04,1.691988e-01,-8.656967e-01,1.161013e-01,-1.333021e-02,-7.515466e-01,-2.885161e-03,-1.589595e-01,5.460547e-01,-4.235670e-03
1.518170e+00,7.514572e-01,9.321628e-01,1.217050e-01,-2.382146e-01,3.101854e-01,-1.391004e+00,-3.734181e-01,-1.099735e+00,-1.946144e+00
-7.815259e-01,1.273693e+00,-6.309939e-01,-9.650353e-01,-3.190660e-01,-7.785240e-01,3.414992e-01,1.352018e+00,-8.585866e-01,-1.628873e-01
-5.866139e-03,-5.794335e-01,-1.096389e+00,3.215817e-02,-3.331578e-03,9.929703e-01,-7.505283e-03,-3.022277e-01,1.475321e-01,1.271917e-03
-1.580880e-01,-1.601784e+00,-1.237314e+00,-1.922487e-01,-6.262804e-01,1.391087e+00,1.707595e-01,2.991410e-01,2.246441e-01,2.035046e-02
-8.191203e-01,-5.639708e-01,-5.713153e-02,-7.010830e-01,1.152532e+00,-3.018919e-01,-1.450385e+00,-5.116844e-01,-8.743010e-01,1.039046e+00
