1.359456e+00,2.943156e-01,-5.514305e-01,-5.087871e-01,-2.807624e-01,-1.559251e+00,1.018970e-01,-1.996439e-01,5.951407e-01,1.779021e+00
1.524996e+00,3.766088e-01,2.976703e-01,1.309084e+00,1.169510e-01,-3.909938e-01,-1.746296e+00,-9.754281e-02,-7.684750e-01,4.894214e-01
1.606195e+00,8.081121e-01,-1.823270e-01,-1.216135e-01,3.215912e-01,7.268795e-01,-1.262075e+00,1.289080e+00,-1.069642e+00,5.909702e-01
4.143164e-03,-1.772483e-01,6.697318e-01,3.555942e-01,-7.582737e-03,-7.040655e-01,-5.907091e-03,-9.563491e-01,-9.432917e-01,1.382250e-03
-1.800219e-03,5.624727e-01,1.826308e+00,2.503723e-01,1.836879e-03,-2.945309e-01,-4.288088e-04,-1.793821e-01,9.505660e-01,-8.332318e-04
3.132687e-03,-2.671226e-01,3.924206e-01,7.830619e-01,-4.075306e-03,-6.850543e-01,4.760848e-03,-1.384390e+00,8.096240e-01,1.198871e-03
5.428395e-03,7.103286e-01,-8.251032e-01,1.022602e+00,-1.758194e-03,-4.148182e-01,2.258630e-03,-3.271160e-01,1.323582e+00,-1.518257e-03
-9.709057e-01,-9.992559e-02,5.020200e-01,-8.511283e-01,3.916977e-01,-1.659079e+00,-1.169771e-01,-1.708305e+00,1.786349e-01,1.907709e+00
-3.517698e-03,8.765716e-01,2.001433e+00,-3.035014e-01,-1.014947e-03,-1.705410e+00,-1.656193e-03,-1.127905e+00,7.575253e-01,4.267553e-03
-1.902625e-03,-4.183410e-01,-2.941461e-01,-6.871952e-01,-3.087189e-03,-6.831574e-01,8.128888e-03,1.618727e-01,1.230330e-01,3.736435e-04
3.456307e-03,3.123588e-01,-6.314259e-01,-2.224271e+00,8.766885e-04,-1.351434e+00,3.318112e-03,-7.317626e-01,1.013314e+00,5.471253e-03
1.575656e-03,1.262819e+00,-1.722639e+00,2.364351e-01,-5.647102e-04,-8.591645e-01,4.415352e-03,-8.827283e-01,-7.016444e-01,2.237904e-03
1.175562e-03,3.644979e-02,-5.799614e-01,2.429770e-01,8.327813e-03,1.107734e+00,-3.964398e-03,-8.099046e-01,-1.237161e+00,2.231487e-04
3.542003e-03,4.390564e-01,-1.012415e+00,5.426905e-01,-4.164235e-03,-4.326860e-01,-4.354957e-03,-3.006967e-01,-1.569125e-01,5.267911e-04
-3.723638e-03,-6.649107e-01,1.023406e+00,3.277181e-01,5.076282e-03,-8.196772e-01,3.053208e-03,4.165669e-02,-5.550734e-02,-1.305210e-03
1.526657e+00,1.339994e-01,-4.557275e-01,7.276037e-01,-2.440612e-01,4.370625e-01,-1.390281e+00,-1.302698e+00,-4.777440e-01,-1.944834e+00
-7.804097e-01,6.526156e-01,5.212659e-02,7.611483e-01,-3.045556e-01,-5.474684e-01,3.395217e-01,5.174688e-01,1.757823e-01,-1.602203e-01
-2.128653e-03,-8.317969e-01,3.714946e-01,-7.926200e-01,-5.748727e-04,9.099965e-02,-3.960783e-03,8.444646e-02,3.023662e-02,3.415340e-04
-1.551150e-01,1.527996e+00,-2.182093e-01,-1.117434e+00,-6.227039e-01,6.360152e-02,1.741364e-01,1.009148e+00,-3.212286e-01,2.619650e-02
-8.154008e-01,-4.642245e-01,7.673602e-01,-8.918749e-01,1.156793e+00,-4.363518e-01,-1.466344e+00,1.399523e+00,5.334952e-01,1.042167e+00
