1.364622e+00,-1.787355e+00,-9.317487e-02,3.179922e-01,-2.857543e-01,1.619224e+00,1.089682e-01,-2.663650e-01,4.366526e-01,1.775407e+00
1.524547e+00,-2.592855e-01,1.038860e+00,7.748961e-01,1.107012e-01,-3.448978e-01,-1.736301e+00,-5.808364e-01,-6.020433e-01,4.818220e-01
1.601923e+00,-1.152207e+00,7.200049e-01,5.038285e-01,3.197208e-01,2.264023e-01,-1.252406e+00,-2.172063e+00,5.535621e-01,5.892118e-01
-2.303734e-03,1.250778e+00,2.431183e-01,-5.423377e-01,-1.186426e-02,1.077707e+00,8.649064e-03,-7.966859e-01,-1.182743e+00,2.451142e-03
3.283260e-03,1.215110e+00,-4.750257e-01,3.917202e-01,7.664617e-04,3.892869e-01,-4.399757e-03,-2.935233e-01,-1.791014e+00,3.273423e-04
3.002182e-03,7.897072e-01,-4.052481e-01,2.819326e-01,2.097779e-03,-3.763886e-01,-4.201405e-04,-7.288211e-02,1.459890e+00,2.018940e-04
3.712225e-03,6.369525e-01,-4.621829e-01,1.269373e+00,-1.437705e-02,-3.529456e-01,-1.065147e-03,1.300442e-01,-8.709828e-02,-9.681407e-04
-9.720712e-01,5.281149e-01,-3.645730e-03,-1.692538e-01,3.899923e-01,1.543943e-01,-1.042245e-01,-2.646468e-01,5.685207e-01,1.901708e+00
2.173211e-03,3.314565e-01,1.861827e+00,9.282787e-01,5.961717e-03,-1.248510e+00,-3.071208e-03,-4.758679e-01,-5.461299e-01,4.456866e-03
-3.329748e-03,-8.509006e-02,1.089090e+00,6.393926e-01,-3.383606e-03,2.085564e-01,2.094153e-03,-2.225360e-01,3.784385e-01,1.327377e-03
1.609683e-03,4.578689e-01,-3.071828e-01,-7.564962e-01,4.630170e-03,-2.650422e-01,-1.681043e-03,-3.593417e-01,-1.596242e+00,4.136981e-04
-4.359357e-03,4.049866e-01,5.361826e-01,3.345049e-01,-1.172688e-02,-1.374833e+00,-9.892456e-03,-9.611883e-01,8.662870e-02,-2.291043e-03
7.216509e-03,3.579204e-01,2.394178e-01,8.522654e-01,1.638152e-04,-2.481701e+00,2.445033e-03,-6.207909e-01,-1.286739e-01,1.951465e-03
-1.615065e-03,2.768272e-01,-7.282340e-02,1.154432e+00,-7.255739e-04,-9.830497e-02,2.806492e-03,-3.135259e-02,5.000672e-01,-1.629453e-03
2.530998e-03,-1.558418e-01,-1.260653e+00,7.288602e-01,-6.177977e-04,-1.741923e+00,7.161138e-03,4.234012e-01,-1.216794e+00,-2.786509e-03
1.526023e+00,2.147492e-01,-1.635142e+00,-1.010740e+00,-2.468943e-01,-1.049000e+00,-1.381439e+00,-3.583541e+00,1.284291e+00,-1.947507e+00
-7.840626e-01,3.437072e-01,-5.583347e-01,-2.911120e-01,-3.225213e-01,7.547742e-01,3.508611e-01,-7.725206e-01,8.632476e-01,-1.621062e-01
2.124745e-03,-1.871744e+00,2.887290e-01,4.051601e-01,2.354793e-03,-7.164172e-01,1.945536e-04,1.249662e-01,1.279019e+00,1.744622e-03
-1.625507e-01,-7.425384e-01,1.185349e+00,-1.839135e+00,-6.214775e-01,-4.905987e-01,1.750780e-01,-1.425580e+00,-9.073754e-01,2.301836e-02
-8.187956e-01,-4.940159e-01,-2.598355e-02,4.851158e-01,1.148474e+00,4.740800e-01,-1.460271e+00,1.152146e+00,-1.522810e+00,1.040421e+00
