-3.585405e+00,-7.721187e+00,4.284401e+00,-1.228306e+00,1.305124e+00,-6.494200e-01,-2.003184e-01,-1.123121e+00,3.444513e-01,-2.776241e+00
2.466299e+00,-7.846110e-01,4.098715e+00,-2.769325e+00,-1.352937e+00,-9.552796e-01,3.367005e+00,-1.657581e+00,1.649188e+00,-1.463779e+00
-1.716896e+00,2.766151e-01,-1.848017e+00,-2.281498e+00,1.725373e+00,-1.234748e+00,2.304472e-01,-8.136345e-01,1.400138e+00,-6.112068e-01
-6.334060e+00,-9.447779e-01,1.389631e+00,3.373291e+00,-6.718308e-01,1.881075e+00,-8.674656e-01,-1.476121e+00,1.139600e+00,-6.924639e-01
8.739595e-01,-4.320050e+00,-3.680997e-01,-4.338901e+00,-2.327159e+00,1.775378e+00,2.147819e+00,-1.261734e+00,4.884359e+00,1.657240e+00
1.399335e+00,1.358245e+00,3.341996e+00,4.606055e+00,4.792378e-01,-2.885560e-01,-7.639841e-01,7.891203e-01,-2.829910e-01,2.955352e-01
-3.396663e-01,1.031944e+00,-7.055496e-01,1.130354e+00,1.543907e+00,-4.402710e+00,2.809347e-01,-7.325747e-01,-1.779614e-01,1.931977e+00
1.098580e+00,2.013214e+00,1.970215e-02,-2.036574e-01,-2.036908e-02,-4.475043e+00,1.303565e-01,-1.658648e+00,1.980073e+00,-6.080683e+00
-1.798400e+00,2.970925e+00,-6.909188e-01,-4.914900e-01,-4.715327e-01,3.542231e+00,-4.593553e-01,2.860856e-01,5.009873e+00,1.954185e-01
-2.872003e+00,-2.383041e+00,-8.923880e-01,-5.389797e-01,1.435837e+00,3.358672e-01,-4.463964e-01,-8.395492e-01,6.073713e-01,-3.081387e+00
