-3.583293e+00,-7.716100e+00,1.596041e+00,-1.223475e+00,1.303707e+00,3.362812e-01,-2.002043e-01,-1.124015e+00,-1.430684e+00,-4.040409e+00
2.461501e+00,-7.835891e-01,1.787449e+00,-2.757860e+00,-1.350521e+00,1.281092e+00,3.367800e+00,-1.655895e+00,3.124809e+00,1.391307e-01
-1.711412e+00,2.741683e-01,1.665688e-01,-2.281799e+00,1.725667e+00,1.628399e+00,2.310835e-01,-8.143691e-01,-9.667349e-01,-8.329894e-01
-6.325165e+00,-9.403664e-01,3.235808e+00,3.372172e+00,-6.724777e-01,9.635049e-01,-8.653413e-01,-1.478413e+00,-4.687983e+00,-1.661726e+00
8.742511e-01,-4.318542e+00,3.645114e+00,-4.345939e+00,-2.328533e+00,1.334035e+00,2.149314e+00,-1.266757e+00,-1.225092e+00,-2.285169e+00
1.395458e+00,1.362247e+00,6.393469e+00,4.611581e+00,4.805857e-01,-5.072843e-01,-7.651311e-01,7.889261e-01,-2.429781e+00,1.502150e+00
-3.380843e-01,1.037281e+00,7.944378e-02,1.128551e+00,1.543617e+00,6.769753e-01,2.799786e-01,-7.328029e-01,-4.911028e+00,4.706833e+00
1.100243e+00,2.007807e+00,-1.572798e+00,-2.156094e-01,-2.134111e-02,2.892761e+00,1.291982e-01,-1.659158e+00,-2.404155e+00,2.722102e+00
-1.799635e+00,2.974858e+00,7.144842e+00,-4.920479e-01,-4.755850e-01,5.341480e+00,-4.590094e-01,2.844844e-01,-5.785909e-01,-5.234101e+00
-2.871212e+00,-2.378475e+00,1.241259e-01,-5.481205e-01,1.436858e+00,6.676990e-01,-4.487034e-01,-8.416676e-01,1.791738e+00,1.540046e+00
