-3.586420e+00,-7.721304e+00,1.898416e+00,-1.224413e+00,1.300902e+00,-3.409920e+00,-2.003614e-01,-1.124151e+00,2.701146e+00,3.785217e+00
2.463572e+00,-7.793880e-01,5.095147e-01,-2.770445e+00,-1.350173e+00,2.975807e+00,3.367396e+00,-1.656561e+00,-3.962079e-01,-2.498774e+00
-1.710941e+00,2.823406e-01,5.329497e+00,-2.284413e+00,1.724727e+00,-5.736999e+00,2.307604e-01,-8.130750e-01,-1.686219e+00,5.224662e-01
-6.329776e+00,-9.396038e-01,-2.700139e+00,3.366422e+00,-6.723715e-01,-5.622181e+00,-8.682310e-01,-1.476483e+00,1.929595e-01,1.821773e-01
8.726352e-01,-4.319577e+00,7.848048e-01,-4.351950e+00,-2.327246e+00,-3.246194e+00,2.150496e+00,-1.263027e+00,-2.426603e+00,2.251302e+00
1.398415e+00,1.359883e+00,1.020110e+00,4.621755e+00,4.801525e-01,7.652569e-01,-7.640076e-01,7.889998e-01,-3.094105e+00,-2.506749e+00
-3.391381e-01,1.033503e+00,1.453946e+00,1.111402e+00,1.542516e+00,-2.356725e+00,2.810811e-01,-7.328424e-01,2.255069e+00,3.882056e+00
1.098451e+00,2.005094e+00,3.346603e+00,-2.098995e-01,-1.984684e-02,7.544910e+00,1.309825e-01,-1.661067e+00,3.188705e-01,2.424132e+00
-1.799226e+00,2.970088e+00,4.373212e-02,-4.883214e-01,-4.744823e-01,8.192989e-01,-4.585689e-01,2.873962e-01,2.736233e+00,-1.145135e+00
-2.872643e+00,-2.378389e+00,-1.514203e+00,-5.445262e-01,1.435735e+00,-4.115709e-01,-4.471144e-01,-8.451726e-01,-1.408034e+00,2.090715e+00
