-3.582600e+00,-7.722294e+00,-1.959247e+00,-1.220230e+00,1.303422e+00,3.762492e+00,-1.998432e-01,-1.123849e+00,1.362884e+00,-2.333635e+00
2.462139e+00,-7.802451e-01,-9.834727e-01,-2.768609e+00,-1.349323e+00,1.155282e+00,3.366809e+00,-1.656034e+00,-9.205969e-01,-4.357055e+00
-1.715133e+00,2.922227e-01,-4.442749e-01,-2.277286e+00,1.724622e+00,3.235440e+00,2.306033e-01,-8.134550e-01,-1.302702e+00,-1.437517e+00
-6.340057e+00,-9.379721e-01,-4.571224e-01,3.362427e+00,-6.704725e-01,-2.196164e+00,-8.676497e-01,-1.479320e+00,1.960270e+00,-1.135503e+00
8.733233e-01,-4.317453e+00,1.022290e+00,-4.348942e+00,-2.326721e+00,-4.821672e-01,2.149789e+00,-1.261889e+00,-5.812734e-01,-6.835697e+00
1.399141e+00,1.362700e+00,-3.664645e+00,4.611309e+00,4.791374e-01,1.960087e+00,-7.625472e-01,7.891458e-01,-4.203699e+00,-2.601296e-01
-3.398140e-01,1.039673e+00,-2.649744e+00,1.118302e+00,1.544741e+00,1.422861e+00,2.797750e-01,-7.337558e-01,-9.798366e-01,5.260612e-01
1.099456e+00,2.008352e+00,-9.092959e-01,-2.055046e-01,-2.123542e-02,-1.320280e+00,1.296301e-01,-1.659710e+00,-5.900736e-01,-9.547878e-01
-1.796763e+00,2.974337e+00,1.015018e+00,-4.856704e-01,-4.728650e-01,7.072196e-01,-4.588311e-01,2.856605e-01,1.433686e+00,2.613394e+00
-2.876343e+00,-2.379824e+00,6.106404e-01,-5.385593e-01,1.437259e+00,-7.067500e-01,-4.478038e-01,-8.420130e-01,-1.965794e+00,1.713134e+00
