-3.583915e+00,-7.722719e+00,-4.566039e+00,-1.230437e+00,1.300617e+00,-3.868802e-01,-1.994960e-01,-1.122364e+00,4.611539e+00,-1.327765e+00
2.464736e+00,-7.779191e-01,-6.921811e-01,-2.767256e+00,-1.349850e+00,-7.750175e-01,3.367028e+00,-1.656396e+00,-2.910610e+00,1.358007e+00
-1.713371e+00,2.776300e-01,1.199250e+00,-2.289599e+00,1.723227e+00,4.291591e+00,2.312737e-01,-8.133408e-01,-2.528782e+00,2.705366e+00
-6.340712e+00,-9.320213e-01,-1.912254e+00,3.367682e+00,-6.720211e-01,-4.900040e-01,-8.669191e-01,-1.473042e+00,3.363137e+00,1.273318e+00
8.728674e-01,-4.320500e+00,-2.398902e+00,-4.345222e+00,-2.328705e+00,3.715069e+00,2.148387e+00,-1.263851e+00,-6.534507e-01,2.025548e+00
1.402739e+00,1.360153e+00,-6.726761e-01,4.613514e+00,4.780574e-01,-3.900067e+00,-7.644345e-01,7.900262e-01,-1.757891e+00,3.793005e-02
-3.350073e-01,1.036040e+00,1.922106e+00,1.124350e+00,1.543550e+00,3.457163e+00,2.787963e-01,-7.340838e-01,-2.568486e+00,-2.981786e+00
1.099022e+00,2.011480e+00,2.492601e+00,-2.063749e-01,-2.143794e-02,3.067859e-01,1.310410e-01,-1.659341e+00,-2.013796e-01,-6.022643e-01
-1.799056e+00,2.968887e+00,-2.758162e-01,-4.885711e-01,-4.762718e-01,2.496326e+00,-4.572440e-01,2.847509e-01,4.030933e+00,4.984801e+00
-2.874904e+00,-2.380935e+00,-3.081254e+00,-5.383043e-01,1.435101e+00,1.291778e+00,-4.461902e-01,-8.414368e-01,1.003744e-01,-1.392596e+00
