-3.582713e+00,-7.718867e+00,1.255310e+00,-1.232877e+00,1.303635e+00,-1.830391e-01,-1.996230e-01,-1.122155e+00,2.107612e+00,4.106753e+00
2.465210e+00,-7.837557e-01,-3.066474e+00,-2.773435e+00,-1.352157e+00,4.548376e+00,3.367834e+00,-1.654398e+00,5.770945e+00,-3.650290e-01
-1.711160e+00,2.873997e-01,-8.448176e-01,-2.286285e+00,1.726075e+00,-1.500220e+00,2.303025e-01,-8.122413e-01,6.986577e-01,-6.048786e+00
-6.332907e+00,-9.324933e-01,1.560729e+00,3.371187e+00,-6.717627e-01,-2.741736e+00,-8.673269e-01,-1.483223e+00,-8.976312e-01,-3.104030e+00
8.750994e-01,-4.317560e+00,3.368193e+00,-4.346590e+00,-2.328794e+00,-2.365061e+00,2.149472e+00,-1.262910e+00,-1.467262e+00,-8.674377e-01
1.400088e+00,1.361342e+00,-4.287489e+00,4.616326e+00,4.812055e-01,4.989196e-01,-7.638491e-01,7.888031e-01,-1.608386e+00,2.434020e+00
-3.386392e-01,1.037529e+00,5.024721e+00,1.134040e+00,1.542614e+00,-1.276762e+00,2.812043e-01,-7.349850e-01,1.586858e+00,-4.458307e+00
1.093414e+00,2.011975e+00,1.866319e-01,-2.121841e-01,-2.109930e-02,-3.323328e+00,1.296741e-01,-1.658323e+00,3.051964e+00,-4.451208e+00
-1.800308e+00,2.974254e+00,-1.072881e+00,-4.928115e-01,-4.734746e-01,-4.450183e-01,-4.583236e-01,2.873066e-01,5.701737e+00,-2.619849e+00
-2.877141e+00,-2.376439e+00,-3.503879e+00,-5.367275e-01,1.435432e+00,-1.897708e+00,-4.471768e-01,-8.419508e-01,1.391433e+00,-5.348106e-01
