-3.582040e+00,-7.718538e+00,5.921270e+00,-1.225142e+00,1.301745e+00,-2.514691e+00,-1.995318e-01,-1.124467e+00,3.279622e+00,-2.694333e+00
2.460988e+00,-7.731872e-01,3.557959e+00,-2.767489e+00,-1.351998e+00,-1.607000e+00,3.366964e+00,-1.652658e+00,-1.586692e+00,-8.508707e-01
-1.712925e+00,2.860349e-01,2.172106e+00,-2.279642e+00,1.725222e+00,-2.373553e+00,2.306806e-01,-8.110681e-01,9.330362e-01,-3.521368e+00
-6.329154e+00,-9.282531e-01,-2.044183e+00,3.367395e+00,-6.692834e-01,3.163666e+00,-8.686457e-01,-1.482555e+00,1.848467e+00,7.388123e+00
8.748933e-01,-4.319143e+00,2.485891e+00,-4.346880e+00,-2.329169e+00,2.123999e+00,2.148622e+00,-1.257784e+00,-3.841436e+00,2.738221e+00
1.398916e+00,1.359533e+00,-1.083961e+00,4.622429e+00,4.829210e-01,-5.065378e+00,-7.633966e-01,7.884760e-01,-5.583004e-01,-2.357493e+00
-3.429891e-01,1.034984e+00,-3.245571e+00,1.124790e+00,1.542473e+00,-9.749550e-01,2.791409e-01,-7.329607e-01,-1.178454e+00,-2.567940e+00
1.095994e+00,2.013942e+00,7.546144e-01,-2.003413e-01,-2.065350e-02,5.555080e-01,1.297420e-01,-1.656476e+00,2.476431e+00,-1.869258e+00
-1.801395e+00,2.971389e+00,3.001088e-01,-4.818494e-01,-4.772939e-01,-3.664523e+00,-4.587288e-01,2.880831e-01,2.046140e+00,-3.677659e+00
-2.871421e+00,-2.377751e+00,2.632530e+00,-5.399186e-01,1.435589e+00,-2.167265e+00,-4.471323e-01,-8.394637e-01,1.090244e+00,-1.272416e-01
