-3.586457e+00,-7.721721e+00,-5.805021e+00,-1.224996e+00,1.302797e+00,3.427747e+00,-1.997660e-01,-1.123068e+00,-6.025981e-01,-1.124057e+00
2.463754e+00,-7.854799e-01,1.101090e+00,-2.770300e+00,-1.349778e+00,-1.106297e+00,3.366450e+00,-1.656187e+00,-2.322204e+00,2.640244e+00
-1.710770e+00,2.794323e-01,2.179094e-01,-2.282677e+00,1.725417e+00,3.014176e+00,2.314262e-01,-8.148971e-01,3.568625e+00,1.810752e-01
-6.328156e+00,-9.102998e-01,1.119690e+00,3.372693e+00,-6.692300e-01,5.845467e-01,-8.686904e-01,-1.475142e+00,-1.962654e-01,-2.401601e+00
8.770058e-01,-4.315214e+00,-1.407287e+00,-4.332068e+00,-2.327458e+00,-2.559381e+00,2.150550e+00,-1.263278e+00,1.665462e+00,-4.738302e+00
1.402042e+00,1.360190e+00,1.300152e+00,4.614889e+00,4.806818e-01,-1.110557e+00,-7.646460e-01,7.907654e-01,9.235049e-01,-5.100873e-01
-3.382322e-01,1.032546e+00,1.821136e+00,1.123111e+00,1.546040e+00,-7.082418e-01,2.802005e-01,-7.333864e-01,9.129167e-01,1.853011e+00
1.099516e+00,2.023214e+00,-2.910751e+00,-2.009736e-01,-2.206426e-02,2.213727e+00,1.305872e-01,-1.661426e+00,4.257305e+00,2.212335e+00
-1.799538e+00,2.974054e+00,5.987917e-01,-4.827503e-01,-4.736037e-01,-2.303227e+00,-4.595010e-01,2.841300e-01,-2.320008e+00,-8.869537e-01
-2.874248e+00,-2.375132e+00,-6.384573e-01,-5.414404e-01,1.435814e+00,-4.914876e+00,-4.467220e-01,-8.430272e-01,1.739412e+00,1.834955e-01
