-3.584536e+00,-7.720178e+00,2.989212e+00,-1.227403e+00,1.304039e+00,2.253672e+00,-2.001424e-01,-1.122501e+00,1.248446e-01,9.596787e-01
2.457298e+00,-7.849175e-01,8.439629e-01,-2.768398e+00,-1.350859e+00,3.741048e+00,3.367295e+00,-1.655594e+00,-1.250968e+00,-6.563582e+00
-1.711769e+00,2.815783e-01,-1.182659e+00,-2.282562e+00,1.727029e+00,-1.365995e-01,2.310973e-01,-8.171308e-01,-1.444644e+00,2.727982e+00
-6.336901e+00,-9.235631e-01,3.957520e+00,3.370015e+00,-6.703796e-01,-1.807254e+00,-8.666196e-01,-1.480040e+00,9.009643e-01,3.694269e+00
8.757210e-01,-4.321814e+00,-1.229561e+00,-4.343142e+00,-2.326357e+00,4.011158e+00,2.151453e+00,-1.260197e+00,4.250697e+00,2.303043e-01
1.399826e+00,1.359350e+00,-1.814721e+00,4.617001e+00,4.789786e-01,-6.182623e-01,-7.645768e-01,7.882594e-01,-8.486970e-01,-4.387044e-01
-3.383711e-01,1.035656e+00,2.057084e+00,1.131937e+00,1.545384e+00,-3.770999e+00,2.796481e-01,-7.339283e-01,-4.430037e-01,3.365491e+00
1.100025e+00,2.012520e+00,-4.371784e+00,-2.032113e-01,-1.935856e-02,4.146029e+00,1.306179e-01,-1.659508e+00,4.501203e+00,-6.940122e-02
-1.796592e+00,2.970905e+00,7.894731e-01,-4.867054e-01,-4.766165e-01,1.838675e+00,-4.579305e-01,2.852321e-01,7.762359e-01,1.332936e-02
-2.875893e+00,-2.375872e+00,1.140155e+00,-5.415906e-01,1.437119e+00,-2.880431e+00,-4.473010e-01,-8.433837e-01,-6.599580e-01,7.733079e-01
