-3.584476e+00,-7.722023e+00,-1.040979e+00,-1.231366e+00,1.302978e+00,2.986048e+00,-1.986554e-01,-1.121802e+00,7.034873e-01,-5.355583e-01
2.464428e+00,-7.818931e-01,2.093787e+00,-2.767656e+00,-1.351508e+00,-2.609308e-01,3.367900e+00,-1.654162e+00,2.647695e-01,7.376635e-01
-1.713792e+00,2.855458e-01,2.943329e+00,-2.286104e+00,1.725082e+00,-2.234127e-01,2.307271e-01,-8.124965e-01,-7.040504e-01,8.456758e-01
-6.324963e+00,-9.247240e-01,9.722541e-01,3.366952e+00,-6.711389e-01,-9.205292e-01,-8.676028e-01,-1.470053e+00,-6.268633e+00,2.238132e+00
8.758550e-01,-4.318866e+00,1.562135e+00,-4.354712e+00,-2.329279e+00,7.250826e-02,2.151243e+00,-1.262144e+00,9.634151e-01,8.648321e-01
1.399735e+00,1.361034e+00,-1.287474e+00,4.612136e+00,4.805118e-01,-2.006252e+00,-7.643272e-01,7.901284e-01,3.154556e+00,4.645799e-01
-3.376207e-01,1.037838e+00,4.042206e+00,1.119603e+00,1.545158e+00,1.573442e+00,2.794962e-01,-7.344896e-01,-2.769642e+00,2.580479e+00
1.098884e+00,2.011045e+00,1.298392e+00,-2.120657e-01,-2.224780e-02,-5.834197e-01,1.305560e-01,-1.655663e+00,-4.513199e+00,1.370529e+00
-1.798985e+00,2.971225e+00,1.737562e+00,-4.852345e-01,-4.729908e-01,-3.302153e+00,-4.569670e-01,2.878415e-01,2.363981e+00,2.437357e+00
-2.873312e+00,-2.376717e+00,-4.467551e-01,-5.438076e-01,1.436611e+00,-9.066249e-02,-4.475916e-01,-8.422815e-01,2.355052e-01,-1.141893e+00
