-3.582252e+00,-7.725104e+00,3.448708e-01,-1.229379e+00,1.304449e+00,2.566033e+00,-1.998111e-01,-1.125139e+00,8.295437e-01,3.216038e+00
2.462488e+00,-7.798522e-01,2.747922e+00,-2.771457e+00,-1.350912e+00,2.017642e+00,3.366724e+00,-1.655735e+00,-1.744729e-02,1.495329e+00
-1.707837e+00,2.795161e-01,3.919777e+00,-2.288630e+00,1.724649e+00,-3.014108e+00,2.313009e-01,-8.114783e-01,-1.922400e+00,-2.021113e+00
-6.336625e+00,-9.040559e-01,-2.672996e-01,3.368506e+00,-6.700309e-01,-1.041536e+00,-8.675297e-01,-1.465863e+00,-3.947224e+00,-2.112438e+00
8.746625e-01,-4.322509e+00,-2.313018e-01,-4.350133e+00,-2.326912e+00,-1.986805e-01,2.149975e+00,-1.261747e+00,3.869467e+00,4.490129e+00
1.400628e+00,1.358956e+00,2.543732e+00,4.613898e+00,4.808456e-01,-1.706735e+00,-7.634775e-01,7.899241e-01,1.285593e-01,5.411214e+00
-3.370187e-01,1.036591e+00,-2.295877e+00,1.118783e+00,1.541995e+00,3.882993e+00,2.820220e-01,-7.351954e-01,-2.150224e+00,-1.511268e+00
1.098269e+00,2.009950e+00,-1.161407e+00,-2.065284e-01,-2.252098e-02,2.534255e+00,1.297557e-01,-1.658086e+00,-1.278959e+00,-2.350733e-01
-1.796300e+00,2.971110e+00,-2.572499e+00,-4.872375e-01,-4.748428e-01,2.295173e-01,-4.580494e-01,2.883729e-01,-4.028373e+00,1.296483e+00
-2.873177e+00,-2.375323e+00,-2.170802e+00,-5.396118e-01,1.433069e+00,-3.666901e+00,-4.476243e-01,-8.411286e-01,-8.552845e-01,1.145925e-01
