-3.580074e+00,-7.724742e+00,1.789435e-01,-1.221557e+00,1.302618e+00,-3.772289e+00,-1.997304e-01,-1.123700e+00,-1.062736e+00,-2.281844e+00
2.463305e+00,-7.855706e-01,3.287559e+00,-2.764956e+00,-1.350726e+00,-3.105676e+00,3.367348e+00,-1.656301e+00,-7.101564e-01,1.061708e+00
-1.708810e+00,2.813061e-01,-2.961836e+00,-2.286884e+00,1.724545e+00,-3.481907e+00,2.304808e-01,-8.113915e-01,-3.356020e+00,4.683727e-01
-6.330406e+00,-9.312981e-01,-3.542145e+00,3.361923e+00,-6.707367e-01,3.062326e+00,-8.678463e-01,-1.475508e+00,2.564897e+00,-2.016413e+00
8.722637e-01,-4.317058e+00,-4.552465e-01,-4.338105e+00,-2.328762e+00,-1.909692e+00,2.149833e+00,-1.259496e+00,6.353147e-01,-3.771412e+00
1.400198e+00,1.354323e+00,-2.086754e+00,4.614087e+00,4.803861e-01,-3.057094e+00,-7.640628e-01,7.895228e-01,-3.902192e-01,2.515971e+00
-3.357607e-01,1.033160e+00,-1.758955e+00,1.117155e+00,1.545218e+00,1.945373e+00,2.808206e-01,-7.343127e-01,3.854718e+00,-1.006722e+00
1.097691e+00,2.010617e+00,2.804522e+00,-2.101856e-01,-2.014080e-02,4.743096e-01,1.303431e-01,-1.661132e+00,-3.555955e+00,4.710134e-02
-1.798181e+00,2.973387e+00,1.312692e+00,-4.869937e-01,-4.749624e-01,-4.724560e+00,-4.582076e-01,2.869026e-01,-2.564316e+00,4.883991e-01
-2.872266e+00,-2.376210e+00,7.663740e-01,-5.362160e-01,1.438602e+00,3.394552e-02,-4.475584e-01,-8.403027e-01,-3.250838e+00,-1.112834e-01
