-3.585981e+00,-7.719553e+00,3.816714e+00,-1.231165e+00,1.304181e+00,5.107860e+00,-2.003503e-01,-1.121298e+00,4.713960e-01,4.784299e+00
2.462817e+00,-7.783067e-01,5.836108e-01,-2.761462e+00,-1.351555e+00,3.570510e+00,3.366059e+00,-1.656416e+00,-1.814663e+00,3.340709e+00
-1.709185e+00,2.846038e-01,-3.106077e-01,-2.283089e+00,1.726766e+00,-1.380329e+00,2.305820e-01,-8.141058e-01,6.160760e+00,-2.758610e+00
-6.326205e+00,-9.354634e-01,-1.153384e+00,3.392399e+00,-6.728256e-01,-2.992977e+00,-8.678824e-01,-1.475247e+00,4.620907e+00,-1.173971e+00
8.759589e-01,-4.319994e+00,7.404780e-01,-4.342189e+00,-2.327651e+00,3.342751e+00,2.147419e+00,-1.264896e+00,1.277926e-01,3.482692e+00
1.399702e+00,1.362746e+00,2.567992e-01,4.609428e+00,4.779881e-01,-1.314590e+00,-7.632397e-01,7.888406e-01,-4.631400e+00,-1.525573e+00
-3.415448e-01,1.035182e+00,3.188307e-03,1.116703e+00,1.544956e+00,-8.129178e-01,2.800437e-01,-7.335744e-01,5.926690e-01,-1.189358e+00
1.102818e+00,2.013547e+00,1.396523e+00,-1.992985e-01,-2.194191e-02,-3.044666e+00,1.302575e-01,-1.658508e+00,-1.515941e+00,-2.048089e+00
-1.799321e+00,2.969602e+00,2.514496e+00,-4.845484e-01,-4.734266e-01,4.838596e-01,-4.577330e-01,2.849621e-01,-1.348395e-01,1.121007e+00
-2.873674e+00,-2.380355e+00,4.681522e-01,-5.347357e-01,1.437364e+00,1.816340e+00,-4.470644e-01,-8.406317e-01,-5.566159e+00,-1.055846e+00
