-3.583401e+00,-7.719083e+00,4.336939e-01,-1.235458e+00,1.301230e+00,1.448952e+00,-1.997254e-01,-1.123988e+00,6.851305e+00,1.800814e+00
2.455059e+00,-7.791498e-01,-1.275309e-01,-2.773586e+00,-1.350338e+00,1.743196e+00,3.365836e+00,-1.654575e+00,-3.686990e+00,9.331368e+00
-1.712150e+00,2.791086e-01,9.538056e-01,-2.275530e+00,1.722475e+00,-4.251281e-01,2.305468e-01,-8.146911e-01,-2.084917e+00,-2.840710e-02
-6.331697e+00,-9.308561e-01,-1.291675e+00,3.379063e+00,-6.719825e-01,4.261709e-01,-8.690322e-01,-1.480450e+00,1.292247e+00,-4.113817e+00
8.730209e-01,-4.316162e+00,-7.323765e-01,-4.333803e+00,-2.328125e+00,-2.930780e+00,2.148169e+00,-1.262045e+00,-4.140402e+00,1.193622e-01
1.400709e+00,1.357995e+00,5.621289e-01,4.617952e+00,4.819271e-01,3.083127e+00,-7.637963e-01,7.895649e-01,-1.486190e+00,4.164692e+00
-3.344593e-01,1.028947e+00,5.353426e-01,1.130858e+00,1.542968e+00,-2.277202e+00,2.797458e-01,-7.330621e-01,3.394725e+00,-1.514668e-01
1.097527e+00,2.011729e+00,5.772941e-01,-2.095372e-01,-2.340103e-02,1.112041e+00,1.306354e-01,-1.660286e+00,3.191205e+00,-1.331074e+00
-1.801694e+00,2.970732e+00,-1.305954e+00,-4.894822e-01,-4.731117e-01,-8.843863e-01,-4.585094e-01,2.856377e-01,5.959192e-01,-2.753962e+00
-2.877578e+00,-2.383607e+00,9.181838e-01,-5.354254e-01,1.436497e+00,-3.101845e+00,-4.480238e-01,-8.437773e-01,-1.848185e+00,1.322564e+00
