-3.585202e+00,-7.720305e+00,1.434857e+00,-1.225496e+00,1.302369e+00,-1.860115e+00,-2.005078e-01,-1.121545e+00,2.821360e+00,-3.862812e+00
2.462637e+00,-7.767598e-01,-3.560111e-01,-2.776019e+00,-1.351662e+00,5.218252e-01,3.367070e+00,-1.655034e+00,8.494300e-01,4.384779e+00
-1.710441e+00,2.831353e-01,-3.397703e+00,-2.283650e+00,1.725604e+00,-1.797596e+00,2.300274e-01,-8.136847e-01,1.533878e+00,6.683787e+00
-6.321544e+00,-9.293768e-01,-4.774537e+00,3.367914e+00,-6.708227e-01,2.406358e+00,-8.697302e-01,-1.481272e+00,-1.504404e+00,1.537897e+00
8.769551e-01,-4.319209e+00,-4.555779e+00,-4.353741e+00,-2.329513e+00,-3.106580e-01,2.148544e+00,-1.262936e+00,2.266683e+00,7.914695e-01
1.398467e+00,1.360736e+00,4.307346e+00,4.611098e+00,4.787759e-01,-2.569349e+00,-7.634342e-01,7.868354e-01,-1.436594e+00,-2.847490e+00
-3.394711e-01,1.034512e+00,-2.476431e-01,1.126277e+00,1.541632e+00,-6.150084e-01,2.807736e-01,-7.311179e-01,7.429012e-01,-1.708091e+00
1.097249e+00,2.010221e+00,-3.145042e-01,-2.113989e-01,-2.129105e-02,-2.133387e+00,1.299271e-01,-1.660416e+00,2.010839e+00,-7.385669e-01
-1.795434e+00,2.969173e+00,-2.058964e+00,-4.801764e-01,-4.745691e-01,2.877281e+00,-4.578330e-01,2.861587e-01,-2.942010e+00,1.419524e+00
-2.872415e+00,-2.373206e+00,1.700288e+00,-5.356731e-01,1.434417e+00,5.412094e+00,-4.469646e-01,-8.425100e-01,-1.153025e+00,-1.732092e+00
