-3.580962e+00,-7.720085e+00,-3.177648e+00,-1.227304e+00,1.304236e+00,-4.816485e+00,-2.007457e-01,-1.122470e+00,3.624158e+00,-1.525116e+00
2.458597e+00,-7.883230e-01,3.005856e-03,-2.766139e+00,-1.350770e+00,2.588745e+00,3.366867e+00,-1.652973e+00,6.088141e-01,-7.077998e-01
-1.714708e+00,2.819628e-01,1.523635e+00,-2.282241e+00,1.723865e+00,7.777735e-01,2.311576e-01,-8.121672e-01,1.888436e+00,-4.810791e-01
-6.331533e+00,-9.304995e-01,3.100578e+00,3.357992e+00,-6.732863e-01,-3.084279e+00,-8.668092e-01,-1.471098e+00,-5.940962e-01,1.764840e+00
8.743867e-01,-4.319783e+00,1.685484e+00,-4.358067e+00,-2.329343e+00,-4.230209e+00,2.149886e+00,-1.260259e+00,-2.593351e+00,1.857941e+00
1.400921e+00,1.356293e+00,1.840326e-02,4.624249e+00,4.767805e-01,-1.483095e-01,-7.640794e-01,7.898497e-01,2.092738e+00,1.998266e+00
-3.380285e-01,1.038452e+00,-4.914424e+00,1.120875e+00,1.544069e+00,8.314824e-01,2.801093e-01,-7.326649e-01,-1.676620e+00,-3.762164e-01
1.097870e+00,2.011297e+00,-7.388168e-01,-2.088984e-01,-2.054495e-02,-2.550300e-01,1.318851e-01,-1.660696e+00,-3.272844e-01,1.680038e+00
-1.797217e+00,2.980173e+00,1.960210e+00,-4.874858e-01,-4.742053e-01,-1.878479e+00,-4.586200e-01,2.905516e-01,-3.676883e+00,-5.580230e-01
-2.874608e+00,-2.385165e+00,1.383214e+00,-5.391156e-01,1.435334e+00,-1.337200e+00,-4.460193e-01,-8.417903e-01,-2.931500e-01,-3.651545e+00
