-3.584024e+00,-7.716444e+00,2.433415e+00,-1.222069e+00,1.303558e+00,-1.710885e-02,-1.996753e-01,-1.126330e+00,-3.504632e-01,1.252943e+00
2.461771e+00,-7.776946e-01,-1.227800e+00,-2.760481e+00,-1.349388e+00,-5.506396e-01,3.367136e+00,-1.656818e+00,-1.692014e+00,-6.404173e-01
-1.712073e+00,2.835364e-01,3.246369e+00,-2.279300e+00,1.725845e+00,1.134878e+00,2.306272e-01,-8.139796e-01,-2.218912e-01,-3.765370e+00
-6.327303e+00,-9.368109e-01,-2.649482e-02,3.364809e+00,-6.717168e-01,2.174647e+00,-8.680326e-01,-1.482232e+00,-1.270808e+00,3.026990e+00
8.753149e-01,-4.318258e+00,1.118459e+00,-4.341544e+00,-2.328062e+00,2.862400e+00,2.151558e+00,-1.262012e+00,8.546754e-01,-1.888284e+00
1.398337e+00,1.359058e+00,1.999636e+00,4.610645e+00,4.801782e-01,3.017354e+00,-7.638509e-01,7.881069e-01,2.678363e-01,8.266131e-02
-3.315940e-01,1.033722e+00,-6.541423e+00,1.121281e+00,1.543477e+00,-2.674565e+00,2.818300e-01,-7.338105e-01,1.968301e+00,1.128486e+00
1.098656e+00,2.009466e+00,1.742638e+00,-2.061905e-01,-2.083373e-02,6.967746e-01,1.298786e-01,-1.661800e+00,-2.820110e+00,-1.006205e-01
-1.795957e+00,2.970209e+00,-2.850346e+00,-4.847874e-01,-4.746922e-01,9.201810e-01,-4.583944e-01,2.900126e-01,5.489490e-01,-3.224442e-01
-2.870330e+00,-2.376055e+00,4.564263e+00,-5.351096e-01,1.436024e+00,-2.357641e+00,-4.464262e-01,-8.423015e-01,5.045548e+00,3.095325e+00
