-3.584760e+00,-7.721594e+00,-2.681347e+00,-1.229730e+00,1.302326e+00,-2.086190e+00,-1.990535e-01,-1.124806e+00,5.081050e-01,4.338278e-01
2.457112e+00,-7.807034e-01,-1.392525e+00,-2.765606e+00,-1.349028e+00,-4.577182e-02,3.366705e+00,-1.653454e+00,-6.391838e+00,1.856426e+00
-1.712279e+00,2.797581e-01,-2.208325e+00,-2.280695e+00,1.725026e+00,-6.854847e-01,2.317539e-01,-8.129580e-01,-2.345081e+00,4.376224e+00
-6.322824e+00,-9.346032e-01,-1.327549e+00,3.371795e+00,-6.682980e-01,8.134669e-01,-8.650278e-01,-1.478852e+00,4.338749e-04,1.068152e+00
8.734920e-01,-4.319710e+00,-1.096605e+00,-4.341240e+00,-2.327803e+00,-9.314111e-01,2.150686e+00,-1.263782e+00,1.231301e+00,1.345427e+00
1.399498e+00,1.359785e+00,1.151943e+00,4.615007e+00,4.795980e-01,-7.542761e-01,-7.642606e-01,7.886698e-01,5.715327e-01,9.526005e-01
-3.359241e-01,1.032830e+00,-7.525261e-01,1.112188e+00,1.544845e+00,-3.317239e+00,2.795399e-01,-7.364027e-01,-3.337059e+00,-3.202639e-01
1.099193e+00,2.008953e+00,3.632552e+00,-2.023968e-01,-2.074556e-02,-1.630042e-01,1.304800e-01,-1.657682e+00,1.479423e+00,3.331935e+00
-1.798153e+00,2.972489e+00,-2.209646e+00,-4.900757e-01,-4.732369e-01,-7.235449e-02,-4.607864e-01,2.881711e-01,1.190063e+00,1.648146e+00
-2.874767e+00,-2.378271e+00,-4.482833e+00,-5.410676e-01,1.436006e+00,2.581996e+00,-4.467960e-01,-8.412839e-01,-2.748210e+00,3.558492e+00
