-3.585067e+00,-7.723553e+00,7.921968e-01,-1.228143e+00,1.302457e+00,-2.590423e+00,-1.993248e-01,-1.123535e+00,1.130455e+00,-1.849032e+00
2.456347e+00,-7.840176e-01,1.388352e+00,-2.769953e+00,-1.350449e+00,-4.448057e-01,3.368212e+00,-1.656878e+00,3.670825e+00,-1.119400e+00
-1.712802e+00,2.840769e-01,9.000057e-01,-2.282883e+00,1.724980e+00,5.378211e-01,2.309615e-01,-8.126367e-01,1.196596e+00,-1.738341e+00
-6.314631e+00,-9.215456e-01,6.124612e-01,3.365520e+00,-6.695454e-01,-1.112381e+00,-8.681394e-01,-1.476172e+00,3.859972e+00,3.932863e-01
8.744833e-01,-4.320210e+00,7.512754e+00,-4.348377e+00,-2.327404e+00,-7.969641e-01,2.150114e+00,-1.261490e+00,1.894667e+00,1.063776e+00
1.398039e+00,1.360958e+00,2.983899e+00,4.615493e+00,4.794820e-01,-1.806829e+00,-7.633313e-01,7.878681e-01,1.181307e+00,3.030904e+00
-3.377363e-01,1.034728e+00,-1.379988e+00,1.125524e+00,1.544489e+00,2.753072e-01,2.816034e-01,-7.344019e-01,3.229397e-01,-3.410700e+00
1.096317e+00,2.008877e+00,-2.624360e+00,-2.038015e-01,-2.322185e-02,-4.300078e-01,1.300122e-01,-1.656990e+00,1.554489e+00,1.226945e+00
-1.797682e+00,2.969367e+00,-2.528936e+00,-4.790492e-01,-4.758925e-01,-3.994730e-01,-4.588659e-01,2.865485e-01,-1.937660e+00,-1.945766e+00
-2.874436e+00,-2.376630e+00,2.911474e+00,-5.440282e-01,1.435212e+00,2.631267e+00,-4.482845e-01,-8.399954e-01,-7.255120e-02,-4.370803e+00
