-3.583300e+00,-7.722613e+00,2.576284e+00,-1.230184e+00,1.302025e+00,2.048667e+00,-1.992152e-01,-1.123211e+00,-3.930113e-01,-3.252096e+00
2.452700e+00,-7.685462e-01,1.528553e-01,-2.766342e+00,-1.348419e+00,2.521170e+00,3.367419e+00,-1.657121e+00,-8.831939e-01,-2.161599e+00
-1.712499e+00,2.803310e-01,-2.601692e+00,-2.287930e+00,1.726898e+00,-9.296453e-01,2.316441e-01,-8.151278e-01,-4.916191e-01,2.458564e+00
-6.329077e+00,-9.250672e-01,-2.199026e-01,3.378347e+00,-6.697819e-01,2.633502e+00,-8.671997e-01,-1.473189e+00,-1.789099e+00,-3.500998e+00
8.761734e-01,-4.322167e+00,-3.831994e+00,-4.349307e+00,-2.330184e+00,5.142136e-01,2.152503e+00,-1.260704e+00,-9.257291e-01,-3.065364e+00
1.400341e+00,1.363381e+00,2.673897e+00,4.618169e+00,4.799003e-01,1.369411e+00,-7.642048e-01,7.883831e-01,-6.517821e-01,1.600465e+00
-3.402851e-01,1.034202e+00,-1.885079e+00,1.126858e+00,1.544410e+00,4.723590e+00,2.807099e-01,-7.306596e-01,1.694232e+00,2.918649e+00
1.099888e+00,2.013125e+00,-2.547723e+00,-2.045460e-01,-1.931271e-02,2.735330e+00,1.301693e-01,-1.657946e+00,4.110353e-01,-2.808965e+00
-1.800600e+00,2.975092e+00,5.031161e+00,-4.832648e-01,-4.730691e-01,-1.710074e+00,-4.593636e-01,2.862828e-01,-9.397034e-01,-1.525372e+00
-2.875074e+00,-2.373965e+00,2.289773e-01,-5.406206e-01,1.437611e+00,-7.288079e+00,-4.473874e-01,-8.415954e-01,-2.994063e+00,-9.056828e-01
