-3.585587e+00,-7.727078e+00,4.802324e+00,-1.227603e+00,1.303846e+00,5.220723e-01,-2.000926e-01,-1.122661e+00,-1.311052e+00,-1.354437e+00
2.458450e+00,-7.823561e-01,-1.554972e+00,-2.761892e+00,-1.350396e+00,1.579732e+00,3.368140e+00,-1.657664e+00,-4.081214e+00,5.451411e-01
-1.707439e+00,2.828397e-01,3.000717e+00,-2.276154e+00,1.725955e+00,-2.789369e+00,2.299082e-01,-8.135959e-01,-3.190452e+00,3.175269e+00
-6.326973e+00,-9.418093e-01,-4.157055e+00,3.377553e+00,-6.727288e-01,1.254962e+00,-8.657643e-01,-1.475821e+00,2.794334e+00,2.776855e+00
8.764353e-01,-4.315053e+00,-2.056240e+00,-4.351291e+00,-2.330609e+00,-2.119073e+00,2.148839e+00,-1.261021e+00,-6.370824e+00,-5.556626e-01
1.399914e+00,1.359984e+00,-3.302950e+00,4.610001e+00,4.785302e-01,2.465304e+00,-7.645816e-01,7.902582e-01,-3.306398e+00,3.327192e+00
-3.385448e-01,1.035443e+00,1.031621e+00,1.125019e+00,1.544014e+00,2.699680e+00,2.789613e-01,-7.361103e-01,-1.481280e+00,-5.414815e-01
1.099100e+00,2.009644e+00,-3.516043e+00,-2.070714e-01,-2.198877e-02,-9.657146e-01,1.299990e-01,-1.658857e+00,-1.844572e+00,3.844998e+00
-1.797342e+00,2.968315e+00,3.942280e+00,-4.881352e-01,-4.721313e-01,2.401273e+00,-4.574965e-01,2.883108e-01,-6.016486e+00,-4.200543e+00
-2.874089e+00,-2.374565e+00,-5.669068e-01,-5.410001e-01,1.433994e+00,-3.255651e+00,-4.474565e-01,-8.398699e-01,3.182370e+00,6.575445e-01
