-3.583700e+00,-7.718740e+00,-2.138257e+00,-1.224101e+00,1.301898e+00,1.183307e+00,-2.017092e-01,-1.122827e+00,-4.488414e+00,2.862703e+00
2.458025e+00,-7.842751e-01,2.313988e+00,-2.770971e+00,-1.350534e+00,-4.065220e+00,3.367223e+00,-1.656097e+00,8.913274e-01,2.228220e+00
-1.711890e+00,2.827849e-01,-1.167843e-01,-2.278738e+00,1.726292e+00,-4.989507e+00,2.296750e-01,-8.153390e-01,-4.131576e+00,1.599288e+00
-6.331184e+00,-9.481347e-01,8.723169e-01,3.365004e+00,-6.710767e-01,-3.690482e+00,-8.673766e-01,-1.479561e+00,-1.895750e+00,-7.566782e-01
8.774960e-01,-4.321035e+00,-1.872548e+00,-4.339413e+00,-2.327603e+00,-1.589516e+00,2.150039e+00,-1.259880e+00,1.371696e+00,-1.407744e+00
1.400802e+00,1.356812e+00,4.442531e+00,4.620648e+00,4.810784e-01,1.688907e+00,-7.643607e-01,7.903953e-01,-2.771426e+00,-1.328471e+00
-3.367677e-01,1.034285e+00,1.997814e-01,1.118967e+00,1.541865e+00,1.724682e-01,2.813226e-01,-7.371209e-01,-1.438841e+00,2.761968e+00
1.098338e+00,2.013351e+00,-1.741335e-01,-2.071244e-01,-2.162904e-02,1.279413e+00,1.302030e-01,-1.657229e+00,5.447997e+00,8.162257e-01
-1.797506e+00,2.972815e+00,3.701772e+00,-4.944375e-01,-4.743166e-01,-1.472682e+00,-4.590590e-01,2.876888e-01,-2.205001e+00,2.043072e-01
-2.873365e+00,-2.377892e+00,2.139671e+00,-5.309847e-01,1.437581e+00,8.588720e-01,-4.482094e-01,-8.393147e-01,-1.574086e-01,9.165567e-01
