-3.583996e+00,-7.721915e+00,9.716751e-01,-1.233945e+00,1.301588e+00,-1.362483e+00,-1.994639e-01,-1.124226e+00,-3.425244e-02,-1.970840e-01
2.457621e+00,-7.805057e-01,4.318328e+00,-2.765895e+00,-1.350254e+00,6.211157e+00,3.367946e+00,-1.657494e+00,4.353594e-01,4.032453e+00
-1.711354e+00,2.852396e-01,4.726955e+00,-2.277792e+00,1.725873e+00,3.438647e-01,2.307971e-01,-8.128859e-01,4.557491e-01,-1.069407e+00
-6.326884e+00,-9.258192e-01,-1.488142e+00,3.370870e+00,-6.720996e-01,-4.147628e+00,-8.677764e-01,-1.481952e+00,3.267646e-01,2.428454e+00
8.733152e-01,-4.319404e+00,1.594262e-02,-4.342512e+00,-2.328437e+00,-7.022891e-01,2.149064e+00,-1.264556e+00,-1.642345e+00,-4.116045e+00
1.398663e+00,1.359717e+00,3.104036e+00,4.615290e+00,4.800373e-01,2.045409e+00,-7.639361e-01,7.862495e-01,-1.058807e+00,-1.526675e-01
-3.413735e-01,1.034666e+00,5.624424e-01,1.114827e+00,1.541291e+00,-3.578115e-01,2.813807e-01,-7.338565e-01,-1.957556e+00,2.160286e+00
1.095649e+00,2.017297e+00,1.993100e+00,-2.126664e-01,-2.300578e-02,-2.867680e+00,1.312101e-01,-1.662367e+00,1.753769e+00,-3.097887e+00
-1.800065e+00,2.973854e+00,-1.517277e+00,-4.839937e-01,-4.722432e-01,2.720248e-01,-4.585698e-01,2.887104e-01,1.256873e+00,2.240587e+00
-2.877831e+00,-2.379317e+00,3.660023e+00,-5.417637e-01,1.435530e+00,-1.653173e+00,-4.483569e-01,-8.415209e-01,-3.656642e+00,2.405485e+00
