-3.584308e+00,-7.717620e+00,-5.499529e-02,-1.227901e+00,1.303058e+00,-8.346978e-01,-1.993872e-01,-1.125397e+00,1.249045e+00,-3.178692e-01
2.469103e+00,-7.888811e-01,-2.134443e+00,-2.764498e+00,-1.350116e+00,-3.294364e+00,3.366313e+00,-1.655481e+00,1.109776e+00,8.052835e-01
-1.708554e+00,2.824579e-01,2.675267e+00,-2.298408e+00,1.726559e+00,2.064075e-01,2.310197e-01,-8.132290e-01,-2.926567e+00,-5.046517e+00
-6.323100e+00,-9.221702e-01,-3.022257e+00,3.366765e+00,-6.722167e-01,-1.506712e-01,-8.662135e-01,-1.474390e+00,-3.107843e-01,5.954576e-01
8.718305e-01,-4.317826e+00,-2.171125e+00,-4.343652e+00,-2.328295e+00,-6.300519e+00,2.145976e+00,-1.263488e+00,2.783983e+00,5.038080e+00
1.399211e+00,1.361481e+00,-2.395727e+00,4.616448e+00,4.816434e-01,4.154491e+00,-7.642432e-01,7.885271e-01,6.231662e-01,3.732342e+00
-3.379319e-01,1.036351e+00,3.204731e-01,1.121794e+00,1.544325e+00,5.605261e-01,2.798970e-01,-7.349170e-01,-1.157665e+00,-5.963413e-02
1.096609e+00,2.015000e+00,-5.390798e-01,-2.161993e-01,-2.056336e-02,-4.350982e+00,1.310665e-01,-1.659597e+00,-6.959968e-02,-7.044859e-01
-1.795226e+00,2.966605e+00,-8.557114e-01,-4.969108e-01,-4.708550e-01,3.362454e+00,-4.587681e-01,2.885605e-01,2.194044e+00,2.052008e+00
-2.875450e+00,-2.379635e+00,-3.850965e+00,-5.387402e-01,1.436121e+00,-2.073509e+00,-4.479032e-01,-8.382797e-01,2.542848e+00,1.545600e+00
