-3.582861e+00,-7.724333e+00,-1.674039e+00,-1.220864e+00,1.302538e+00,1.094533e+00,-1.999386e-01,-1.125051e+00,-4.069119e+00,1.068357e+00
2.459074e+00,-7.868815e-01,-9.163129e-01,-2.765500e+00,-1.351804e+00,1.003612e-01,3.367488e+00,-1.659617e+00,3.540566e+00,2.332294e+00
-1.708598e+00,2.865661e-01,2.122000e+00,-2.285421e+00,1.723759e+00,8.615476e-02,2.303995e-01,-8.119412e-01,1.081784e+00,1.319439e+00
-6.320780e+00,-9.140261e-01,2.858842e+00,3.375760e+00,-6.713176e-01,4.110164e+00,-8.689333e-01,-1.474372e+00,2.364591e+00,-4.836418e-01
8.719939e-01,-4.318900e+00,1.875215e+00,-4.346305e+00,-2.328495e+00,-1.174022e-01,2.148771e+00,-1.263639e+00,5.589039e+00,-2.160877e-01
1.398186e+00,1.361618e+00,2.195060e+00,4.619583e+00,4.802739e-01,-3.919201e-01,-7.643008e-01,7.892363e-01,2.295491e+00,-3.315446e+00
-3.409575e-01,1.031251e+00,-1.986312e+00,1.117887e+00,1.542076e+00,-2.170172e-01,2.808750e-01,-7.341734e-01,-3.023807e+00,-8.045331e-01
1.095542e+00,2.014450e+00,1.664381e+00,-2.088247e-01,-2.090799e-02,-1.918577e+00,1.300468e-01,-1.661705e+00,-4.616684e-01,1.807428e+00
-1.792970e+00,2.967884e+00,5.268550e-01,-4.849706e-01,-4.749288e-01,-1.969626e+00,-4.597957e-01,2.893311e-01,-1.657652e+00,3.243889e+00
-2.876091e+00,-2.376985e+00,-2.851949e+00,-5.451003e-01,1.434135e+00,1.639921e+00,-4.477637e-01,-8.401454e-01,4.245298e+00,3.012787e+00
