-3.583787e+00,-7.712898e+00,3.430301e+00,-1.218690e+00,1.302225e+00,-1.543396e+00,-1.996107e-01,-1.121236e+00,-1.959105e+00,5.637818e-01
2.459303e+00,-7.751079e-01,-2.068357e+00,-2.768115e+00,-1.349526e+00,-2.242367e+00,3.367187e+00,-1.658834e+00,2.759016e+00,-4.939652e+00
-1.711621e+00,2.818639e-01,-1.049040e+00,-2.286555e+00,1.725806e+00,2.597101e+00,2.293859e-01,-8.118087e-01,-1.132937e+00,6.535826e-01
-6.328009e+00,-9.188066e-01,-1.771885e+00,3.369431e+00,-6.702990e-01,1.516943e+00,-8.684979e-01,-1.477628e+00,-1.386467e+00,-2.634920e+00
8.748557e-01,-4.315806e+00,2.612209e-01,-4.343106e+00,-2.329409e+00,1.127946e+00,2.149667e+00,-1.262688e+00,1.773782e+00,4.590205e-01
1.397760e+00,1.358796e+00,2.114195e+00,4.614617e+00,4.797019e-01,1.000683e+00,-7.643990e-01,7.883199e-01,-3.823885e+00,1.194044e+00
-3.401081e-01,1.031678e+00,1.231556e+00,1.129446e+00,1.543793e+00,-2.815930e+00,2.801289e-01,-7.342440e-01,-8.095481e-01,-2.320499e+00
1.100180e+00,2.012221e+00,3.249739e+00,-2.135955e-01,-2.174157e-02,8.151244e-01,1.304255e-01,-1.658960e+00,-3.347077e+00,-4.218733e+00
-1.797002e+00,2.972618e+00,-3.526008e+00,-4.724956e-01,-4.739244e-01,3.757277e+00,-4.583583e-01,2.863566e-01,2.969510e-01,-2.884113e+00
-2.875255e+00,-2.378764e+00,-2.033645e+00,-5.358816e-01,1.438036e+00,2.343212e+00,-4.474347e-01,-8.404072e-01,2.839970e+00,-5.440949e+00
