-3.582959e+00,-7.720614e+00,5.481574e-01,-1.223758e+00,1.303770e+00,-1.289020e+00,-1.999844e-01,-1.121974e+00,4.087686e+00,-7.576776e+00
2.462244e+00,-7.801452e-01,1.040671e+00,-2.759971e+00,-1.351033e+00,2.325135e+00,3.367272e+00,-1.655165e+00,-3.228510e+00,-2.684551e+00
-1.709593e+00,2.807169e-01,-3.479110e+00,-2.274266e+00,1.725242e+00,3.585078e+00,2.297828e-01,-8.135138e-01,-4.607859e+00,-1.459389e-01
-6.334864e+00,-9.225015e-01,-2.414217e+00,3.368662e+00,-6.701969e-01,2.204171e-01,-8.660734e-01,-1.488896e+00,-3.270445e+00,5.465662e-01
8.702981e-01,-4.324446e+00,-9.394189e-01,-4.345595e+00,-2.329610e+00,8.605240e-01,2.149438e+00,-1.261147e+00,-2.077629e-01,-2.515847e+00
1.401190e+00,1.362142e+00,-4.899369e-01,4.614495e+00,4.797737e-01,-1.576883e+00,-7.641864e-01,7.880057e-01,3.962349e+00,-3.809309e+00
-3.368418e-01,1.033914e+00,-3.339990e+00,1.119417e+00,1.543500e+00,1.608277e-03,2.825656e-01,-7.353365e-01,2.548025e+00,3.791831e+00
1.100906e+00,2.012955e+00,-2.241407e+00,-2.104902e-01,-2.092596e-02,1.555915e-01,1.316178e-01,-1.662774e+00,-2.146131e+00,3.050735e+00
-1.798559e+00,2.977537e+00,3.321437e+00,-4.905905e-01,-4.725853e-01,1.329119e+00,-4.592228e-01,2.874663e-01,-1.419951e+00,3.861993e-01
-2.872877e+00,-2.374167e+00,-1.277805e+00,-5.330858e-01,1.437827e+00,-2.510091e-01,-4.472394e-01,-8.413813e-01,-1.241236e+00,-3.005889e-01
