-3.584222e+00,-7.719756e+00,-2.730499e-01,-1.234367e+00,1.302178e+00,5.479153e+00,-2.008663e-01,-1.121600e+00,5.546419e-02,2.874300e-01
2.458904e+00,-7.810501e-01,-2.231299e-01,-2.771768e+00,-1.350848e+00,-1.282208e+00,3.366259e+00,-1.655413e+00,-4.679339e+00,1.710831e+00
-1.710970e+00,2.787953e-01,5.755093e-01,-2.284803e+00,1.724892e+00,5.349791e+00,2.308553e-01,-8.127232e-01,1.658732e-01,1.414913e+00
-6.323653e+00,-9.563008e-01,-5.168676e+00,3.374110e+00,-6.729787e-01,-1.525565e+00,-8.664364e-01,-1.483814e+00,-1.051586e+00,-1.799715e+00
8.782234e-01,-4.323476e+00,-2.763878e+00,-4.344590e+00,-2.327894e+00,1.608499e+00,2.147694e+00,-1.264206e+00,-8.222249e-01,-6.701343e-01
1.400998e+00,1.361195e+00,-2.869740e-02,4.613189e+00,4.793856e-01,4.859896e+00,-7.630763e-01,7.879099e-01,1.317125e+00,-8.825762e-01
-3.350956e-01,1.032265e+00,-4.060804e-01,1.128670e+00,1.544231e+00,4.031264e-01,2.805620e-01,-7.355179e-01,6.771491e+00,-5.654164e+00
1.096814e+00,2.009725e+00,-1.767585e+00,-2.051986e-01,-1.783274e-02,-1.708594e+00,1.311728e-01,-1.663094e+00,-5.144118e+00,7.401966e-01
-1.794770e+00,2.971736e+00,-3.183506e+00,-4.798917e-01,-4.754878e-01,1.221540e+00,-4.591602e-01,2.897211e-01,-4.084564e-01,-1.274611e+00
-2.875170e+00,-2.381631e+00,-1.721389e+00,-5.429120e-01,1.436759e+00,-8.132901e-01,-4.481000e-01,-8.370832e-01,4.566877e-01,-2.215554e+00
