-3.581401e+00,-7.720463e+00,-3.897650e+00,-1.223037e+00,1.301158e+00,9.552698e-01,-1.989029e-01,-1.124535e+00,-1.523423e+00,1.736463e+00
2.466972e+00,-7.859894e-01,5.521699e+00,-2.766936e+00,-1.348668e+00,9.677745e-01,3.367250e+00,-1.656578e+00,1.159415e+00,1.155612e+00
-1.708297e+00,2.821615e-01,-4.177172e+00,-2.287808e+00,1.724326e+00,1.718854e+00,2.303637e-01,-8.131490e-01,8.573916e-01,-9.860646e-01
-6.321739e+00,-9.332989e-01,-6.248954e-01,3.374659e+00,-6.701270e-01,1.346604e+00,-8.677082e-01,-1.469827e+00,6.577762e+00,7.402729e-01
8.757446e-01,-4.326789e+00,-1.730755e+00,-4.340134e+00,-2.329677e+00,1.822016e+00,2.149184e+00,-1.261583e+00,-3.405939e+00,6.349640e+00
1.396525e+00,1.364752e+00,-1.000658e+00,4.618440e+00,4.789243e-01,-3.302454e+00,-7.631707e-01,7.919685e-01,-1.292075e+00,-9.851339e-01
-3.407781e-01,1.039349e+00,3.194290e+00,1.125777e+00,1.542219e+00,1.278227e+00,2.823407e-01,-7.360721e-01,-7.482853e-01,3.025531e-01
1.097641e+00,2.012084e+00,2.464885e-01,-1.974560e-01,-2.024283e-02,-1.112906e+00,1.294358e-01,-1.658238e+00,-2.484634e+00,2.023735e+00
-1.801098e+00,2.973038e+00,2.450371e+00,-4.894438e-01,-4.745725e-01,6.387994e+00,-4.590808e-01,2.858842e-01,1.654685e+00,3.593897e+00
-2.873779e+00,-2.382279e+00,4.210379e+00,-5.392517e-01,1.435681e+00,5.439208e-01,-4.476955e-01,-8.397993e-01,1.529614e+00,-1.426532e+00
