-3.587439e+00,-7.725237e+00,-3.873254e-01,-1.226875e+00,1.303316e+00,1.861960e+00,-2.012972e-01,-1.122291e+00,-3.930713e+00,3.102878e+00
2.461550e+00,-7.822291e-01,-6.247765e-01,-2.769785e+00,-1.350997e+00,-2.768139e+00,3.367707e+00,-1.655054e+00,-2.051062e+00,2.336888e-02
-1.714147e+00,2.853898e-01,1.910662e+00,-2.287349e+00,1.726289e+00,-4.303698e+00,2.309861e-01,-8.105013e-01,2.074638e+00,-2.629776e+00
-6.337471e+00,-9.082245e-01,2.156784e-01,3.361153e+00,-6.716017e-01,-1.426607e+00,-8.674462e-01,-1.472615e+00,-3.066973e+00,-1.349909e+00
8.779984e-01,-4.322765e+00,-3.469301e+00,-4.337267e+00,-2.332124e+00,6.458499e-01,2.150913e+00,-1.260413e+00,4.061309e-01,-1.102518e+00
1.401601e+00,1.359232e+00,8.135909e-01,4.612460e+00,4.792595e-01,-2.851173e+00,-7.638832e-01,7.893594e-01,3.807208e-01,-2.625880e+00
-3.342100e-01,1.030764e+00,-6.054743e-01,1.109317e+00,1.543207e+00,-1.474909e+00,2.808916e-01,-7.340349e-01,4.945571e+00,9.262947e-01
1.094866e+00,2.006372e+00,-3.192020e+00,-2.109834e-01,-2.245775e-02,-3.626211e+00,1.307313e-01,-1.659826e+00,-8.095244e-01,-3.325391e+00
-1.797954e+00,2.974683e+00,-9.509581e-01,-4.911205e-01,-4.752355e-01,5.093304e-01,-4.594505e-01,2.870767e-01,2.908678e+00,-1.246162e-01
-2.876239e+00,-2.382533e+00,6.035254e+00,-5.380102e-01,1.435493e+00,-1.054532e+00,-4.475205e-01,-8.447403e-01,2.387965e+00,-2.702508e+00
