-3.580607e+00,-7.717180e+00,-2.663662e+00,-1.225798e+00,1.303920e+00,2.293046e+00,-2.006564e-01,-1.119641e+00,-5.838292e+00,-4.211210e-02
2.463160e+00,-7.814546e-01,-3.275463e+00,-2.768749e+00,-1.352307e+00,1.507730e+00,3.367667e+00,-1.657025e+00,4.262951e+00,-1.688333e+00
-1.709134e+00,2.815149e-01,2.333121e+00,-2.282107e+00,1.727272e+00,-1.717099e-02,2.300996e-01,-8.097952e-01,5.181347e+00,-2.298922e+00
-6.332508e+00,-9.515630e-01,1.639779e+00,3.369078e+00,-6.710671e-01,4.941743e+00,-8.659828e-01,-1.477385e+00,-7.763749e-01,-1.544765e+00
8.795754e-01,-4.320315e+00,-1.236135e-02,-4.340025e+00,-2.327882e+00,1.998579e+00,2.150758e+00,-1.262341e+00,2.421642e+00,6.899681e-01
1.397849e+00,1.360305e+00,-3.916576e+00,4.611847e+00,4.783779e-01,-7.971871e-01,-7.630208e-01,7.897588e-01,-7.591938e+00,2.724711e+00
-3.405488e-01,1.033931e+00,8.396076e-01,1.120503e+00,1.543258e+00,-5.241574e+00,2.805130e-01,-7.346026e-01,1.254040e+00,-9.022461e-01
1.100958e+00,2.015719e+00,-1.402865e+00,-2.110963e-01,-2.114597e-02,1.899746e-01,1.291073e-01,-1.659366e+00,6.548842e-01,4.877287e-01
-1.797364e+00,2.972004e+00,-1.414911e+00,-4.897263e-01,-4.737705e-01,1.559510e+00,-4.586984e-01,2.894623e-01,1.965798e+00,-2.260464e+00
-2.873519e+00,-2.379095e+00,-6.915690e-02,-5.402518e-01,1.435906e+00,4.740366e+00,-4.478861e-01,-8.408967e-01,9.726799e-01,-4.392682e-01
