-3.583156e+00,-7.723030e+00,1.061832e+00,-1.226507e+00,1.301415e+00,-2.630488e-02,-2.006119e-01,-1.123428e+00,-1.768714e+00,2.545598e+00
2.459595e+00,-7.761024e-01,1.584422e+00,-2.772887e+00,-1.349938e+00,-5.588429e+00,3.367564e+00,-1.658162e+00,1.702173e+00,9.620795e-01
-1.709956e+00,2.810053e-01,-2.752404e+00,-2.285916e+00,1.727442e+00,4.816120e+00,2.302887e-01,-8.141587e-01,1.717460e+00,1.858866e+00
-6.333064e+00,-9.298714e-01,-2.278666e+00,3.371530e+00,-6.709931e-01,1.044776e-01,-8.680553e-01,-1.477858e+00,4.445874e-01,9.525814e-01
8.765098e-01,-4.321087e+00,3.131048e+00,-4.355886e+00,-2.329092e+00,1.355234e+00,2.149690e+00,-1.263222e+00,-2.078166e+00,4.688662e-01
1.397201e+00,1.360521e+00,-6.298254e+00,4.620949e+00,4.775390e-01,-3.635306e+00,-7.636274e-01,7.896768e-01,1.943637e+00,-1.989423e+00
-3.372248e-01,1.033083e+00,-2.890852e+00,1.122139e+00,1.543765e+00,1.457720e+00,2.807040e-01,-7.318233e-01,1.191638e+00,-6.723811e-01
1.098100e+00,2.014669e+00,6.944823e-01,-2.097472e-01,-2.155453e-02,-8.005311e-01,1.309344e-01,-1.659941e+00,5.624799e-01,-1.044851e+00
-1.798646e+00,2.975693e+00,3.063418e+00,-4.861877e-01,-4.743679e-01,3.124743e+00,-4.584566e-01,2.866650e-01,-2.918644e+00,7.634839e-01
-2.872798e+00,-2.377423e+00,-7.637167e-01,-5.433426e-01,1.436672e+00,3.216038e+00,-4.471911e-01,-8.441962e-01,2.860393e-01,3.740008e-01
