-3.587147e+00,-7.717996e+00,-1.522027e+00,-1.224529e+00,1.303499e+00,3.672327e-01,-2.000283e-01,-1.120954e+00,2.380419e+00,-2.087924e+00
2.460625e+00,-7.865748e-01,-4.531027e+00,-2.763954e+00,-1.351129e+00,-2.482510e+00,3.366784e+00,-1.657325e+00,-2.268510e+00,-1.969961e+00
-1.710594e+00,2.833839e-01,1.649593e+00,-2.278374e+00,1.725512e+00,-1.019697e+00,2.313770e-01,-8.116406e-01,6.279170e-01,1.978174e+00
-6.333935e+00,-9.267154e-01,-3.493953e+00,3.366047e+00,-6.708278e-01,3.545823e+00,-8.699666e-01,-1.476951e+00,-2.842450e+00,-3.945720e+00
8.767614e-01,-4.314269e+00,-8.915581e-01,-4.352283e+00,-2.330348e+00,2.322471e+00,2.150184e+00,-1.259039e+00,3.436095e+00,-2.714747e+00
1.400534e+00,1.359563e+00,-2.245062e+00,4.608324e+00,4.809771e-01,1.607036e-01,-7.635789e-01,7.905545e-01,2.514018e+00,-2.119209e+00
-3.392425e-01,1.031585e+00,2.466426e+00,1.122698e+00,1.544716e+00,3.115795e+00,2.804690e-01,-7.331763e-01,-1.883998e+00,2.284886e+00
1.100519e+00,2.011111e+00,2.318326e+00,-2.082028e-01,-2.046582e-02,1.374400e+00,1.313734e-01,-1.660639e+00,1.049732e+00,1.062407e+00
-1.797993e+00,2.973280e+00,2.728885e+00,-4.950961e-01,-4.751865e-01,-4.369938e+00,-4.589333e-01,2.868174e-01,-1.545585e+00,-6.386527e-01
-2.874512e+00,-2.371284e+00,3.585907e-01,-5.373431e-01,1.437014e+00,-1.296886e+00,-4.485199e-01,-8.386478e-01,-9.696314e-01,-2.598790e+00
