-3.585752e+00,-7.718214e+00,-3.036688e+00,-1.227044e+00,1.302908e+00,8.255161e-01,-1.987869e-01,-1.120856e+00,-1.017323e+00,-7.007393e-01
2.459995e+00,-7.809716e-01,-4.808971e-01,-2.764016e+00,-1.350029e+00,6.845779e-01,3.367531e+00,-1.659046e+00,-1.382617e+00,3.514754e+00
-1.713167e+00,2.879722e-01,1.490364e+00,-2.284185e+00,1.725319e+00,3.659388e+00,2.305164e-01,-8.118702e-01,-4.492698e-01,-2.122430e+00
-6.328550e+00,-9.151895e-01,7.430656e-01,3.381449e+00,-6.714927e-01,1.128395e+00,-8.665190e-01,-1.479075e+00,-3.681929e+00,-9.642513e-01
8.740480e-01,-4.318643e+00,-2.972214e+00,-4.360796e+00,-2.328010e+00,2.536388e+00,2.148537e+00,-1.265696e+00,-2.870610e+00,-2.343583e+00
1.398934e+00,1.360785e+00,9.773499e-01,4.608603e+00,4.808972e-01,-9.352754e-01,-7.652692e-01,7.875766e-01,7.547492e-01,2.237031e+00
-3.336521e-01,1.038602e+00,7.564693e-01,1.127459e+00,1.542916e+00,-3.558696e+00,2.812537e-01,-7.357134e-01,-2.770315e-01,-1.977593e+00
1.097394e+00,2.013692e+00,2.643063e+00,-2.068409e-01,-1.997130e-02,-6.524139e+00,1.302415e-01,-1.659202e+00,-1.138782e+00,4.146108e+00
-1.797108e+00,2.976356e+00,-7.071102e+00,-4.967930e-01,-4.724022e-01,1.721076e+00,-4.580910e-01,2.840164e-01,9.536504e-01,-7.569291e-01
-2.876439e+00,-2.380153e+00,-7.542073e+00,-5.425158e-01,1.434768e+00,3.750772e+00,-4.474003e-01,-8.439295e-01,-4.678907e+00,-2.076273e+00
