-3.583108e+00,-7.719959e+00,1.937914e+00,-1.231661e+00,1.301977e+00,-1.742203e+00,-2.008339e-01,-1.121718e+00,-2.182449e+00,2.156714e+00
2.461158e+00,-7.797097e-01,-1.934471e+00,-2.763448e+00,-1.351401e+00,4.176161e+00,3.367460e+00,-1.658430e+00,1.983192e+00,-1.516461e+00
-1.709852e+00,2.843926e-01,-2.023711e+00,-2.280272e+00,1.726532e+00,-1.676958e+00,2.311898e-01,-8.108171e-01,-8.074401e-01,4.801436e+00
-6.328652e+00,-9.356857e-01,2.451486e-01,3.376784e+00,-6.698858e-01,7.125951e-01,-8.669955e-01,-1.478142e+00,2.172381e+00,2.670280e+00
8.741265e-01,-4.316240e+00,2.165027e+00,-4.347521e+00,-2.330946e+00,5.092450e+00,2.148981e+00,-1.263450e+00,3.281355e+00,1.279774e+00
1.402243e+00,1.357792e+00,1.468462e+00,4.619143e+00,4.822763e-01,-4.820965e+00,-7.637870e-01,7.887240e-01,3.673954e+00,-1.154905e+00
-3.364946e-01,1.032745e+00,-1.165537e+00,1.126753e+00,1.546422e+00,2.902878e+00,2.809983e-01,-7.332304e-01,3.074823e-02,-1.566800e+00
1.101311e+00,2.015767e+00,3.569096e-01,-2.026863e-01,-2.073066e-02,1.751479e+00,1.295104e-01,-1.660067e+00,1.290254e+00,5.772844e-01
-1.799858e+00,2.969413e+00,2.152515e+00,-4.888013e-01,-4.738418e-01,-2.768589e-01,-4.592686e-01,2.886627e-01,2.731614e-01,5.551745e+00
-2.876873e+00,-2.377259e+00,1.227070e+00,-5.382351e-01,1.438173e+00,2.157387e+00,-4.472565e-01,-8.389312e-01,-5.510905e-01,4.135493e+00
