-3.581961e+00,-7.723280e+00,-7.730746e-01,-1.226035e+00,1.302557e+00,-5.601454e+00,-2.004646e-01,-1.122942e+00,-2.679281e+00,-2.991527e+00
2.461921e+00,-7.825590e-01,-2.542107e+00,-2.777379e+00,-1.350198e+00,-1.997607e+00,3.368037e+00,-1.655801e+00,1.303557e+00,-9.509283e-02
-1.706069e+00,2.835990e-01,-5.568669e-01,-2.284642e+00,1.723964e+00,1.898106e+00,2.310430e-01,-8.138712e-01,-1.741772e-01,3.469797e+00
-6.324189e+00,-9.171071e-01,4.587646e-01,3.362663e+00,-6.718935e-01,-1.267294e+00,-8.693591e-01,-1.472199e+00,2.164695e-02,1.307883e+00
8.730727e-01,-4.318038e+00,4.538543e+00,-4.338675e+00,-2.331188e+00,-3.832071e+00,2.148700e+00,-1.264789e+00,-1.392155e+00,2.865682e+00
1.399064e+00,1.358615e+00,3.692138e+00,4.619994e+00,4.795613e-01,4.208008e-01,-7.641526e-01,7.910992e-01,1.654977e+00,-1.836574e+00
-3.400673e-01,1.027231e+00,-9.932816e-01,1.123250e+00,1.543379e+00,-1.058678e+00,2.814475e-01,-7.336259e-01,-7.519830e+00,7.291340e-01
1.097203e+00,2.012731e+00,-1.955395e+00,-2.077413e-01,-1.969368e-02,2.081090e+00,1.307776e-01,-1.660481e+00,-5.347578e+00,3.105924e-01
-1.795664e+00,2.973622e+00,-3.849067e+00,-4.875976e-01,-4.742399e-01,-5.888648e+00,-4.588807e-01,2.864876e-01,3.476514e+00,-2.456342e-01
-2.875331e+00,-2.375529e+00,1.882846e+00,-5.377329e-01,1.436475e+00,-9.152393e-01,-4.468218e-01,-8.428561e-01,2.053787e+00,2.017676e+00
