-3.579976e+00,-7.720733e+00,-1.424097e+00,-1.222584e+00,1.305325e+00,-1.028220e+00,-1.994400e-01,-1.123298e+00,1.585189e+00,1.355933e+00
2.457761e+00,-7.845818e-01,1.913539e+00,-2.765243e+00,-1.350649e+00,8.125832e-01,3.367084e+00,-1.658022e+00,4.587159e+00,-1.278312e+00
-1.707261e+00,2.783168e-01,-7.061557e-01,-2.279857e+00,1.723596e+00,1.109079e+00,2.319175e-01,-8.123256e-01,1.965666e-02,9.737650e-01
-6.333503e+00,-9.387870e-01,-9.072608e-01,3.370486e+00,-6.714347e-01,1.614946e+00,-8.666883e-01,-1.471704e+00,-2.449405e+00,1.653354e+00
8.755388e-01,-4.318426e+00,-6.027970e+00,-4.345065e+00,-2.329047e+00,3.174992e-01,2.147945e+00,-1.260716e+00,-5.014024e+00,-8.337916e-01
1.399271e+00,1.358387e+00,7.244513e-01,4.616926e+00,4.813296e-01,2.726731e-01,-7.644798e-01,7.890400e-01,1.487659e+00,1.059066e+00
-3.394310e-01,1.041481e+00,2.321356e+00,1.117584e+00,1.542670e+00,-1.955353e+00,2.806300e-01,-7.315625e-01,1.462591e+00,-2.535543e+00
1.100601e+00,2.010386e+00,1.075113e+00,-2.142833e-01,-2.167260e-02,-2.373674e+00,1.298935e-01,-1.662118e+00,-1.380404e+00,2.846194e+00
-1.796475e+00,2.967386e+00,-4.045696e+00,-4.916238e-01,-4.763690e-01,-1.223497e+00,-4.586718e-01,2.891449e-01,-6.181629e-02,-9.901344e-01
-2.875540e+00,-2.378135e+00,3.405095e+00,-5.369925e-01,1.435014e+00,2.037372e+00,-4.466614e-01,-8.402802e-01,-2.329970e+00,1.158982e+00
