-3.582752e+00,-7.719210e+00,-2.421211e+00,-1.228648e+00,1.299972e+00,-3.164220e+00,-2.000660e-01,-1.123016e+00,-2.461555e-01,-4.646455e+00
2.458381e+00,-7.786402e-01,-1.779732e+00,-2.763289e+00,-1.351231e+00,-4.514878e+00,3.367622e+00,-1.654921e+00,-1.504927e-01,2.882010e+00
-1.710717e+00,2.808503e-01,3.787780e+00,-2.283736e+00,1.728161e+00,-1.916804e+00,2.315801e-01,-8.120610e-01,1.940762e+00,1.709593e+00
-6.329542e+00,-9.341314e-01,4.649256e+00,3.369742e+00,-6.735134e-01,-2.388585e+00,-8.670658e-01,-1.480121e+00,1.465667e+00,-3.972317e-01
8.773292e-01,-4.317712e+00,2.725617e+00,-4.353208e+00,-2.329781e+00,-1.379597e+00,2.149228e+00,-1.262570e+00,-7.664924e-02,-1.930225e+00
1.401814e+00,1.358536e+00,-3.312431e-01,4.616707e+00,4.787371e-01,1.112192e+00,-7.636894e-01,7.870446e-01,-2.520089e+00,1.752540e+00
-3.360799e-01,1.031141e+00,3.014592e+00,1.113303e+00,1.540137e+00,-4.511174e-01,2.792892e-01,-7.332867e-01,4.202797e+00,-3.644318e+00
1.098729e+00,2.012368e+00,1.173109e+00,-2.056901e-01,-2.106999e-02,3.316743e+00,1.303898e-01,-1.658535e+00,8.639394e-02,-4.420030e-01
-1.796836e+00,2.970445e+00,4.461893e+00,-4.821136e-01,-4.740014e-01,1.141208e+00,-4.576089e-01,2.911074e-01,-1.122117e+00,-1.722402e+00
-2.874699e+00,-2.381848e+00,1.020527e+00,-5.422032e-01,1.437399e+00,1.206197e-01,-4.475265e-01,-8.424154e-01,-2.654753e+00,-4.212036e+00
