-3.581311e+00,-7.719346e+00,1.363185e+00,-1.226368e+00,1.302720e+00,-2.218905e+00,-2.005957e-01,-1.123582e+00,-8.825030e-01,-9.249954e-01
2.454105e+00,-7.813472e-01,1.253442e+00,-2.764736e+00,-1.352799e+00,-3.677046e+00,3.367329e+00,-1.657272e+00,2.112589e+00,-2.390441e-01
-1.711581e+00,2.811941e-01,-1.629245e+00,-2.290731e+00,1.725694e+00,1.300125e+00,2.308306e-01,-8.145649e-01,-4.957639e+00,2.301398e+00
-6.334921e+00,-9.161928e-01,2.175165e+00,3.357167e+00,-6.716588e-01,-3.224887e-01,-8.662958e-01,-1.473562e+00,-1.087513e+00,-4.923230e+00
8.762154e-01,-4.321342e+00,2.591572e+00,-4.335440e+00,-2.329927e+00,2.914588e+00,2.149328e+00,-1.261281e+00,-1.097719e+00,6.086122e-03
1.398822e+00,1.357441e+00,1.346438e-01,4.617411e+00,4.782139e-01,9.341387e-01,-7.647707e-01,7.908620e-01,-9.415308e-01,-7.182560e-01
-3.373271e-01,1.037041e+00,-1.135329e+00,1.122463e+00,1.543124e+00,9.572130e-01,2.802479e-01,-7.354669e-01,-4.991009e-01,6.226043e+00
1.097985e+00,2.017206e+00,5.484319e+00,-2.014842e-01,-2.219595e-02,-2.524422e+00,1.286485e-01,-1.659006e+00,1.868454e-01,9.957042e-01
-1.794090e+00,2.972366e+00,-1.386900e-01,-4.842170e-01,-4.757187e-01,2.159699e+00,-4.597624e-01,2.871801e-01,-3.274545e-01,-3.400879e+00
-2.873085e+00,-2.377689e+00,2.039643e+00,-5.400413e-01,1.434832e+00,-4.270828e+00,-4.468723e-01,-8.407765e-01,-1.567739e+00,2.751875e+00
