-3.585928e+00,-7.725731e+00,6.641748e-01,-1.232199e+00,1.303177e+00,-4.135032e+00,-1.992517e-01,-1.122805e+00,-3.147058e+00,2.046449e-01
2.459750e+00,-7.816846e-01,2.360644e-01,-2.762731e+00,-1.351174e+00,-1.815012e+00,3.366532e+00,-1.654331e+00,4.827110e-01,3.088777e+00
-1.714487e+00,2.847274e-01,5.379410e-01,-2.280480e+00,1.724355e+00,-2.208413e+00,2.302103e-01,-8.125694e-01,3.113601e+00,-3.494188e-01
-6.330192e+00,-9.273120e-01,2.309414e+00,3.363875e+00,-6.726462e-01,-1.840957e+00,-8.683382e-01,-1.474714e+00,-4.496832e-01,1.951592e+00
8.752485e-01,-4.323136e+00,-6.012365e-01,-4.349646e+00,-2.328945e+00,-6.054660e-01,2.150382e+00,-1.262439e+00,-2.980654e+00,-3.734250e-01
1.401251e+00,1.357686e+00,-1.530504e+00,4.617334e+00,4.821484e-01,5.828782e+00,-7.645111e-01,7.885870e-01,3.624653e-02,4.748075e+00
-3.386871e-01,1.035257e+00,2.732712e+00,1.114153e+00,1.544113e+00,-1.656644e+00,2.819658e-01,-7.367578e-01,2.816595e+00,-3.147477e+00
1.102021e+00,2.010787e+00,-7.579163e-02,-2.074427e-01,-2.148641e-02,4.336386e+00,1.300855e-01,-1.660139e+00,8.717605e-01,-3.525533e+00
-1.797606e+00,2.971829e+00,1.462297e-01,-4.824487e-01,-4.726866e-01,-1.369256e+00,-4.589820e-01,2.880241e-01,1.230344e-01,4.171894e+00
-2.873898e+00,-2.379926e+00,3.205528e+00,-5.340343e-01,1.436308e+00,-1.481354e+00,-4.494859e-01,-8.411114e-01,-1.628911e+00,2.273999e+00
