-3.584176e+00,-7.721455e+00,-3.543906e+00,-1.211239e+00,1.300715e+00,1.385310e+00,-2.002722e-01,-1.120707e+00,3.187455e+00,2.066222e+00
2.460385e+00,-7.788885e-01,7.216907e-01,-2.772186e+00,-1.351688e+00,1.892830e+00,3.368562e+00,-1.655277e+00,1.469565e+00,-2.822305e+00
-1.712450e+00,2.781356e-01,3.545048e-01,-2.285185e+00,1.726201e+00,2.313131e+00,2.308996e-01,-8.142693e-01,-2.281056e+00,-3.979600e+00
-6.324299e+00,-9.431094e-01,1.284581e+00,3.376416e+00,-6.706215e-01,3.377098e-01,-8.669069e-01,-1.477232e+00,2.926021e+00,-3.398461e-01
8.737009e-01,-4.324127e+00,6.024472e-01,-4.341979e+00,-2.328212e+00,1.876475e-01,2.148898e+00,-1.265928e+00,5.276866e-01,3.160933e+00
1.399614e+00,1.356586e+00,3.891609e-01,4.615766e+00,4.799740e-01,5.092412e-02,-7.637510e-01,7.873638e-01,-2.115603e+00,-1.551316e+00
-3.421635e-01,1.028077e+00,-3.907349e+00,1.123640e+00,1.542345e+00,2.035916e+00,2.817024e-01,-7.321022e-01,-2.324921e+00,-2.121169e+00
1.097877e+00,2.016024e+00,5.062065e+00,-2.077674e-01,-2.264987e-02,-1.555798e+00,1.302840e-01,-1.660331e+00,-1.641878e+00,-1.500106e+00
-1.798317e+00,2.970359e+00,-5.636927e-01,-4.812482e-01,-4.753537e-01,-3.015468e+00,-4.581763e-01,2.859693e-01,3.072953e+00,-1.622494e+00
-2.875006e+00,-2.381472e+00,-2.427088e-01,-5.376170e-01,1.435288e+00,-5.635826e-01,-4.481848e-01,-8.390624e-01,7.979991e-01,3.085327e-01
