   13262915007.994120     
  -39456679444.129677     
   58239519835.888252     
  -81904724810.888199     
   109682138900.60388     
  -334845540689.60596     
   1649163033126.9978     
  -5220748221865.6641     
   7579503683323.3477     
  -4831333241805.5625     
   1373432403600.7224     
  -460565348046.50507     
   345648086801.26605     
  -541380225874.09454     
   1171224482094.2122     
  -2202308321347.7764     
   1692166917073.3372     
   14338571180027.318     
  -273394525883.86389     
   491727918775.48114     
  -210431221607.46594     
   343976585520.11157     
  -965199883331.90833     
   2995232886459.3550     
  -15578510643624.268     
   55373366113336.117     
  -86862762067848.328     
   59489422128490.117     
  -17217173996151.805     
   3505975643162.6616     
  -2511167462542.6743     
   3601588256475.0527     
  -6640056881936.9912     
   13067481698291.990     
  -10386296683786.145     
  -81062011191633.141     
   1589017672962.5776     
  -2225131200085.2524     
  -916199223902.96619     
   1622277706735.2756     
   1008584652374.8209     
  -4168149039269.2744     
   26408361368815.125     
  -120298958008390.09     
   214771065912227.78     
  -161939939654678.06     
   51018147485496.492     
  -7756971586213.5566     
   2284758635601.5303     
  -4474647364787.3545     
   9809049273502.0352     
  -20032599191039.801     
   16100590358055.781     
   105407388349645.22     
  -1546883628881.1367     
  -4473401640810.0596     
   18932997229193.961     
  -19161575533240.504     
   7900232365848.5332     
  -8229672601222.7568     
   7226675839606.0117     
   84771823588048.406     
  -230104389292824.81     
   209786421967967.03     
  -76534366228360.578     
   10942212774235.826     
   2694193512372.6143     
  -2368079466740.0317     
  -5329291830389.3965     
   17211016470947.445     
  -14230418260079.326     
  -35562903281427.172     
  -26869382295117.719     
   102912088908384.14     
  -157407353693233.69     
   124824126813840.89     
  -61638387425985.828     
   51939223739711.328     
  -93578126832499.719     
   72620002733535.734     
   72739750636926.719     
  -142984350444524.62     
   69191441295100.180     
  -10751435227480.492     
  -5097244732385.6494     
   6855135679195.6230     
   2001416496771.1023     
  -16263480908665.611     
   14014671016668.883     
   16067590094955.166     
   118034514543792.81     
  -402712016069506.69     
   562108646788098.19     
  -430377552136594.38     
   217443610422296.31     
  -148430194734889.66     
   223016211157655.09     
  -317465381719853.44     
   240850760998199.28     
  -52997160237617.758     
  -10447419706165.195     
  -4233733592133.2534     
   15834501545057.846     
  -19193822097959.797     
   6821922799804.3760     
   7615849433383.5488     
  -6956247407142.0381     
  -110595961045805.92     
  -709180716556696.75     
   2458920644841288.5     
  -3509342052325745.0     
   2759611088524951.5     
  -1431795289652053.8     
   947304494704569.25     
  -1285016864845857.0     
   2180018159562430.2     
  -2698290910611281.0     
   1754591439594681.8     
  -585562845373694.62     
   171808756711221.97     
  -153094002238455.69     
   208725013286831.09     
  -147129811035326.47     
   76782468854757.156     
  -47216723630560.859     
   2491464363445554.0     
   1548947939361042.5     
  -5447703273229297.0     
   7826454491454642.0     
  -6121989451756782.0     
   3155637316074674.0     
  -2067791875381652.5     
   2526211483738236.0     
  -4508779126385309.0     
   6644301452849851.0     
  -5007982457988307.0     
   1802009929371133.8     
  -486804266920210.62     
   373687833474447.75     
  -455091696694203.62     
   287654608401196.12     
  -164713509156883.47     
   122509625873293.56     
  -10656242958700718.     
  -1861497718068231.8     
   6560618894345075.0     
  -9297088920755774.0     
   7036818685568828.0     
  -3517778329843474.5     
   2195228008891171.8     
  -2009868882094377.5     
   3789303889979511.0     
  -7413465959358933.0     
   6535007430549363.0     
  -2494540287054361.5     
   672208981340899.50     
  -496591728690950.38     
   456075966816811.88     
  -123790814120565.95     
   17443834161628.943     
  -83023213548528.844     
   21648044759128996.     
   988729577732293.00     
  -3459380402011447.0     
   4807077406550038.0     
  -3513779040365488.5     
   1701264530325099.8     
  -1013561440683094.2     
   621239818507986.62     
  -1138665128774190.5     
   3127982861899357.5     
  -3139240976036759.5     
   1272607050093764.5     
  -371102417577808.50     
   286140397030550.94     
  -193192885814770.19     
  -63388745981741.703     
   117064883634417.95     
  -12489145395461.143     
  -14632780518811130.     
  -79162460515000.281     
   257839600313839.72     
  -331650099841238.38     
   220444670283434.00     
  -102886116550778.75     
   88083715609966.062     
  -69263750951442.055     
  -150656238617074.06     
   417787902900197.31     
  -319153448879711.75     
   57790086693403.781     
   29248807295621.535     
  -34398874108563.242     
  -21531703082770.793     
   92528474390997.891     
  -96044554669084.328     
   40404334366288.688     
   1703118274216793.0     
   22819406252164.164     
  -67306263186458.969     
   85130125119026.312     
  -61215142555411.211     
   33929580662096.047     
  -47547871028663.852     
   75628942219365.016     
   71119411519333.641     
  -347782257834082.94     
   316880167411972.38     
  -83886991135009.547     
  -5796224522425.7783     
   11086775593407.371     
   25269557316121.754     
  -61849411621661.062     
   56985869311584.594     
  -23004953488502.809     
  -482716742865879.12     
  -18666553857.418354     
   65722195411.812248     
  -109464894583.01154     
   148410676517.24203     
  -186715461984.10104     
   553122656583.84436     
  -2626537946559.7944     
   8304442532157.2988     
  -12279527014768.453     
   8002403673074.5078     
  -2291282074684.2285     
   764094594984.84717     
  -666675836433.89453     
   1066846365793.8093     
  -2117722700416.2253     
   3859174518715.0298     
  -2951960278730.9365     
  -25047731869059.285     
   503640726154.46899     
  -965080023980.84729     
   521468000421.04858     
  -674109796758.59839     
   1652983241996.0110     
  -5028797922228.8486     
   25117772805221.207     
  -88857794359781.688     
   141251543381009.22     
  -98357663452530.188     
   28730955919728.227     
  -5759893625152.8682     
   4542836905715.1836     
  -6667477085155.5215     
   11767796386066.201     
  -22782425535379.316     
   18084455695990.609     
   135551811053344.88     
  -3036943911923.3457     
   4643249154127.6973     
   737362671377.63354     
  -2350868731136.5977     
  -1856417928982.5857     
   7133426686335.8965     
  -42394735509388.359     
   193212882519039.88     
  -350108814299379.12     
   267877520865004.47     
  -85029708263719.297     
   12595279608603.812     
  -3940785551400.5288     
   7906422307101.2783     
  -17221917660118.062     
   35325983303908.539     
  -28419376301471.844     
  -153176958803581.44     
   3875804008655.5947     
   4605873150188.3125     
  -29554530455853.801     
   31258623173188.180     
  -12852660408578.863     
   13635325766353.912     
  -14547209099396.619     
  -131909485780956.27     
   372989778323092.56     
  -345097734200090.75     
   125641157717117.17     
  -16625642599422.416     
  -5861481826799.1719     
   4599428608441.5664     
   10902496050490.057     
  -34090548741542.195     
   27877256325435.066     
  -9371715768216.7539     
   42896636912815.008     
  -168398304977541.25     
   261445433478255.31     
  -208093313822868.03     
   102527701596377.20     
  -87448452111534.000     
   161802807482895.12     
  -135944716816715.03     
  -105362445300124.81     
   228533268945926.88     
  -108204929962217.61     
   11780900856148.551     
   16550523146043.795     
  -19803521882866.371     
  -3416297613057.2627     
   36426113931954.438     
  -30465208572665.852     
   56099422257104.195     
  -197075027520475.84     
   675746429502121.38     
  -944113491114379.88     
   719557429628066.12     
  -361806233319691.56     
   249499256025676.50     
  -383408636761514.06     
   556307933181932.69     
  -427464290256336.75     
   102633468456259.50     
   4664081145130.2334     
   22720424646679.387     
  -54309489758678.828     
   70588011896718.484     
  -33179630052604.809     
  -10197647585354.898     
   11162594224598.549     
   167847185320829.34     
   1204887568586303.2     
  -4172746324295884.0     
   5923486699916575.0     
  -4615580847637588.0     
   2379118034052987.5     
  -1584922168912167.8     
   2186653286313604.0     
  -3724964259609252.5     
   4541745999058340.0     
  -2918123329835748.0     
   1013986238052104.2     
  -378431304974728.56     
   447025369915237.06     
  -639536788865055.25     
   460114453661428.75     
  -247820318352826.88     
   153769957154989.12     
  -4243860429327340.5     
  -2651929939067348.0     
   9299791637538890.0     
  -13267310841378342.     
   10270328464653712.     
  -5254040474830365.0     
   3456502206707517.5     
  -4277902993178633.0     
   7572668627030743.0     
  -10894654012101548.     
   8121838342055759.0     
  -3037489709098065.0     
   1022323279865409.9     
  -1057790518676206.0     
   1405434585367128.8     
  -963576061444975.00     
   585307638390747.50     
  -411965734499113.06     
   17485153757662108.     
   3213510294229353.5     
  -11282374352701974.     
   15867017979114522.     
  -11877937748854198.     
   5884734957532827.0     
  -3666004041866511.0     
   3363978105682200.5     
  -6078507887357345.0     
   11574423072838896.     
  -10226281965530858.     
   4128232099593190.0     
  -1389516988035144.2     
   1344155577442620.0     
  -1477113730568225.5     
   729373421447157.88     
  -422229454995942.69     
   428053923410620.56     
  -34981182122410264.     
  -1714628894899959.2     
   5976878017016435.0     
  -8245622726062990.0     
   5963163088868187.0     
  -2858695398286675.0     
   1689532150280347.2     
  -1006608917033323.6     
   1615983865858708.8     
  -4533791355665724.0     
   4715630815229564.0     
  -2089666081859788.8     
   772357319767546.00     
  -747838400522853.50     
   673785238627937.75     
  -141005020847061.44     
   12329612440189.299     
  -142925044080603.66     
   23600271881138972.     
   137396616731968.42     
  -448405920488152.06     
   575213551228489.50     
  -379624284473456.00     
   174811612326340.88     
  -142830382523074.75     
   86648615019151.266     
   378637639440809.38     
  -901614007434564.88     
   640096344728983.75     
  -87903388775054.141     
  -74359756979351.578     
   88020770826066.312     
  -745606197979.12769     
  -128440568351518.67     
   137238236681795.59     
  -49812037145118.859     
  -2819138856780602.5     
  -38973077688738.328     
   116259150455948.48     
  -147062054877390.06     
   104739374019692.53     
  -57106293410203.266     
   76589005628704.703     
  -107958050559717.81     
  -194331956539511.97     
   692248543103306.75     
  -580350003083131.00     
   132205175917122.55     
   21914854215150.977     
  -31542452921859.742     
  -25058083628695.152     
   89004251739892.547     
  -83633166814005.219     
   31232045566393.398     
   823338954740302.62     
   3190306914.4230456     
  -30544888408.954411     
   71594913862.119553     
  -91319759910.681137     
   98929398973.156998     
  -256264491012.92807     
   992794264671.19604     
  -3082715875004.3691     
   4945732504909.4082     
  -3492321805466.9263     
   1005092285845.6840     
  -358230079573.70819     
   509951047884.59125     
  -852238074975.27039     
   1313403878915.5471     
  -2103261098561.2292     
   1581833005280.6553     
   13792088402927.615     
  -306112498157.20209     
   662467608156.93652     
  -490016050836.55048     
   479364704293.79523     
  -896436584826.19824     
   2515751283652.5962     
  -10343683323815.674     
   35532587320043.195     
  -59660811709259.789     
   44086722541127.203     
  -13093756874509.945     
   2523810058653.2339     
  -3024819125865.9395     
   4830098527787.3203     
  -7109637216012.9434     
   12373359922835.559     
  -9727978984142.5410     
  -63080000299513.359     
   2000656659462.0444     
  -3517354421102.0449     
   699120808424.95715     
   660925874878.63318     
   1214772543016.6292     
  -3895369216896.1128     
   17462183122437.752     
  -78936049488773.078     
   151967798121416.97     
  -122664258247405.67     
   39609463322563.727     
  -5126324115276.1777     
   2235680216394.6450     
  -5234784902746.5732     
   10337019801908.525     
  -20150793917382.707     
   16122402923043.645     
   28033838447352.348     
  -3671882213080.1753     
   1668664216789.6804     
   11689882989523.539     
  -14349872370789.373     
   5780248677706.2295     
  -6286331668943.0674     
   11173301405486.371     
   46705590659848.891     
  -159891794160974.38     
   157114371874856.59     
  -56711437911556.047     
   4736311121294.0723     
   6071008555563.1533     
  -4084064066898.5449     
  -8678585031211.8291     
   25787092771336.312     
  -20463061498175.543     
   131250824221061.88     
  -18184315187189.871     
   77416150796414.344     
  -125907372482681.06     
   101514023134815.00     
  -49748218486684.383     
   43924178448427.812     
  -88579740028531.188     
   93678970684442.266     
   19454410799348.648     
  -91419312117362.859     
   39818725101737.148     
   6024317747973.9023     
  -25657904091509.320     
   29505621353148.602     
  -1415249790530.7197     
  -32489002356251.344     
   25967639585241.426     
  -179656969672250.16     
   96192133489441.000     
  -334616910030631.81     
   469335073870741.88     
  -353910747606131.31     
   175897313223054.97     
  -125149314290638.16     
   206098362029150.97     
  -318880891604818.19     
   259397081650640.03     
  -80800409113260.188     
   22653764019225.484     
  -42798102604015.352     
   87067245428922.281     
  -120206534556863.81     
   67097328381893.055     
  -5925378545323.6963     
  -270339747350.56192     
  -36221522080709.359     
  -617086345191053.25     
   2131433278744801.8     
  -2986445259207136.0     
   2273935223589063.0     
  -1152710389082356.8     
   782566917934471.88     
  -1126310414326131.8     
   1936953468664316.5     
  -2277406166604274.0     
   1431303862600754.2     
  -583661615200452.75     
   379400270634353.12     
  -636461526379639.25     
   957103475122741.12     
  -706303404916459.25     
   394456019770718.06     
  -246123732219873.91     
   2126775427337855.2     
   1384457196046121.0     
  -4821550054673782.0     
   6762475916409617.0     
  -5099979418430061.0     
   2558943402450711.5     
  -1698797647762199.2     
   2151291427208191.2     
  -3677383452216311.5     
   4951261094976106.0     
  -3620789004951834.5     
   1596623334965976.2     
  -938311128980581.62     
   1453160576184473.8     
  -2117428580643352.5     
   1570736535510937.0     
  -1003927789225493.4     
   675112066478306.50     
  -7823891774101383.0     
  -1710883860737869.2     
   5953247235503524.0     
  -8221824607311118.0     
   5990480341842576.0     
  -2900507908519243.0     
   1790467874429889.5     
  -1594023169373490.8     
   2402803671910565.5     
  -4258818475313962.5     
   3944983492708067.5     
  -2040681131352609.0     
   1211883728511145.8     
  -1730730763916090.8     
   2294515374955438.5     
  -1572132005942784.2     
   1137945352356205.8     
  -875698324077240.88     
   14862446218233344.     
   922465346175950.00     
  -3187968610040094.5     
   4324137983955947.0     
  -3047340020784399.5     
   1424337994971116.8     
  -817480169428843.75     
   404663738770249.69     
  -230026892806130.53     
   1048726347850124.4     
  -1498442088017686.0     
   1014094445907475.2     
  -666951942069520.75     
   906344326432786.50     
  -1087567243576967.2     
   649797659806516.88     
  -504236402059905.56     
   447046332959028.56     
  -9968172418342352.0     
  -74054414483487.484     
   242714769331355.66     
  -309357600397377.25     
   200608206310989.41     
  -88771876327951.641     
   61720342788019.234     
   6393741936464.9443     
  -396516459226377.56     
   767346117282157.12     
  -465148365788321.06     
   14653628653132.062     
   77261209404223.484     
  -92545722339954.938     
   68126431392551.250     
   9046779838858.4922     
  -17751700882437.781     
  -12703501423077.641     
   1307678914112079.0     
   20234985872082.273     
  -61956738281707.766     
   78363237538256.203     
  -54448778335438.078     
   28088784226067.992     
  -32239640580583.711     
   23030792630770.898     
   218577006678273.41     
  -515903924330913.25     
   354027042388866.38     
  -43067885657813.148     
  -29906795131906.988     
   35324580455796.250     
  -18518817301487.473     
  -15962698684139.164     
   18733900337174.023     
  -1391543929146.7144     
  -419882452071596.69     
   3813444955.6396470     
   3599462318.7028522     
  -24858763353.614155     
   31190184472.626270     
  -29120362593.945789     
   37055578472.130424     
   161020484928.54437     
  -650877385457.38416     
   638712279499.90283     
  -274921271417.49536     
   157205115076.42453     
   21422178051.678555     
  -291184028668.48853     
   506527564773.35425     
  -484030777302.65625     
   467553484435.40533     
  -326358075564.13293     
  -4136011507907.3594     
   88435352879.152756     
  -217925336155.38208     
   196475711811.11679     
  -164417736027.43448     
   274662497826.60336     
  -585440815929.60474     
  -192406385823.47736     
   2414750407272.1733     
  -1285605413937.8013     
  -560468303870.60022     
  -446413223412.83881     
   197572271339.27090     
   1481644954191.2727     
  -2835932742169.2749     
   2817496387942.2173     
  -3052528658758.9473     
   2270172996142.3999     
   9378082529970.2344     
  -669969978356.97571     
   1292050821462.3010     
  -495732296343.31274     
  -67930209355.616913     
  -436414297567.41473     
   1206508644441.1570     
   170665196720.27725     
  -1988977159042.9700     
  -4783903535650.1309     
   8370023886661.3730     
  -1774233396148.4731     
  -1072790532537.7344     
  -613625610319.62061     
   2910312141441.7598     
  -4383516167842.8818     
   6339169477953.3555     
  -4855213615952.6992     
   37279796120662.609     
   1674144868234.5017     
  -2172705425885.0334     
  -1597705688909.9080     
   3155025849263.3687     
  -1202953831412.3025     
   1234239175255.8291     
  -7415643003338.0928     
   11932877765884.602     
   2530395669267.2275     
  -13042126571141.494     
   3617611096901.8711     
   3428510742325.1152     
  -5379296395089.4463     
   3518419929265.2681     
   4441833849850.9922     
  -12965473449359.414     
   9742361065897.1152     
  -141574381682578.81     
   2423062917216.1904     
  -14147384079423.803     
   26599186985274.668     
  -22526864096145.121     
   11076336703391.928     
  -11248096525911.900     
   30916016306626.668     
  -56202216198325.117     
   42326371119914.539     
  -9640184767446.3496     
   5646875757180.9629     
  -13117628574483.752     
   25003078922651.938     
  -29895075893342.645     
   7364392163532.4658     
   16639384083476.135     
  -12653719579728.502     
   179296700907470.47     
  -20514972743817.359     
   74043997776978.547     
  -105465103659921.33     
   78412650091908.750     
  -38406022364479.648     
   30828998202877.371     
  -64644672915571.258     
   124461620746285.83     
  -124354435215360.92     
   60070893923281.992     
  -30795784190935.492     
   41297976577902.375     
  -84551089438870.422     
   121519300035772.91     
  -74412304558299.406     
   20684269559500.250     
  -11493735123451.422     
  -60446468818459.367     
   147088974521522.69     
  -506219492143401.12     
   693660152762930.38     
  -506319861372261.56     
   249078936428927.62     
  -177587015341190.59     
   277716936419742.91     
  -483889539269791.81     
   532290511118607.56     
  -333396783814699.88     
   220776525444662.44     
  -283905004287855.94     
   592082405940319.50     
  -920008854859972.38     
   694719234842901.50     
  -402756865284131.75     
   252813670733598.19     
  -326997255044104.50     
  -341696453777435.94     
   1176594566295031.0     
  -1602958863689277.2     
   1153003240639178.8     
  -557903309313649.19     
   373955324963723.06     
  -451862093114692.56     
   598530540525978.88     
  -617043313281910.38     
   480763256286171.19     
  -474276052743410.50     
   648129108154565.38     
  -1317718362855434.5     
   2037570323162425.8     
  -1589028932860839.0     
   1052342946179057.0     
  -693005308114978.50     
   753672358765852.62     
   435771341089467.56     
  -1494420861737336.0     
   2002221450357555.2     
  -1390417218568174.5     
   643872459500569.12     
  -377027096632450.81     
   197076797695456.50     
   259329672736828.81     
  -501191923301950.25     
   51709229004214.195     
   497355944313972.25     
  -769317039914918.12     
   1479243219452285.0     
  -2212126110399445.2     
   1744479776615010.0     
  -1350138076339940.0     
   961715130197100.12     
  -1037986617816736.6     
  -238621321605762.72     
   813182619041089.12     
  -1072333084894793.0     
   721884020848554.00     
  -320433200893804.62     
   162936917390559.62     
   42909110100448.047     
  -585935860617071.50     
   873414277744561.00     
  -336167709925553.44     
  -238561619406910.97     
   400638838808975.25     
  -724668659119538.88     
   1045496600866484.5     
  -818973831996195.38     
   708105561411445.88     
  -535608046650711.25     
   699605953116241.75     
   19190373474054.195     
  -63143093919080.008     
   79394507602667.609     
  -49463774815849.320     
   19178046153738.496     
  -6541649429936.8203     
  -37579099041740.445     
   253016858617616.78     
  -408241814552244.25     
   184698687093669.47     
   36368720889297.172     
  -42870936149469.703     
   53306546354158.883     
  -75129450564170.250     
   56338925735032.484     
  -54319019991515.602     
   45486674796293.609     
  -189932145808707.31     
  -4954487401939.0215     
   15757502862004.764     
  -19864334468429.746     
   13014258500716.451     
  -5322751938451.2393     
   2944624352794.5347     
   14730655029200.328     
  -138339906468539.44     
   234902379740746.56     
  -106004944517717.83     
  -19663821968096.387     
   17929513516524.180     
  -19124020692753.047     
   30775555293265.152     
  -25038298069295.312     
   20509977939873.430     
  -15331604396937.312     
   87833551460100.844     
  -2280120028.0482755     
   2134842040.6163256     
   2568295352.9649820     
  -4550280063.2288113     
   9860737696.4760361     
   2200010197.3204436     
  -337045420842.36139     
   1289319464717.2378     
  -1933216263669.0974     
   1486913309958.0747     
  -664682225808.54614     
   128874006581.56448     
   136102564246.63203     
  -243061096115.13699     
   113473170309.30882     
   77787901475.918167     
  -72683442149.957413     
   2027420733590.5459     
  -10505212874.183607     
   5659715264.8779488     
   48204640269.533745     
  -55015547123.628883     
  -70009524331.629654     
   162941704043.58426     
   1932203350363.6436     
  -9091308485744.4023     
   15175055138031.486     
  -12590317540752.367     
   5930670243307.8213     
  -1501096072910.8210     
  -530428935975.86182     
   1465722089148.4619     
  -1040523717383.9126     
   196914673837.31152     
  -69297016359.526749     
  -5220809250233.4219     
   121489938496.94386     
  -82840209689.816620     
  -400082775265.54022     
   573527494130.23914     
  -94933753425.792282     
  -331102893620.62714     
  -3449763333358.5962     
   17472871879112.271     
  -30324801507415.254     
   25723811906308.910     
  -12486820362029.730     
   4008385619092.5571     
  -559358228952.45459     
  -1322340128191.9382     
   2015757739546.2451     
  -2016207975366.5496     
   1434349519305.4836     
  -19430713240751.910     
  -351980680402.89307     
   55109758868.475304     
   1620247856946.1423     
  -2193335894246.2549     
   1122736749156.5906     
  -1196700989617.9639     
   8168868581646.8936     
  -27715972879121.375     
   41317133426289.648     
  -30906095401437.297     
   14174565380214.881     
  -6174692503648.1846     
   4678364923972.8066     
  -3111563707815.5190     
  -1788778620237.1318     
   5993778756490.5820     
  -4314501045260.5825     
   80813855873256.609     
  -453498350951.86475     
   3425229473120.1880     
  -7264283049542.4678     
   6767413208986.4854     
  -3789717122992.7974     
   5813095048150.8604     
  -22955059350250.012     
   59611186046787.531     
  -73880199227986.719     
   44283257766193.195     
  -17063169445297.576     
   11030957101309.729     
  -17284920416065.600     
   21233936280284.355     
  -7950131424466.3398     
  -4855848627826.9951     
   3369830696272.9961     
  -112486036241206.55     
   4504589943990.5957     
  -16666294593313.283     
   24246419849879.094     
  -18346036898520.820     
   9499714569939.4805     
  -11500592283181.260     
   37457102942232.430     
  -92187247940973.625     
   110145723100292.86     
  -62068858210220.844     
   25175962907748.156     
  -26168072108039.902     
   55460435158033.406     
  -82188748990498.578     
   54139301830179.844     
  -23049214249626.344     
   15116144087222.389     
   73925734545163.188     
  -34143871890832.387     
   117388308740704.02     
  -160161976214594.50     
   116044998569575.31     
  -57625039190315.086     
   45966701988759.844     
  -77281082602952.469     
   123989482351535.09     
  -115688793334467.92     
   66415460566422.453     
  -80372529598802.656     
   161661000795918.31     
  -381687852124887.81     
   609513166547473.62     
  -472929193304509.19     
   291426279436773.31     
  -186384887252439.03     
  -171889047808869.69     
   79818149453424.484     
  -273882344063693.53     
   370521088939547.25     
  -263652850551403.41     
   127463351368109.00     
  -84097805302211.859     
   36283265386544.227     
   183430687748125.56     
  -381801717584695.44     
   220768138303335.66     
   103764545553918.75     
  -351514290268020.19     
   833584602963129.50     
  -1341175324099672.8     
   1082963499975269.9     
  -747701280165023.25     
   492746325758405.69     
   524025485589142.81     
  -101482037276542.86     
   345655131580830.56     
  -457352553891015.75     
   311051722838639.19     
  -141170357405386.69     
   69879708489581.672     
   143367021485397.88     
  -880839143758528.75     
   1390599201945286.0     
  -772448031383937.12     
  -41647374283957.500     
   384872830718300.44     
  -890625874234229.38     
   1431759100484251.0     
  -1207565004970926.8     
   975370490429699.62     
  -682065307694552.62     
  -796700451796690.25     
   55312249914703.195     
  -186657846066001.25     
   241669696679670.38     
  -157285943717033.59     
   66564637303566.961     
  -25029570951476.758     
  -136042958724941.12     
   702554343830330.50     
  -1067495833422731.5     
   559896646997366.88     
   16315879443798.812     
  -183925076524615.12     
   409184323255400.94     
  -661198987068090.50     
   578706053214176.75     
  -527719738360010.81     
   385896202067590.25     
   435535853677765.44     
  -4408194743958.2998     
   14222775266299.586     
  -17187739214187.943     
   9511984285312.4629     
  -2218394151792.3579     
   1732385231934.9316     
   15516328194625.830     
  -133353281470129.73     
   191906302875744.66     
  -49322905986547.227     
  -35905084535014.219     
   10275112730792.148     
  -15607967890477.900     
   41786414494332.344     
  -47361615488078.797     
   52591206052204.734     
  -39562021425389.195     
  -1628346402302.8228     
   1148168128142.3145     
  -3597783676171.5259     
   4439032949471.4580     
  -2555390587196.8179     
   303716412022.94019     
  -1582795118172.8621     
  -2921479960231.3628     
   62004268077607.836     
  -87963580922276.703     
   9333722050983.9355     
   25878652798614.168     
  -2785820443956.2070     
   3284843565941.0898     
  -18179532631247.512     
   23100373392296.070     
  -22609143672166.449     
   15329748163063.363     
  -10288315722641.027     
   1263039007.0848610     
  -2736521843.1509323     
   3716849935.4540887     
  -3531756820.8755708     
  -5516611767.8439722     
   7136352847.7329512     
   223133822125.48779     
  -909969517393.08032     
   1560587304795.2363     
  -1459549690312.8867     
   775154393474.39294     
  -196845856842.33481     
  -53023314977.699821     
   112386646462.75871     
   7400138880.3294859     
  -182649357674.48947     
   142468581563.77267     
  -1795785133087.1721     
  -3544909646.5496302     
   41771576143.260208     
  -120052500679.34601     
   128028741783.19751     
   15065665518.005865     
  -199730286404.92935     
  -1058471004240.7365     
   6155491945923.0156     
  -12673635132618.002     
   13154452381364.566     
  -7334681034055.9893     
   2169147434937.3032     
  -47477401186.105034     
  -660921157545.16248     
   360649426739.04303     
   366323076031.77179     
  -318815927718.38586     
   8162297940390.7393     
  -9410989401.4000034     
  -196644669897.91190     
   682941557812.47437     
  -799806634838.87256     
   294508702956.65723     
   227232566464.42548     
   2232380996131.8809     
  -13561299770683.018     
   29251710897790.520     
  -30579583192882.672     
   17082081027297.123     
  -5775660141068.4248     
   1500813960384.3142     
   177046780546.12262     
  -956226768251.05835     
   970912265582.01306     
  -696594637771.24023     
   3540402803838.4165     
   43882271821.094048     
   562758126771.42444     
  -1979805641104.2788     
   2362499706834.2949     
  -1406297292933.5374     
   1708467173076.1282     
  -8671968965903.0693     
   30092598326515.020     
  -51375909749907.562     
   44799349847377.242     
  -22268639011358.625     
   8517758967307.6914     
  -4769754970278.3213     
   3032467500592.2871     
   712319082269.86938     
  -3536384819904.1855     
   2543508967579.7764     
  -47294297745932.844     
   324918303930.76837     
  -2156286800631.3577     
   4572437607420.8291     
  -4522867080767.2139     
   2982356588385.5088     
  -6219352944855.8115     
   25507571509526.652     
  -69016032822917.172     
   93350447591410.172     
  -62952228174072.438     
   24847000672413.492     
  -11186701788112.350     
   12758457328890.822     
  -15003484854372.107     
   6480308608325.0986     
   929813045312.13403     
  -395670307078.58008     
   75261269913843.172     
  -2047810522032.4719     
   7564410080788.7764     
  -10997766564309.219     
   8401367278503.3379     
  -4896954245357.2188     
   9836487956758.6348     
  -38318185702455.578     
   97154705844085.000     
  -119256746097809.61     
   69121171988504.789     
  -24246818360558.812     
   18153347414115.141     
  -36616580002134.070     
   55025688729134.719     
  -38194706571723.602     
   20262604594030.590     
  -14032245102713.398     
  -63831951397429.586     
   15288358444012.004     
  -52111982663319.719     
   70054308184229.719     
  -49772036572027.031     
   25219983308229.914     
  -25553762536460.457     
   50139480387632.164     
  -75505100120171.625     
   56279372917347.242     
  -18372545762884.004     
   32280978226024.414     
  -94085976304933.797     
   245715015546759.19     
  -401887657167895.75     
   319620359466928.31     
  -208282067750526.25     
   135538263284063.92     
   231249980632648.56     
  -35647184761751.109     
   121243867312444.09     
  -161443841288559.22     
   112226716418214.42     
  -54299922662823.961     
   36142938382907.250     
   30657094442160.230     
  -288586877761921.62     
   481861703443869.00     
  -291119606182224.50     
  -9366219614177.8340     
   201306591035113.28     
  -530828882774726.75     
   877823261984168.00     
  -725232566641853.25     
   518025953320738.12     
  -343591438129521.25     
  -528578238602358.00     
   44865643920140.219     
  -150743182088241.16     
   194372834919620.72     
  -126519655093960.73     
   55660145246987.141     
  -19334244905080.371     
  -196967686340003.88     
   911244219688938.62     
  -1332525600976317.0     
   712975491705550.88     
  -22501778388065.844     
  -218624173704265.16     
   551423623732576.19     
  -922715261788308.50     
   803906773413802.12     
  -666952136806808.50     
   465464899726812.38     
   577669243473801.25     
  -24237592724109.375     
   80225648133896.156     
  -99965335760963.234     
   60427251361157.484     
  -23537197178398.586     
   4356390157364.5312     
   143167033017976.91     
  -652064410981339.00     
   925778742762688.50     
  -449019618040521.25     
  -4217377139964.4634     
   102413604574251.67     
  -243180321080804.75     
   418215500595330.44     
  -385043218066963.31     
   362295730169500.69     
  -263322029486571.28     
  -257569715924613.31     
   1898415311397.7009     
  -5906248806707.4268     
   6551367835296.4736     
  -2672981844907.4507     
  -245154584220.96164     
  -3878030326851.7651     
  -2812109920168.7847     
   84138655172219.250     
  -106862841189687.67     
  -2210307796012.9575     
   36499382616545.914     
  -1283703525475.2983     
   2792349843297.8003     
  -23806849964701.273     
   33753425512266.977     
  -40567392369904.781     
   30105041467900.227     
   775223931610.61755     
  -499681548969.48035     
   1540564694173.5427     
  -1834572730353.5471     
   837232684146.49683     
   220830069263.28113     
   3343280433816.2676     
  -4840111818450.4062     
  -32708294078078.680     
   38771090950824.047     
   18096968191495.707     
  -24350003468523.867     
  -1771517886275.8210     
   1627884801497.7134     
   10775867875508.400     
  -17342613552834.740     
   18676489480985.973     
  -12710064314802.273     
   2929079250191.8853     
  -2197104455.1148028     
   2153538311.7035542     
   2261408720.0174193     
  -4970152964.6363802     
   13650980473.870131     
  -38839508459.510933     
  -14654645204.918331     
   92177343549.235489     
  -191639493075.18002     
   486338894236.98322     
  -510246706063.19440     
   161302395904.27368     
   105394346095.09476     
  -221196058031.98697     
   115402303127.49619     
   55860043180.370163     
  -57223508982.103989     
   1825409017005.4719     
  -11494788350.935844     
   12476393628.063179     
   30781140947.214550     
  -27564608544.201355     
  -119701279276.64412     
   553335195942.59045     
  -973984699397.09387     
   1389254169563.6687     
   333640768697.59900     
  -4604193162116.1934     
   5288234833482.8701     
  -2164858285815.5425     
  -118515628305.81325     
   1183008620775.1841     
  -949765273825.00610     
   235480405207.01712     
  -97585743374.495026     
  -4294005512424.1353     
   124703370858.40422     
  -123378377919.26711     
  -288990140912.39832     
   435857253325.64972     
   29520673989.579483     
  -999806424557.21057     
   1729436707044.1543     
  -651043808314.31567     
  -6732331013634.1631     
   16129421787880.236     
  -15036634100376.502     
   6972050647029.3779     
  -1968596552876.4639     
  -471412729444.96222     
   1634454025244.3013     
  -1846780556646.3945     
   1322120510526.6648     
  -19116483688967.844     
  -360380173246.61981     
   176053715579.35544     
   1297582887797.8125     
  -1850169565554.1038     
   998078444152.34387     
  -1221180018282.2261     
   6427586946923.6309     
  -22387011744896.098     
   41577586255518.906     
  -42669178035695.836     
   26996230851379.207     
  -12743258951176.441     
   7227616250748.7021     
  -4399341632093.4014     
  -1110349969363.5659     
   5408368475808.6836     
  -3941130710687.2065     
   75762298494738.266     
  -377758208207.99786     
   3032017292193.1772     
  -6517138191604.6553     
   6134043827371.9482     
  -3754161927481.5928     
   7324253705585.3125     
  -27935469114337.570     
   74799627195356.422     
  -106180434272430.77     
   79374424935195.750     
  -37500199468426.984     
   18921329114923.438     
  -19608831271894.133     
   21780106345099.324     
  -8235836937188.4727     
  -4337152439387.7603     
   3135669631915.0991     
  -104401865881933.72     
   4179025530581.1558     
  -15477255448382.312     
   22513535547717.797     
  -17089678362415.273     
   9291575005929.7422     
  -13713726266550.396     
   46255135350870.086     
  -115688086138356.00     
   147994656196057.41     
  -94172367653046.891     
   39614441755255.438     
  -30043241900600.359     
   54601405626609.773     
  -79174645509079.109     
   51951538105286.438     
  -21727256914563.223     
   13946416601645.598     
   67048228954061.211     
  -31975243356062.340     
   109917006490718.11     
  -149865702323464.53     
   108564297297743.02     
  -54223143393259.523     
   44052484222193.344     
  -85453345063627.438     
   194597483973327.69     
  -264584928000882.69     
   188989345487649.72     
  -118541625995727.94     
   160030792742789.38     
  -363949062034387.88     
   580909418450912.00     
  -450243683063192.00     
   273954506244258.16     
  -173484833669095.25     
  -148346331269856.44     
   74924889468332.562     
  -257028587602785.81     
   347514824428911.62     
  -247202115505550.97     
   118966145228029.09     
  -68221958453139.180     
   15022782781421.098     
   49084734412734.391     
   38057044594474.812     
  -188337597451800.44     
   255394677799111.91     
  -362252106602715.19     
   797849911092074.00     
  -1282005189506950.2     
   1033759782235029.6     
  -704273126714935.38     
   459882230110367.19     
   474373050101067.94     
  -95502202021032.812     
   325302702127410.19     
  -430465520929654.06     
   292912436653138.75     
  -131185205755713.03     
   39712276636244.828     
   210506147386330.53     
  -732059619601537.75     
   733058961826439.75     
  -49985247176511.562     
  -348130095192638.06     
   431558011798342.12     
  -861598527010180.50     
   1379220784120251.0     
  -1160700681931904.8     
   921397671546987.25     
  -637965381117219.88     
  -750351425638456.25     
   52129387730860.938     
  -175995077784734.00     
   228058180690401.69     
  -148648232198503.66     
   61694080254203.195     
  -6505551450044.0225     
  -180983124198981.00     
   619871655408862.38     
  -661232990953930.12     
   95256475112585.734     
   224851321261572.03     
  -223014476728401.03     
   400643771595689.06     
  -642275287577988.25     
   560108080973321.88     
  -499437918106837.44     
   361224781276540.31     
   418637232874674.38     
  -4160594018168.3809     
   13451860416001.711     
  -16300184200692.471     
   9040816356989.3125     
  -1923740908878.2942     
  -239570681280.56015     
   18926264539363.723     
  -115920738125400.19     
   134482759017222.61     
   10555064459821.162     
  -64002196071692.812     
   18179664012703.617     
  -17194108453952.758     
   41671860895823.445     
  -46071788025913.148     
   49483131100696.875     
  -36796956088937.555     
  -2701848588296.7573     
   1080388555209.5804     
  -3393904931907.7622     
   4187417746743.4590     
  -2394193957229.1665     
   201428218216.83160     
  -820078712439.29663     
  -3842257773659.9551     
   53286991706638.641     
  -64899697625776.398     
  -11561610042567.717     
   35057088077989.512     
  -5895765688356.1162     
   4110660369577.6016     
  -17804057669433.863     
   21979945839012.730     
  -21018021550131.156     
   14130569276921.512     
  -9684940080796.0488     
   4036002145.6702094     
   2539281889.0468307     
  -23189682854.198368     
   32452054535.670044     
  -40831274543.349716     
   125432219294.98955     
  -414575558126.87299     
   1413367419301.0237     
  -2363216652124.3740     
   1453447156538.4087     
  -116792120359.90732     
  -8000214568.7098684     
  -279585238930.33185     
   509724178237.96039     
  -496211483514.71613     
   479602775686.08038     
  -331494038343.09332     
  -4032020889599.5479     
   88387018566.921875     
  -219651885273.42352     
   207121169060.88300     
  -208905221259.44781     
   418864273537.41656     
  -1544995959461.9414     
   5658176812934.1064     
  -16815583417437.572     
   24108047874154.797     
  -12556735430095.293     
  -687108590389.65540     
   1637191817841.0073     
   933805129149.35339     
  -2586532637410.7759     
   2762119633491.7324     
  -3072886171871.3169     
   2274973960123.4443     
   8844342428524.5684     
  -674682779888.03870     
   1329361340377.2776     
  -594132701118.84167     
   103533658261.67905     
  -781818945672.53662     
   3334028710059.8955     
  -12384246024607.199     
   34673904581796.770     
  -43862620810668.539     
   15470210708147.516     
   9828233291895.8535     
  -8506470383165.2207     
   2176129080854.8252     
   1469084976385.2659     
  -3822931199883.1909     
   6179309426047.5752     
  -4775051804552.7461     
   37572378881546.750     
   1702361694937.3933     
  -2334599427817.2095     
  -1261848584962.4434     
   2799401251614.7251     
  -894568945789.88745     
  -423513242741.17157     
   2893738662451.1606     
  -7854584298568.8467     
  -2782934088493.3662     
   27486157641289.754     
  -33276867378199.574     
   20153434695093.000     
  -11770851379223.906     
   7036084746330.4307     
   2887956454947.3335     
  -12344567047822.910     
   9454439759617.0508     
  -140332104399815.67     
   2255521121116.2461     
  -13493035003127.912     
   25567148484933.262     
  -21739483941174.391     
   10954792821497.893     
  -11520556812425.980     
   29615763901770.414     
  -72301921262025.406     
   111685564638647.39     
  -98053491160587.016     
   57099043399611.914     
  -32915437409558.523     
   33195093716404.867     
  -35074236982980.176     
   9990410765370.7109     
   15516573347770.115     
  -12194004372941.254     
   177064567507121.34     
  -19965670539510.531     
   72138778437361.781     
  -102747627577315.06     
   76375614646434.406     
  -37743836160791.031     
   31176074015553.285     
  -67998664355705.789     
   163041900198888.88     
  -223212555564041.88     
   154226270549889.28     
  -70746314408969.812     
   53713895934427.664     
  -90922471509240.047     
   127121612978638.58     
  -77906897483753.812     
   21936817532631.254     
  -11747697505470.514     
  -58565555983122.211     
   144026476490141.72     
  -495503368377477.88     
   678111406356091.50     
  -493776721798814.12     
   241252693100755.09     
  -159523279470089.00     
   248198586732755.34     
  -601543283319393.50     
   907124328172610.00     
  -676460616563383.88     
   337788728618299.44     
  -304610082935003.69     
   604100531379815.25     
  -937374216789908.12     
   707272070850283.88     
  -404730912889305.12     
   251048576482310.81     
  -326768745362119.19     
  -335152503090654.44     
   1153364201673843.0     
  -1568995047617266.8     
   1125327675864367.4     
  -537782676344712.19     
   309650056616159.94     
  -290679489116166.12     
   673522700140631.12     
  -1331886870983209.2     
   1285546068643641.0     
  -796923533500768.12     
   707318724732963.12     
  -1341457894770583.0     
   2075508883637963.5     
  -1618366121207604.2     
   1056135286701519.5     
  -687806923910116.38     
   732596321215277.62     
   428107158527972.75     
  -1467198487739773.2     
   1962879716974933.2     
  -1358405767992943.5     
   616232130660727.62     
  -265547256084297.69     
  -152723171263959.66     
   539155203776845.06     
   43017417559233.484     
  -916516989819481.25     
   984486962948402.88     
  -867328993247181.75     
   1505029419520127.5     
  -2260429868321996.5     
   1787310524943867.8     
  -1357910631914244.8     
   955361645247455.25     
  -975191819083130.00     
  -234615913406282.66     
   799099790791960.25     
  -1052339612287440.9     
   705614976296667.25     
  -304519840588913.94     
   92513319632215.938     
   282996183366432.62     
  -881885625504093.25     
   733186675393080.88     
   153516891474117.25     
  -529090242887576.94     
   462748026060118.62     
  -737206022256584.50     
   1072419130844417.6     
  -845368127396585.00     
   714313061135946.88     
  -532653526385383.44     
   652488622800054.75     
   18876732473917.969     
  -62139835088496.578     
   78052552613686.828     
  -48242326458902.289     
   17452174000965.086     
   968669390962.13269     
  -64310146588261.430     
   297426584521579.62     
  -412402494808756.44     
   135314192208396.86     
   75203961915215.297     
  -53097487896921.766     
   55069135089894.586     
  -78165356433539.938     
   59600797954067.266     
  -55467051236544.492     
   45409977738062.961     
  -183940217117160.12     
  -4861690292227.2607     
   15494408064559.855     
  -19509810019387.906     
   12640091545422.561     
  -4774812721921.3115     
   873270565572.60742     
   21261465311808.777     
  -145711063463137.72     
   224652838566135.66     
  -80495821421578.953     
  -36449369286608.672     
   22629331846780.230     
  -20201507482981.684     
   31940339701970.309     
  -26065504988113.391     
   20823793852731.434     
  -15273071569930.283     
   86185248061048.031     
   2341704143.4742494     
  -27401950526.737038     
   67149377558.242744     
  -92158879211.586014     
   117880507622.07642     
  -410378580499.27600     
   1944909724818.7439     
  -6232620357339.9883     
   9195080056738.1172     
  -5682232999190.4258     
   1224746860389.5840     
  -300865658227.21533     
   525735422853.14551     
  -883159915212.97864     
   1331487705782.1660     
  -2099647185053.2007     
   1571544161534.7371     
   13526720965993.480     
  -301536676326.80017     
   652799711301.77393     
  -492230789959.32642     
   541261996438.82599     
  -1153212692973.2866     
   4459741838025.0000     
  -21497207125169.004     
   67099057068188.906     
  -93087641971267.766     
   51847915904465.680     
  -6686693746982.9834     
  -958670293866.75854     
  -2257557208839.5459     
   4545859579187.6641     
  -6974764357487.9736     
   12292458774474.781     
  -9659713067697.1816     
  -61505078345967.125     
   1992101234593.4607     
  -3543306483954.8804     
   831092894032.70056     
   387348943059.28723     
   1945668395982.0950     
  -9421164269996.3223     
   47468967682255.375     
  -149494127874717.12     
   197329954901337.09     
  -94475329527724.375     
  -2621238528105.4829     
   12502581549009.586     
  -2858557628578.5356     
  -2555573092320.8394     
   9042884731956.7344     
  -19730581538683.785     
   15956906618014.117     
   25645120592916.977     
  -3730074375665.9233     
   2027631727771.2913     
   10957342044659.996     
  -13586062297046.867     
   4721090170397.6543     
   1776042097903.5376     
  -30338429518805.258     
   116530842924528.64     
  -139843891161410.69     
   32596811257595.434     
   41388661882410.992     
  -32572845313218.184     
   18935803406839.703     
  -11932457682327.908     
  -4830204335468.2236     
   24600384200102.574     
  -20083440953608.742     
   132953094252037.05     
  -17477284324170.184     
   74873434073966.953     
  -122191225518669.98     
   98647154229649.281     
  -47967889706521.375     
   35162279135991.160     
  -48290708642471.703     
   62968236160642.602     
  -93086545202431.938     
   103954745393209.83     
  -75186702549600.203     
   46313141195677.648     
  -42993902770526.656     
   42557719468150.484     
  -8437238518275.2217     
  -30193129461501.055     
   25211267407344.875     
  -181015853345349.16     
   93663876112877.031     
  -326100859562086.06     
   457474628724107.31     
  -344757949015285.38     
   170810125811472.31     
  -113802019211062.78     
   173865273285010.56     
  -351653209758356.50     
   462617825892484.88     
  -297863006422793.81     
   108447068948605.02     
  -65840282691538.211     
   101625660565217.33     
  -135647700233684.78     
   76953896848506.672     
  -9331422779760.4512     
   720886179451.70959     
  -34683110377427.066     
  -603029054602328.75     
   2082384469592294.0     
  -2914929756702159.0     
   2215348635027277.0     
  -1116962359616149.4     
   720390132119187.88     
  -1029829920350299.6     
   2225377845562106.2     
  -3185671473141997.5     
   2195973715778867.5     
  -793667365328510.00     
   403537387560095.62     
  -663446086718615.00     
   1002558480994277.0     
  -740843772461466.00     
   406037842572901.31     
  -248172260671991.50     
   2082244828095197.0     
   1354643396838445.0     
  -4715269985365213.0     
   6605137775802698.0     
  -4969979663932169.0     
   2475189470566282.5     
  -1532318670634929.2     
   1819612483280330.5     
  -3908165339425686.5     
   6323352676172756.0     
  -4905046930553627.0     
   1959196190046280.8     
  -960337053863322.00     
   1486664039722196.8     
  -2199264442381585.5     
   1641476356632905.0     
  -1029320412020162.8     
   679281942175958.12     
  -7607589685567971.0     
  -1676147840560615.8     
   5828585051790232.0     
  -8038340064984096.0     
   5840009638338382.0     
  -2794391962775990.5     
   1531540429280622.5     
  -905458549704549.00     
   1685136133327825.8     
  -4429826677440909.5     
   4582959701543041.0     
  -2253632202619376.0     
   1175631969479430.8     
  -1726043484572479.0     
   2367373972266713.0     
  -1657193993375470.0     
   1175998708603907.5     
  -884074012285579.25     
   14402179305855480.     
   904329465970002.62     
  -3123348836337058.5     
   4230522297990366.0     
  -2971323454280830.0     
   1366181620099981.8     
  -656253606480787.25     
  -83692727006125.250     
   582531696597641.62     
   499304036180605.31     
  -1448008666880145.5     
   1032463187286408.4     
  -621697151800542.00     
   886048448009767.62     
  -1117596940560194.2     
   697366889178943.75     
  -529583492081394.00     
   453930664496897.56     
  -9654775518118528.0     
  -72611251102184.156     
   238061659787143.41     
  -303112354374801.81     
   195386626167719.72     
  -83164707744559.969     
   42717614416685.469     
   74247581797669.594     
  -554483806291612.25     
   928101917839059.75     
  -517390174285983.62     
   12222030752064.664     
   74358450460186.844     
  -89563538054726.031     
   71811938353878.438     
   1596448299995.1387     
  -12540627252417.438     
  -14653354610822.895     
   1273299632027129.5     
   19795108294435.648     
  -60730031092315.695     
   76762598350098.109     
  -52950294401062.273     
   26311009234622.004     
  -26512558855192.027     
   3163667325164.0186     
   260243548438942.44     
  -544807423657031.62     
   345993045961613.25     
  -29598710013015.418     
  -32888598469118.973     
   35851441342299.922     
  -21046561319870.492     
  -12458019517983.975     
   16368263468984.783     
  -499368433328.58276     
  -410864749857552.88     
  -15217722159.991932     
   56582153275.674896     
  -98095803643.004074     
   138632570605.41840     
  -191351571516.68497     
   698135513936.02393     
  -3596589209291.5200     
   11321378438912.391     
  -15851558952227.311     
   9287536023367.8594     
  -1996021588715.7473     
   540487323082.72076     
  -639934177703.47131     
   1043944709167.0505     
  -2002950598180.2495     
   3605818324403.5923     
  -2748621055853.7324     
  -23105334224408.414     
   474174061849.48132     
  -922404997225.04395     
   527991676657.80096     
  -701132442779.34973     
   1812831183962.9810     
  -7234876350907.1211     
   37999322893475.609     
  -119952639121213.98     
   162048216933473.47     
  -87236064478801.828     
   11738957619844.295     
   581474842934.71558     
   3113457073933.4771     
  -5748656959054.3271     
   10690250492278.467     
  -21173728311680.219     
   16838053027492.756     
   123844335922091.80     
  -2913548911492.0093     
   4611916122360.3145     
   274555844940.68451     
  -1766885816310.6208     
  -2656293801972.8394     
   14782629081435.943     
  -83021850739533.688     
   270155699099913.91     
  -354967328167404.56     
   170750695181633.91     
  -2993140930913.7793     
  -15738913764544.379     
   3480359917239.6865     
   3314400401061.7793     
  -13904193519356.248     
   32495337431125.238     
  -26500394494916.762     
  -133962615264137.70     
   4087640804335.1660     
   2792068050778.0293     
  -25564070992878.008     
   27573858351381.199     
  -10172050954510.945     
  -1235669271184.7666     
   55856230605903.117     
  -231227238588572.44     
   296701849595599.19     
  -105235308419944.33     
  -40825258848041.789     
   39612239922250.766     
  -23397328556627.012     
   15801081358852.225     
   4623975244274.6514     
  -31147706713654.906     
   26391576803766.473     
  -27555141631702.574     
   37786392337011.602     
  -150184606561117.78     
   234871667351684.38     
  -187275380381018.47     
   91208396645757.531     
  -63732753513168.781     
   74838716146856.469     
  -55166029766605.883     
   56233758156109.734     
  -81135632765809.781     
   71192172146370.141     
  -46179526169181.828     
   40322607060133.953     
  -38434880690984.375     
   6783990583130.0469     
   32983374105887.535     
  -29158278662987.148     
   74975829382782.250     
  -177654969138156.44     
   610567498013861.00     
  -853281961746642.12     
   648726659063209.50     
  -324292312502895.25     
   210087303929638.19     
  -300894896278114.19     
   564692538054685.75     
  -706964267131407.12     
   421226227829643.69     
  -119590054952791.06     
   52907785748376.016     
  -73715961918147.312     
   92541534968753.125     
  -47443265618465.594     
  -5360132896783.9199     
   9748039093867.2402     
   148402234426331.19     
   1095387739331466.8     
  -3790925869746522.0     
   5366140275690655.0     
  -4160434299405353.0     
   2130634008503330.0     
  -1378007253371818.2     
   1958264935790929.0     
  -4082670755208340.0     
   5710968861818526.0     
  -3808856589922986.0     
   1182494058795827.0     
  -368840777624070.00     
   467206205564332.31     
  -686076232251445.12     
   497748278401236.75     
  -260262193355625.09     
   155062578204774.81     
  -3863276474209862.0     
  -2420132045014523.5     
   8473746219397652.0     
  -12044104036069466.     
   9269490121998844.0     
  -4703988711543261.0     
   2979724952214383.0     
  -3717183953372728.0     
   7870548873081647.0     
  -12285806399835020.     
   9038966243910256.0     
  -3026532016700421.0     
   901323535673523.88     
  -1051650940654386.4     
   1471248491405808.2     
  -1034156845845382.5     
   612851529612630.88     
  -414589724265426.06     
   15690956862664746.     
   2944726352388837.0     
  -10317983073327522.     
   14451702175779840.     
  -10748334954401824.     
   5263576974667930.0     
  -3067414381851762.0     
   2488940692698094.0     
  -5253862958189040.0     
   10874297324438338.     
  -9451315519449730.0     
   3475792527209971.0     
  -1074923194182685.8     
   1254759764500536.2     
  -1515305186792085.0     
   826070396310317.25     
  -486306743427293.88     
   447276830449574.25     
  -31208955616430048.     
  -1574762345930259.0     
   5478675657089483.0     
  -7528641239245032.0     
   5407868090147036.0     
  -2553104066161093.5     
   1362474099799107.5     
  -442470393337559.62     
   671513206213748.62     
  -3234483831535248.5     
   3617150389666967.5     
  -1519148739902993.0     
   542763428005294.25     
  -669649080260008.00     
   684464375397792.12     
  -208101803060372.94     
   70348263115558.422     
  -165948044580319.12     
   21042535101705952.     
   126242908037087.25     
  -412450706491840.25     
   528119730544713.38     
  -345998927298679.62     
   154139106931776.88     
  -105806748034489.27     
  -9694605675511.4102     
   581855719817841.38     
  -1132336402948995.2     
   764098448978450.88     
  -129973325691946.73     
  -53597284310323.227     
   80192884489666.156     
  -11308524964924.264     
  -103298432444109.59     
   113156599368448.02     
  -38486362386665.047     
  -2540575988539697.5     
  -35519096404299.391     
   106611028645785.47     
  -134816567890680.06     
   95157988520526.062     
  -50233939401602.344     
   61843262604101.938     
  -67668924035103.555     
  -257914910904025.97     
   721374943348638.75     
  -562011131372544.56     
   118219752938755.06     
   22328288076516.043     
  -32080746098393.445     
  -15947682532657.523     
   73403408248605.078     
  -69874487740562.297     
   25100317384739.129     
   750455273316890.38     
   10455753058.505945     
  -32593441390.671276     
   50081286744.852623     
  -72262800705.402451     
   103556875084.42059     
  -382830566208.42975     
   2018733707936.9709     
  -6324766542584.5830     
   8700866200002.1963     
  -4977015406213.0332     
   1043597414631.4738     
  -291795417772.92310     
   307634481903.49347     
  -498429756674.72772     
   1048606504655.5088     
  -1958089571825.5293     
   1500449780992.0737     
   12608225175308.693     
  -248019233871.20807     
   458044319277.71948     
  -219155090714.20175     
   338502350498.33557     
  -970055650615.41626     
   3907522761035.1890     
  -21066594679037.043     
   66763945371631.625     
  -89362192686723.078     
   47337082051205.852     
  -6225714706556.1992     
  -229909977093.40405     
  -1582401219405.2261     
   2873781325173.7246     
  -5684077595554.6465     
   11550382160051.576     
  -9208625923441.6055     
  -70630003264997.828     
   1476351405635.4485     
  -2187059576369.4990     
  -531205931515.25391     
   1202800210861.0010     
   1332949635315.7759     
  -7869400794086.7793     
   45785369458137.484     
  -150611507832075.97     
   197502898995632.69     
  -94693640565436.531     
   2413344822689.8994     
   7897313971255.1338     
  -1736272359478.4976     
  -1719318785930.6035     
   7450533840400.1885     
  -17534954261404.141     
   14311179790400.010     
   88234043545474.641     
  -1721212230146.2554     
  -2912203770616.3164     
   15466664226271.457     
  -16013533170937.408     
   6008152410833.6338     
   238223819049.34439     
  -30776277670435.258     
   131087343017983.47     
  -171173658425558.38     
   65215031668154.055     
   17780027283361.867     
  -19270721444028.805     
   11572343461925.047     
  -8093200187132.5908     
  -1830909421080.1658     
   15084557877649.441     
  -12977086962122.291     
  -19135515706318.297     
  -22332253882389.309     
   86746087224579.750     
  -133803351319728.12     
   106299046413617.33     
  -51865611782803.727     
   36015608846005.547     
  -41351808393298.664     
   24947705073897.203     
  -17246455168564.291     
   29998501440539.590     
  -29818345042296.254     
   20073805152844.691     
  -17186334790486.139     
   16280021260624.160     
  -3167367509864.7388     
  -14356040087041.025     
   13167728723898.469     
  -1140691290456.6482     
   100708657335428.69     
  -344567072733222.00     
   481040502970176.94     
  -367086945488146.19     
   184255327195508.78     
  -118863731095491.28     
   168605224208658.78     
  -309814759441528.81     
   380267780707445.19     
  -219378066604337.03     
   55262558542368.086     
  -19705115316530.805     
   25524617401694.246     
  -30383343398591.371     
   14172063820454.783     
   5091575660343.9775     
  -6193758198230.4111     
  -92928569136207.797     
  -611382954775788.12     
   2117889207273408.8     
  -3011382583844444.0     
   2352995858704162.5     
  -1212340531024311.5     
   785527209977212.38     
  -1117291477519432.1     
   2307939424319946.5     
  -3207276133279965.5     
   2118381373411393.8     
  -625683433608594.00     
   153461435132364.41     
  -157497525272223.88     
   226083475413310.81     
  -162032465069209.81     
   81199637008964.891     
  -46852870626272.070     
   2150001714027056.2     
   1341991717337669.0     
  -4710153784515220.0     
   6734111722838708.0     
  -5228883883713266.0     
   2672573520901953.0     
  -1705211815152307.0     
   2158948739738494.2     
  -4565566683699174.0     
   7073917195896710.0     
  -5136118501001533.0     
   1628166854558657.5     
  -381271930867307.81     
   354516070283502.44     
  -472638659989997.50     
   313782664012266.88     
  -174733349152222.19     
   121431078625857.97     
  -9047410313519106.0     
  -1621688246562065.0     
   5700175156361618.0     
  -8034585449704651.0     
   6031710236610917.0     
  -2979833496658281.5     
   1768979318299764.5     
  -1545096789194252.0     
   3358986049452054.5     
  -6681875192610018.0     
   5591342136557065.0     
  -1885628094022800.5     
   443675805482285.38     
  -429033420501188.38     
   458732527832441.44     
  -169705548252943.78     
   55306021420417.484     
  -95003314967499.359     
   18266256063288536.     
   864002408516822.62     
  -3015112500009410.0     
   4168111590120060.0     
  -3021201351717816.5     
   1440603498385679.8     
  -793199994253032.50     
   354882403607067.88     
  -704151240545950.75     
   2289882857957130.5     
  -2271969242638344.0     
   820854340443226.62     
  -214288768204458.53     
   234181281776378.28     
  -192516223790847.84     
  -24180770363439.629     
   76630762389946.641     
   4781922749423.1553     
  -12339982223437618.     
  -69216082642064.414     
   225779066403955.31     
  -289757457965710.25     
   191037603563971.34     
  -86387577008395.594     
   64094602800294.484     
  -18096774753186.266     
  -244133636313581.44     
   521823417743542.81     
  -381527464387624.19     
   85046471344120.812     
   15881722357662.834     
  -30064610761842.457     
  -12739690199857.377     
   72367029846375.484     
  -75851343891415.141     
   30651286062969.211     
   1453481788796241.2     
   19733538111001.000     
  -58685682604969.672     
   74214633262412.703     
  -52833955226288.727     
   28388617818657.203     
  -36902575979946.719     
   49439538602954.078     
   103767296591243.12     
  -350634714156452.06     
   296143082008584.69     
  -74363837618797.641     
  -5752595306343.0908     
   11657861879484.777     
   17812990991453.469     
  -48808573767156.812     
   45079680635642.812     
  -17606397516899.758     
  -417414882228412.94     
