   2222710852.4229150     
   5137930399.0541849     
  -50223607581.831978     
   88313025421.124908     
  -92480364640.352753     
   187304250004.98911     
  -430026551114.43860     
   1063099302393.2902     
  -1471374240535.2886     
   520754521558.78101     
   522170304358.33392     
  -306854979375.64752     
  -153951052947.93265     
   202246004338.33347     
  -383153055087.55896     
   510624276476.88879     
  -216920254799.09412     
   10369178380.019281     
   10206162818.101513     
  -238176464401.59805     
   761927653520.44788     
  -1023290629205.8423     
   1007826407880.7213     
  -2175092526625.4609     
   4225294641305.7319     
  -7771522942209.6338     
   9056660914397.5469     
  -1379981533048.6804     
  -5847960253681.8672     
   3675642402252.9746     
  -30060311329.597542     
  -675798453017.60437     
   1844996831923.6826     
  -2505785393663.9395     
   1089854691134.4347     
  -83618057550.511017     
  -422650563249.57721     
   5663817166908.6602     
  -14464873247298.910     
   16420003688106.826     
  -13336921382916.189     
   27004112505972.746     
  -46334584269735.391     
   54225372497125.836     
  -46949114331027.227     
   6682568804923.1055     
   28930754665171.531     
  -20990090832323.664     
   5154291345142.9795     
  -328274614254.05115     
  -10783684068493.445     
   17855756922602.207     
  -8534764732645.7354     
   703539769955.13733     
   2044657132667.2405     
  -28263365954038.711     
   73443394048720.578     
  -82882930928806.156     
   57395442544226.766     
  -80466554283817.156     
   111567891388679.02     
  -65397755175105.586     
  -15160348078928.967     
   81145581261493.219     
  -96827191828882.781     
   56849903758834.789     
  -19071290764391.316     
  -3571731134993.4873     
   64385877174322.367     
  -99685366989165.531     
   45404075206816.883     
  -3063544079924.2871     
  -4274077763238.6230     
   62826305909356.898     
  -167992786464813.88     
   191734083388956.12     
  -120976934491124.73     
   105793633374870.92     
  -88036398546405.641     
  -74471011371572.172     
   267185270652692.47     
  -316552444017045.81     
   227718412768149.69     
  -113229906958742.33     
   42995519611439.211     
   11748171083275.299     
  -165533752322236.94     
   251461966876356.91     
  -112367888354399.05     
   6614290926398.2695     
  -3502647790518.5137     
   87440983314027.797     
  -262687286969757.53     
   317054629875945.75     
  -190683166341287.69     
   87011396919416.500     
   179202659708.59830     
  -130182704334828.78     
   124025346658912.11     
   134352388687683.12     
  -331151939451619.38     
   155061918401431.75     
   50067311596298.820     
  -12354594632153.043     
  -149804556930745.34     
   175744866195744.38     
  -46992657431446.406     
  -12328850823452.742     
   38970116284446.906     
  -804433293900305.25     
   2335098576741937.0     
  -2773941258113115.5     
   1676843794008944.0     
  -859590461497322.88     
   105199309923278.73     
   1383808301281704.2     
  -2088775825530375.2     
   708109192015930.88     
   869953350600655.25     
  -365118456876982.81     
  -526952937663030.38     
   58752388148619.445     
   1630600735937126.2     
  -2210611934378616.2     
   809811882791643.62     
   43209448586012.648     
  -37173293327833.188     
   849034678688045.75     
  -2507370838399827.0     
   3005587530860474.5     
  -1825184529721126.2     
   946646748159393.62     
  -171035642546477.88     
  -1289507917172466.8     
   1728354377886571.5     
   134493070767993.16     
  -1827541743108462.2     
   710165527487753.25     
   744593000595269.00     
  -254756009316658.62     
  -1525930714013203.2     
   1994822913306089.8     
  -650564382318476.00     
  -85241804142223.344     
   2032900994195.5586     
  -179427405914489.84     
   589737843678967.00     
  -740537966124638.12     
   457103597386004.25     
  -262216443729244.75     
   152306537921014.41     
  -67843248647033.359     
   651334047953723.50     
  -2026427946919843.0     
   2389975999209518.5     
  -627722469449527.62     
  -984211456070193.62     
   787680729196806.75     
  -305576659652913.44     
   551812473467763.44     
  -425143993616730.25     
   126501847492535.41     
   2690483464780.8657     
  -13711835566992.396     
   24440895193639.398     
  -34567638320956.062     
   39181138022851.359     
  -22937378307316.805     
  -47786018556166.352     
   380377484725595.00     
  -1276837776992335.5     
   2385017321401084.0     
  -1860709350409410.8     
  -443968510201998.44     
   2092329531675622.0     
  -1594680818446419.0     
   1092870268341061.1     
  -1476354337778404.0     
   790230290956759.00     
  -120244480784794.50     
  -8215286373383.7266     
   60885380736658.773     
  -109499036428602.19     
   106238675898157.78     
  -89343268240814.594     
   107441052436671.61     
  -79545996616194.828     
  -235875245494957.41     
   974607502451677.25     
  -1629139911821592.8     
   517853549840424.50     
   1710995412330765.2     
  -2851108349569363.5     
   1875664629116768.5     
  -910804025230209.25     
   1122942029993904.0     
  -568477084992484.75     
   15323308741228.809     
   9497606555171.4414     
  -47075971331994.336     
   44180617856045.539     
  -424525529389.28583     
   3262375917057.8042     
  -46277774963199.859     
   61937577064041.406     
   50007261278025.758     
  -328335798073287.44     
   528367539528084.56     
   106984912679767.06     
  -1120091849889884.0     
   1509052990670435.8     
  -898318423940382.88     
   275141849094922.56     
  -321881191357944.06     
   164905546104746.94     
   33222539564823.016     
  -1943012094.4756379     
  -15508992076.404383     
   93724012999.194458     
  -160977718168.31598     
   185940192991.72894     
  -391763051204.05945     
   896741654910.55896     
  -2268361488188.5532     
   3145117227896.9775     
  -1073180560755.9058     
  -1171462172763.2671     
   726572043170.61816     
   212962430127.38922     
  -336929967217.77289     
   726883635481.12708     
  -973734045870.49756     
   412226779292.60797     
  -21113818475.862152     
  -23988873183.388638     
   426213619333.05731     
  -1317678605224.7195     
   1801367565270.4966     
  -1966105713183.7830     
   4525515348652.2979     
  -8872919049250.9668     
   16707645809841.068     
  -19607683532047.590     
   2921701028740.0586     
   12662451109381.900     
  -7949145428150.5664     
   280202429519.56909     
   1181933977415.8445     
  -3662413380346.2412     
   5028641959427.4541     
  -2183241216942.5103     
   160568738060.52530     
   743220951829.46497     
  -9600333013379.3379     
   24266544366104.227     
  -27778172498762.020     
   24523246178849.000     
  -55839687203708.031     
   98125810896872.266     
  -117523010171047.61     
   103762076061955.58     
  -16808105512898.027     
  -60488686005216.141     
   43777127822893.797     
  -9802829070270.3398     
  -825692345586.11682     
   25912003546640.312     
  -41135203227831.203     
   19116518673161.422     
  -1433809521453.1548     
  -3490327999757.3545     
   47074129786597.094     
  -121212255043606.47     
   136783352513660.81     
  -99409979964047.203     
   160925129621200.50     
  -232849719044648.53     
   140438213033582.22     
   29592200905734.270     
  -171215729672608.22     
   205362310805239.88     
  -120320915393650.28     
   39143015429922.789     
   11330841704738.881     
  -150123338944661.91     
   229365267748340.03     
  -103357715835074.08     
   6611121685152.6240     
   7187781879860.6533     
  -103577470935373.81     
   274860737211186.19     
  -312724060670520.88     
   201210979768686.22     
  -197760646549904.47     
   171294079351008.84     
   167933530301247.16     
  -582421026213573.88     
   688568560385177.25     
  -495430253020398.56     
   247173139584381.78     
  -93162382373696.312     
  -29592205156904.383     
   377683803136371.31     
  -570665154277533.25     
   253733248059302.09     
  -14461955015569.322     
   5817490407656.0850     
  -143010339794330.34     
   427378271776340.50     
  -513876987774478.38     
   308333529820848.81     
  -135594784998008.05     
  -33822449762091.191     
   297225747554785.88     
  -278241760752573.44     
  -291499889938656.19     
   731397235339090.12     
  -347894785802814.69     
  -107095005637125.83     
   23498670835313.238     
   380421644698792.31     
  -493168558494533.81     
   164727408763099.22     
   18801611251661.828     
  -65048934046991.164     
   1317782073064223.8     
  -3802881586602958.0     
   4500625517638272.0     
  -2723177544546911.0     
   1399080840958535.2     
   66302350520550.734     
  -3133527040303587.0     
   4628715201219363.0     
  -1586469490282135.0     
  -1915952610684647.2     
   827911911230930.75     
   1134041975520537.5     
  -74513972170757.797     
  -3963736054110745.5     
   5567859345241597.0     
  -2164183317288579.2     
  -47212516195506.516     
   62313402708024.727     
  -1391512784754169.5     
   4084120429247887.0     
  -4876696819995582.0     
   2964565684846556.0     
  -1544268463587939.2     
   43767577865363.953     
   2949620607110200.5     
  -3866139664716868.0     
  -232898142292199.59     
   4018326033574704.0     
  -1617342903149136.0     
  -1580612827670639.8     
   490652024303213.31     
   3805152172218247.0     
  -5273089213510982.0     
   1929615608632216.5     
   120881251285290.36     
  -3659517460716.9150     
   294549534128890.50     
  -960800825861178.88     
   1200478144630766.8     
  -741710659037688.50     
   436086095613362.69     
  -235970187426109.84     
   89697829890007.125     
  -1340374784799702.2     
   4321050715443658.0     
  -5203609452605540.0     
   1467825383769237.2     
   2049278991984688.8     
  -1691049208230688.2     
   538229378312358.62     
  -796811180016932.50     
   642029644624720.25     
  -222825277007978.19     
  -5789907650683.6807     
   28514850271575.742     
  -48543625669959.062     
   64411992396283.211     
  -71206539546090.547     
   40095585860234.914     
   106649977186495.00     
  -803212480347553.25     
   2649133372389566.0     
  -4920945975500933.0     
   3894896699432480.0     
   810151838165592.62     
  -4299657203859277.0     
   3431000266511291.5     
  -2651794340970986.5     
   3422886789636823.0     
  -1716560750577283.0     
   236696759678777.34     
   16497743610633.521     
  -114796070400840.53     
   200726149435994.97     
  -190907665313937.50     
   161588180757018.28     
  -198212987935369.34     
   136372858634790.91     
   504229587273078.56     
  -1950534763980059.5     
   3145121057102718.0     
  -893194398085059.50     
  -3437042486841539.5     
   5717643681497088.0     
  -3972581487684184.5     
   2605522642207592.5     
  -3250512577240472.0     
   1542702283122317.2     
  -71713875067455.250     
  -17287391079797.547     
   86399486141295.297     
  -86434295666765.203     
   12550243682178.037     
  -15591557867125.535     
   91402112715242.281     
  -116690841533456.44     
  -105626610111091.97     
   626616120989746.12     
  -942694571660317.25     
  -333825676193206.19     
   2235974411444521.5     
  -2966188625495250.5     
   1870187131388483.5     
  -968965056345059.88     
   1211087854453865.0     
  -572586184558692.25     
  -32433954366210.242     
  -2951612339.2568827     
   23681245889.057705     
  -69001274710.603348     
   106414282016.07082     
  -143789113756.57147     
   310368733487.50079     
  -703144889226.84351     
   1860589938535.0881     
  -2594187396707.2993     
   829542500657.76111     
   1041508913682.6416     
  -677969550496.25452     
  -53390718803.104980     
   175071194513.26089     
  -497047309965.32562     
   674377675985.61719     
  -285034782922.65210     
   16737194294.716055     
   26778714676.164131     
  -271881480136.76642     
   743463335111.43628     
  -1048978848975.3660     
   1412793913356.9167     
  -3577579244980.0063     
   7107218923604.9883     
  -13933305975891.684     
   16560555092614.916     
  -2389838595200.6685     
  -10665215658142.711     
   6627981930184.1836     
  -415746462815.56366     
  -716379011304.04102     
   2769880774269.4307     
  -3877034685886.0444     
   1681486533131.2527     
  -115637199407.24023     
  -426594291411.33960     
   4940098718438.2998     
  -12111196806144.963     
   14250620592086.668     
  -15560453036154.730     
   43917260814547.070     
  -80053154813641.062     
   99587127512121.781     
  -90962697044619.156     
   17875067876358.973     
   47819623731787.078     
  -34416850604115.934     
   6294973967841.4141     
   2790754610061.7910     
  -25742472144405.977     
   38942974979831.602     
  -17484626920530.887     
   1144514069940.6614     
   1828033436179.1265     
  -22970406578479.172     
   57625810068652.883     
  -65234058543269.516     
   54757429067299.383     
  -119772349487148.27     
   185104604802703.50     
  -117215375443944.81     
  -18339600618858.328     
   135984366009537.30     
  -166476460651691.44     
   97313927490714.406     
  -29979399724915.695     
  -14526192531850.365     
   143421172435281.88     
  -215749798217896.84     
   95917073506737.109     
  -5675966497688.2646     
  -3608802648534.6577     
   49128280222945.938     
  -127539456431136.03     
   144030957265124.56     
  -99033842468154.984     
   129620881225396.69     
  -119203781467913.55     
  -150573878900266.06     
   491410939915355.62     
  -579400510651265.75     
   419221800652245.12     
  -210795058074363.72     
   79008394470583.422     
   30300559623053.223     
  -349332918025448.12     
   524796925706416.12     
  -231764320178802.19     
   12515575626484.770     
  -2797258526811.7285     
   66286557378554.648     
  -195340867947057.47     
   232633679923119.62     
  -139476598121266.38     
   54909161838851.352     
   67490228588007.695     
  -275202781687899.28     
   261601107163170.25     
   233580461387435.19     
  -642400954670833.12     
   323938508778039.00     
   83898560219940.391     
  -16470352267363.531     
  -388468493989003.94     
   554130870928241.44     
  -216655295864488.78     
  -6085781226640.6396     
   31846648398668.406     
  -613879670476888.25     
   1743038951267497.5     
  -2043145951908706.5     
   1247828080184586.8     
  -651821189052311.50     
  -410171440912382.44     
   2847391939590458.0     
  -4099767267941065.5     
   1454024987980893.5     
   1709270908764631.0     
  -836529960513067.38     
  -922723925301852.50     
   5649832506322.8574     
   3890193416576346.5     
  -5695610648479382.0     
   2350675271565731.5     
  -17749904313479.559     
  -30812706061036.324     
   649058203077556.12     
  -1872956613577671.2     
   2214455550745436.0     
  -1359196431950504.2     
   723587484630943.88     
   359358630155940.44     
  -2735875029716065.0     
   3528992869767294.0     
   19274660445654.898     
  -3508382164903060.5     
   1567205938008359.8     
   1276960483331312.5     
  -366178580311429.06     
  -3807054854910854.5     
   5623659029128253.0     
  -2276625533141138.0     
  -22570414179246.387     
   2020425353883.8342     
  -137827764395995.64     
   441116322542893.00     
  -544124256105713.31     
   337906325101337.50     
  -207705204123851.47     
   67284543131444.727     
   59516847111455.805     
   873728599097441.38     
  -3341630577674736.0     
   4307353455199742.0     
  -1343598645617091.5     
  -1690163519728968.2     
   1496058105328852.2     
  -414515905957474.31     
   287399697810795.62     
  -228772011959806.09     
   123550468079412.05     
   4843100797232.4736     
  -22040695733046.809     
   33702025588711.902     
  -40086871039057.680     
   47978049345843.414     
  -48758016816548.797     
  -47109176026572.617     
   555151398071353.38     
  -1821865369683721.2     
   3393497653903956.5     
  -2676455199138415.0     
  -753472970786908.75     
   3511457595728482.5     
  -3022517628193954.0     
   2730780091983264.0     
  -3266028275796229.0     
   1471540157579390.2     
  -171821231210930.53     
  -12289240568337.154     
   74916138447832.938     
  -122079365163566.98     
   111697595466369.50     
  -104508308034415.89     
   159916167812375.69     
  -129391238798239.47     
  -309312675693266.94     
   1142160472505199.5     
  -1590149266247759.8     
  -195678209134812.88     
   2973181484627844.5     
  -4448266297714075.5     
   3367840927626789.0     
  -3011989239359839.5     
   3704927151672697.5     
  -1645664348494693.8     
   115718712156834.39     
   10697219382883.340     
  -53481970680964.328     
   59190614344506.844     
  -21836651945177.387     
   25480604314628.906     
  -82127648881436.750     
   105025548192656.48     
   33277373157763.430     
  -275760232453539.69     
   247714523998277.44     
   758055221219494.75     
  -1862358963249545.2     
   2208173568248330.2     
  -1522031880430309.5     
   1246153455105681.2     
  -1578771325522359.2     
   711113145532711.62     
  -27187747473560.473     
   4881042937.3758307     
  -24232037462.881912     
   46340723722.654884     
  -61882761482.185730     
   83133046884.519592     
  -145325019610.33270     
   306880132290.77521     
  -869410774525.55530     
   1230579868155.5593     
  -366267031653.96942     
  -525489925371.48047     
   334728880666.46356     
   6483269053.3139992     
  -61006992775.552902     
   206586522507.82361     
  -285587597046.71948     
   121825282348.68985     
  -7554399188.7592840     
  -21859163324.690399     
   129893486722.62305     
  -277832116627.96198     
   398284492793.43903     
  -646135299169.77234     
   1641908942507.4426     
  -3264575532213.9761     
   6735918588412.1270     
  -8167093375262.3760     
   1213496563155.6936     
   5092412483896.9766     
  -3049673495409.6592     
   127966856379.38300     
   331961796023.57202     
  -1318821769281.0405     
   1871844103072.1956     
  -813085552394.01917     
   51986142426.893524     
   142611145472.58929     
  -1265950531612.7759     
   2865513994040.2637     
  -3653709988872.1084     
   5795548087975.5977     
  -20219213858828.441     
   38080492635037.781     
  -49753736922281.445     
   47947403331865.508     
  -12365364451444.354     
  -20596460704731.590     
   14746820809584.982     
  -1579230454037.1521     
  -2607586298863.5498     
   14975583303610.814     
  -22048739254052.957     
   9708173165840.0156     
  -579943765990.40796     
  -481826801866.06665     
   5072245220795.7842     
  -11920872191254.596     
   13901063643636.383     
  -16672287787962.670     
   53076107121004.242     
  -86510114014506.375     
   60558044411325.461     
  -3434144757133.2598     
  -53750029684196.148     
   74603195131217.953     
  -44100353129089.445     
   12022400962447.977     
   10184618152655.914     
  -80844297172192.797     
   120413779957509.48     
  -52982779716872.094     
   2907120054583.8325     
   857458217443.58008     
  -10149743704844.008     
   24944232863955.660     
  -28102864738950.414     
   24491112317152.969     
  -52057271195389.078     
   50771046482352.586     
   68382359142274.719     
  -218050970338393.47     
   262501979196413.31     
  -199524903270158.44     
   102813580464460.47     
  -37166128089971.453     
  -18231831604652.910     
   190614683158970.06     
  -285307248241735.94     
   125077170308599.22     
  -6240852128745.8975     
   569432384007.66650     
  -12909007569347.781     
   37098757704877.195     
  -43942383049582.758     
   28783475713135.113     
  -13687630567811.387     
  -38533389399100.812     
   145507229518088.59     
  -160863463949526.38     
  -84321234039541.766     
   345607769152399.81     
  -216543630510624.03     
  -14622373164178.650     
   1604953020441.9932     
   206235281875605.09     
  -305813960140537.19     
   125574592138374.97     
   1136859026260.5349     
  -6943305749659.7197     
   121361480382217.52     
  -333079366252452.56     
   387761943303387.06     
  -264445878479596.91     
   190093895943196.94     
   265805839329063.94     
  -1435298546402887.5     
   2103982554896366.2     
  -805460388117314.25     
  -1026993041767535.8     
   741911311031118.62     
   288335091186303.25     
   52543027016451.531     
  -2080853602070958.8     
   3103963415118044.5     
  -1308883686783253.5     
   19061628332573.762     
   6811388071715.5254     
  -128687547976913.62     
   358646807616676.19     
  -421001659075702.25     
   288084871458774.19     
  -207888100032006.22     
  -262437724316735.94     
   1438046994419769.8     
  -1968292512015786.2     
   239616119153237.56     
   1899928267364413.5     
  -1177183737976866.5     
  -441398009918174.88     
   152312672429897.25     
   1987291632950744.0     
  -3041555819932121.5     
   1279754425799793.2     
  -4696805906580.9785     
  -421681917626.59229     
   27572982142891.258     
  -85708535457282.375     
   104099945923976.12     
  -67286123246767.977     
   35238511778318.586     
   54068419626942.867     
  -220843792137083.72     
   50326589805688.891     
   1030780393188516.4     
  -1864730334826830.5     
   727068221484984.62     
   852258900719703.50     
  -886171460192282.62     
   434459362157897.81     
  -284863969106095.06     
   106882619650417.97     
  -44086206991841.500     
  -2274985647593.2578     
   8575575717459.6631     
  -9737553657579.6328     
   11319302440213.908     
  -29531986842269.363     
   96671818349304.859     
  -126077149543267.14     
   41078071352105.602     
   109942368548247.83     
  -431552120684715.62     
   260172812507144.94     
   816959550710547.75     
  -1943330057553498.8     
   1794020001535169.0     
  -1815547037762889.0     
   1996487832827472.5     
  -801153020218567.38     
   82081637773224.750     
   5180111702637.9307     
  -25613009267988.500     
   35525448694619.695     
  -32695594261757.664     
   55702031001647.594     
  -165656006209311.88     
   240355048416151.78     
  -195254623234053.56     
   307926147862402.56     
  -757285092267027.88     
   1656510568381250.0     
  -2200557033261479.2     
   2374104365806024.5     
  -1888485077903295.2     
   1861279663764252.2     
  -2117528797185815.0     
   873115578707310.38     
  -91349174665269.156     
  -3724466880978.3613     
   17378992925808.207     
  -19822376409768.910     
   12076504643744.961     
  -24581623248526.215     
   85280164946141.156     
  -137516336482359.66     
   149733303511210.28     
  -277721895724120.03     
   638489038553039.25     
  -1171418357947845.0     
   1278417143142878.2     
  -1117818092227544.4     
   798879655614971.25     
  -720789073195516.25     
   842365580098772.50     
  -361722938277160.50     
   42992949052047.148     
  -3160652201.7891202     
   17715403088.276703     
  -40606048902.305923     
   62744455760.389420     
  -69003619073.061493     
   64835274866.135605     
  -91751005993.679520     
   268965185143.45114     
  -392753811483.32965     
   116932625783.18945     
   159094952696.46277     
  -84573011599.558411     
  -26233194181.727406     
   31509973915.376259     
  -64324262865.714691     
   88662184498.237411     
  -38807318771.025696     
   2532682580.5703444     
   12544724229.207726     
  -69767544548.287460     
   152763571912.30447     
  -234541012081.93097     
   317076544601.68872     
  -560512841312.26990     
   1026985366568.1113     
  -2225894138169.1860     
   2788566008133.7036     
  -530726682840.77985     
  -1499505815218.4124     
   806462110073.66980     
   111907881478.37187     
  -183475019514.44675     
   439499372260.91479     
  -616728645147.13171     
   270879634820.06262     
  -18712591192.170231     
  -49736060431.347458     
   352856691386.63837     
  -755142701643.36011     
   1057587372763.9435     
  -1914287364039.9050     
   6583351274211.7822     
  -12560478340840.949     
   17684781073729.910     
  -18724852527126.820     
   6651717924081.7812     
   5666982678014.6367     
  -4109414518825.0859     
  -325861753285.32727     
   1332582147785.4189     
  -5262219661524.4883     
   7758831678986.3252     
  -3455548083478.3687     
   232941685907.79779     
   131446664427.81219     
  -1181877380058.4482     
   2662559355367.9731     
  -3399962585357.5601     
   5413192086775.3096     
  -18405123825619.316     
   30216605902013.855     
  -27364947266080.852     
   16725319152173.967     
   6864851691011.1543     
  -26147378787048.035     
   17335498463875.389     
  -2896834236488.7642     
  -4200645953163.0625     
   27366598131734.613     
  -40583717642730.578     
   17741118047543.930     
  -932229955972.36548     
  -209704999445.02435     
   2260003790990.8296     
  -5447153311296.4639     
   6693250298481.1074     
  -8367823939168.6768     
   21613527470617.543     
  -24182053710337.484     
  -2435611454166.7295     
   33240004147513.844     
  -62102485195886.641     
   74280823140828.016     
  -44093423278234.227     
   10856492963659.355     
   7184497896491.0850     
  -62300781285421.727     
   92214010224910.719     
  -39683885022014.570     
   1608792889150.8879     
  -105058136024.75626     
   2682376586479.8013     
  -7992011181375.7656     
   10563138869230.812     
  -10644085004407.783     
   15331038144876.053     
  -2123603406951.8618     
  -44522701998821.805     
   87286026235051.969     
  -37227514536188.125     
  -106765622120427.27     
   128842704022612.11     
  -41862616366936.711     
   13264411285192.527     
  -37992501185090.797     
   38638737357713.094     
  -5437078263581.8945     
  -6684420785715.4248     
   1458980100002.6597     
  -25812203260566.531     
   72262006650253.188     
  -93123404649339.609     
   96049349447147.719     
  -151683354569267.56     
   44337661897758.938     
   345734750068777.19     
  -698973733702090.75     
   522930690384226.75     
   261977150762518.09     
  -543121263023292.06     
   196004193881283.50     
  -108085828493904.17     
   502849390681295.31     
  -641836632454691.88     
   209470655580012.84     
   33228617646393.379     
  -1428232432137.5918     
   27489624848746.938     
  -78208089472914.938     
   101520976174765.48     
  -103592444642359.14     
   155676817652058.81     
  -28224919161269.398     
  -421838266114593.19     
   851694873430385.75     
  -582605716287270.38     
  -472435226451244.62     
   759591007347744.50     
  -190843015875080.00     
   24918608405668.930     
  -360760009731524.88     
   446185342230524.44     
  -112866198120770.78     
  -49336810096358.031     
   125658982600.90591     
  -6714364023344.9541     
   20936604398420.254     
  -27055841486255.055     
   19752311695395.574     
   11932313788781.994     
  -114709649222346.02     
   359386220029130.81     
  -675934295712358.38     
   509547492652591.81     
   185591686596818.31     
  -276311426646326.84     
  -257153745271056.75     
   412840885254371.69     
  -521226249794541.88     
   638432134282014.12     
  -293328265264296.44     
   47526279174067.117     
   434992867657.09204     
   22558691769.573265     
  -3107462193277.0996     
   620835746295.07300     
   24746718518477.785     
  -156170811153448.81     
   362867011363275.56     
  -646058737854399.00     
   1067348528803304.8     
  -1212446424615893.0     
   986612191838538.88     
  -816873583443905.12     
   990689611914638.88     
  -928318697893675.12     
   995168374609022.88     
  -1076178305102500.4     
   426049960805659.00     
  -52988041761278.703     
  -1182800155523.7817     
   3821244653372.4351     
  -2514848936361.2163     
   6481696334458.0977     
  -42723414556790.445     
   226210886071986.56     
  -507644283060032.12     
   825753958736161.38     
  -1273273983983183.0     
   1693850371757877.5     
  -1963816364379527.2     
   1673413031542399.2     
  -1326515237990220.2     
   985903651660302.12     
  -727040296411649.88     
   639981120562497.00     
  -224767581136936.44     
   49130000628781.820     
   886086411701.18958     
  -3180099303705.3745     
   2361567360755.3291     
  -3325119100543.7373     
   21614948718114.047     
  -113792719237492.44     
   258903785658622.41     
  -417803830555279.19     
   628042758249821.88     
  -871770064632195.62     
   1089301865338318.8     
  -922206769902617.12     
   637216645484200.12     
  -410670666282736.94     
   181429244209331.97     
  -92187678272030.141     
   21593573724180.699     
  -22660816915674.281     
   1350308595.5255322     
  -11630013562.906082     
   38471665704.523239     
  -71486055960.086746     
   75171198404.006683     
  -51270979399.699417     
   37454186916.251678     
  -82343559771.775482     
   119545802459.72966     
  -27903738353.623322     
  -63789005169.733437     
   31437933715.928677     
   15267418330.483234     
  -14591654422.656063     
   12742775795.328430     
  -16656970151.145178     
   8990085421.0398827     
  -2630210865.0703850     
  -5502363228.4255629     
   40587499985.591049     
  -118642766843.55782     
   213834426857.60239     
  -245482053531.81992     
   248315917218.88971     
  -328618290039.85638     
   693683264306.66272     
  -867478065380.41357     
   76725269018.663986     
   668825547013.08972     
  -379460611059.43634     
  -45573700661.543022     
   65174338650.573334     
  -69225761464.420532     
   126157186289.68536     
  -79242649910.473709     
   20390538399.072189     
   23320148517.763115     
  -170097645907.02829     
   373311952071.63123     
  -541391896636.53973     
   829818942791.63428     
  -2078883769546.8296     
   3623494114603.0239     
  -5512751278166.8359     
   6014076614503.3135     
   374324863817.52997     
  -7770884503318.0146     
   5751257943276.8311     
  -999225772477.10913     
   47720035362.368668     
   856847202683.99609     
  -2067913682812.1208     
   1333448182719.9136     
  -296697137312.50525     
  -59499981198.836456     
   486250444025.81348     
  -1025327786518.7573     
   1378158510071.9648     
  -2406611189376.9277     
   6491157055072.0703     
  -8810723336754.8008     
   9552409289088.6797     
  -7153542055544.6240     
  -19080265437161.410     
   50340834248969.906     
  -37399238916873.250     
   10155442481867.371     
  -2896241393093.9854     
  -670475385008.96948     
   3089035996357.7529     
  -2143167449369.8164     
   526125037402.03564     
   85042055837.800964     
  -805371198369.83643     
   1818954952366.5076     
  -2500392146531.0854     
   4305307005605.5366     
  -10172084460925.277     
   9817463840010.7520     
  -7009067267678.9482     
   199596769124.40747     
   56406427719407.164     
  -122803814901584.83     
   88578547855356.188     
  -23618771229181.820     
   7076347248939.4648     
  -4319801157341.5479     
   6297694196131.8057     
  -3514123421188.8193     
   520622504607.77582     
   6070277353.5830708     
  -315238188997.93744     
   1143651843907.5754     
  -2378686851037.1680     
   4985968143849.4951     
  -10047622822654.646     
   1333082457206.7358     
   30532488383509.145     
  -106484027761811.31     
   207747221698666.16     
  -171660200824699.41     
   21688210059297.898     
   36420708653579.938     
  -7413177283446.0400     
  -65491429244560.492     
   137358568242223.45     
  -81741363470807.562     
   14688698227115.639     
  -339971833283.34924     
   5203980016365.3516     
  -14880629912298.199     
   25487431876797.031     
  -48015966413777.352     
   100148853435827.08     
  -47205826219889.102     
  -136514104738387.30     
   594471076440946.50     
  -1450089739032702.5     
   1547851555669384.5     
  -508026433843596.19     
  -128233169663229.59     
   22668124600162.844     
   411067611629159.88     
  -857524108643524.62     
   510937795351632.12     
  -91843834647470.969     
   390685169824.91071     
  -5806286744226.2871     
   16326422599140.467     
  -27605985903575.859     
   50593567337176.164     
  -92816881544172.328     
  -4418215206617.7256     
   287661945171377.19     
  -913583609636907.25     
   1883565739662797.0     
  -1812423237607468.8     
   514562975534178.44     
   154443530683662.94     
   18704676333699.891     
  -598471793644354.12     
   1177253057087815.5     
  -683419684592832.25     
   119187563099521.91     
  -417980013323.37067     
   3836442207335.7085     
  -8073344738726.4521     
   9011925070258.3613     
  -5764580620018.1367     
  -59016441121728.148     
   282907660683154.56     
  -683109484742981.50     
   1195183247038501.5     
  -1503506869998651.8     
   1102290662406352.6     
  -358462999918785.62     
   160547288889878.94     
  -268497788595618.12     
   621963930311436.88     
  -973235279002157.12     
   508088485500045.06     
  -80815940044332.484     
   826156075148.72949     
  -5939555232811.3408     
   9485945269649.4512     
  -2623662702088.2598     
  -24598649958321.836     
   238301827039721.59     
  -775872027690406.25     
   1503519975610613.5     
  -1953543039547003.8     
   1798806696184414.2     
  -1490821629233582.2     
   1124451394830299.0     
  -907634642277816.00     
   711733271933191.12     
  -627496401768525.12     
   702498734347072.12     
  -318833306815535.94     
   60633725105918.203     
  -731289133764.45728     
   4646255671242.2822     
  -5334571159607.4229     
  -5989353197186.2178     
   43989657204378.328     
  -341398287785120.88     
   1067149349454896.5     
  -1941623917447764.5     
   2186544045305907.0     
  -1669789380779360.8     
   1675079619717217.8     
  -1756364967716018.0     
   1432906297091203.5     
  -901553869817472.50     
   249475611356119.91     
   25331067055410.773     
  -54502605043190.977     
  -27262690768600.637     
   209219490672.37607     
  -1062415733255.3690     
  -46962334515.639549     
   6120924811055.4404     
  -24688081886209.824     
   175700437178862.72     
  -544477338938639.62     
   970443019882901.62     
  -1029400325975637.1     
   712576934828119.62     
  -791571159137587.62     
   933643430526960.50     
  -756597423748018.50     
   430811822447749.00     
   22037288945715.730     
  -237445446870970.84     
   132511120385975.45     
   4578761689553.2041     
  -539868288.87531090     
   5619214940.4653816     
  -22214526921.128059     
   47560820838.483139     
  -53496909876.163086     
   34707355312.973045     
  -19977623395.678833     
   35234666464.284172     
  -36277029605.458511     
  -52158962665.941551     
   143758211312.20587     
  -102160273129.88486     
   25482143021.201569     
  -6607039872.3557367     
  -1427948163.6084487     
   12645700356.851851     
  -11417462303.977119     
   4402501420.8561993     
   3932749097.5364189     
  -30382092650.343594     
   81076797382.052902     
  -144057058670.68381     
   168576125233.96454     
  -142726041111.39642     
   131775887518.82512     
  -236982461844.96997     
   154144506622.90924     
   621361070811.42590     
  -1401806639078.5891     
   1006402137097.2200     
  -281364452458.63483     
   98452252600.258575     
  -41213961896.658379     
  -85110497406.030334     
   111149962033.79066     
  -45580007153.196915     
  -34791246079.639862     
   267208598494.23865     
  -488303103389.10822     
   501120830207.91254     
  -567414974719.94910     
   864263652982.25513     
  -797739260510.97656     
   589270072411.65479     
   1698576077936.0720     
  -11503072626056.129     
   22132561642070.758     
  -16578236630430.441     
   5527251926244.2217     
  -2166006585327.6760     
   592334707740.81396     
   1736391667282.6729     
  -1980339025433.9487     
   710743873143.82947     
   99993973527.487961     
  -761875434277.27649     
   1300905696504.9792     
  -1183593862294.5500     
   1472354472635.8098     
  -1757663025753.4985     
  -1951756611051.7832     
   7701061209092.6807     
  -23204209498317.309     
   76689837996931.266     
  -134580952419398.45     
   100639849237198.84     
  -35400915966824.953     
   15077864737739.365     
  -14151224683308.488     
   13909641615733.260     
  -3606425350116.6567     
  -1024305909008.5460     
  -135163890667.70041     
   1050423487327.6309     
  -1795233333145.7927     
   1673400461563.2185     
  -2315613975862.5977     
   1629021851026.8835     
   8696715003530.5322     
  -22673899887572.762     
   58786878261054.836     
  -182346343970597.22     
   314242585395124.06     
  -232691318748086.47     
   80846641461494.047     
  -35664514495238.930     
   50284096007995.430     
  -71441303673679.203     
   32540786797662.301     
  -2284513320601.0859     
   96010869294.406128     
  -1457936395038.9866     
   3843548088080.1484     
  -3882385052871.0889     
   787454832854.74878     
  -2709508254672.6519     
   23890381227154.695     
  -60643575522320.625     
   177878014322158.72     
  -453319383455826.38     
   586213624962664.12     
  -308552945700651.81     
   53971927600444.414     
  -35724765962502.711     
   142903161419197.94     
  -262038257980014.72     
   145052233486410.31     
  -21386629130777.129     
  -113681852895.39981     
   4504305518658.0547     
  -14781258955995.033     
   14423549440658.977     
   6980687322261.4160     
   3088072833021.2905     
  -161145304791608.84     
   422748981758076.75     
  -1263364301369277.5     
   3435505330452025.5     
  -4801565997199109.0     
   2808758781895802.5     
  -648913854299552.38     
   356669057935714.31     
  -1100631783209958.6     
   1947919211151235.0     
  -1053296062193266.2     
   146396095369366.41     
  -32505697748.572792     
  -4315914042791.0508     
   16534941682820.279     
  -17813967320545.965     
  -5049597447019.7627     
  -19896332466095.957     
   246099624032069.84     
  -621455520484825.50     
   1656095445035813.2     
  -4153555969249442.5     
   5581410832644259.0     
  -3160555341963079.0     
   709231361144878.75     
  -425161498565605.00     
   1302680394058393.5     
  -2305576895348555.5     
   1254401872112360.8     
  -179778546229138.81     
   1273223147825.2749     
  -6600663508341.0850     
   4673863997294.2021     
   4556272543100.2197     
  -8659974237046.7285     
   105992589559657.47     
  -462782154190482.19     
   986079623694323.88     
  -1548935412953392.5     
   2363651949115650.0     
  -2676491970452437.0     
   1517747727576193.2     
  -527290036680102.06     
   386252348927887.75     
  -601028992169205.25     
   981751845172925.25     
  -549040848811537.44     
   98002620218591.734     
  -3262524925806.2695     
   19113756800404.457     
  -21171982158337.879     
  -4398705397803.4375     
   36096705034549.484     
  -308182293483625.62     
   1154926339010465.0     
  -2265825428390268.5     
   2512171501321812.0     
  -1960776402524369.8     
   2069740987093062.0     
  -1983198414148588.5     
   1432891753956686.5     
  -857426105272212.00     
   132824387229216.61     
   69684740737185.969     
  -9595659902138.6738     
  -46360541268450.398     
   3427470918289.7114     
  -15690034424115.234     
   5869328419865.6514     
   31824905457991.559     
  -71558546339448.359     
   454653711661801.19     
  -1622422076908663.8     
   3087218215424657.5     
  -2979341425523354.5     
   1353431209406168.8     
  -1573332552157919.0     
   2564184099109006.5     
  -2267714381985637.0     
   1206601605745449.0     
   366942204994181.06     
  -1094254833898482.8     
   555561427005523.38     
  -18396828009374.062     
  -1318173900363.6375     
   3632846409614.9775     
   7138292085910.0146     
  -27597449659682.758     
   44896773379900.672     
  -241497738464807.47     
   841150264509836.12     
  -1580936038562910.2     
   1449222619289297.5     
  -476309240490240.50     
   628164377523747.88     
  -1333113006147181.5     
   1237988091069967.0     
  -628297327552282.75     
  -292300081724254.00     
   746840985769374.00     
  -385217236076332.12     
   25777093051681.164     
   247849948.74107692     
   5286059484.5781612     
  -23062023612.666859     
   27226519888.714672     
  -9873775594.5131092     
   11693235092.988901     
  -17370420189.259846     
  -1495744192.0395541     
  -20745536680.464066     
   160417001645.59494     
  -303230176546.28979     
   227202032171.65817     
  -88085692524.131622     
   46317365854.904060     
  -40798721835.865036     
   30152408327.736641     
  -2786701694.2715878     
  -3806572459.9745975     
  -10686097993.041145     
   57880631718.003418     
  -42516947163.232399     
  -18711400359.505825     
  -11395406422.279417     
   44558558621.236656     
  -46486356961.324104     
   63107874253.888420     
   301314620441.61298     
  -1567056665904.3789     
   2798849255967.7012     
  -2084738330798.5671     
   782315445237.59985     
  -394566713659.12891     
   452242093374.08826     
  -443261355549.48285     
   108728760149.34416     
   36442716787.650787     
   137213610577.22655     
  -1051689728802.6019     
   1660465305099.9146     
  -1077573358823.8636     
   758075611901.83887     
  -1066376220310.5959     
   757736273757.68921     
   1037579373845.7753     
  -8169451042125.9746     
   26732882187733.172     
  -44323814378707.039     
   32811446055996.207     
  -12372388740604.576     
   5978568557027.9590     
  -6393964453034.1895     
   6257367734256.2939     
  -1514020442583.0857     
  -564868021767.43982     
  -397472350093.23236     
   2951444547507.4580     
  -4441994523569.2324     
   2526777541426.1128     
  -1565283872130.0530     
   729653088122.52893     
   5182918135090.9473     
  -18730396481371.129     
   61112775610957.859     
  -166129195597561.31     
   263779930630861.59     
  -193467799599623.28     
   73269754683859.656     
  -35435079461565.062     
   45733183458693.305     
  -60427799399911.164     
   25563292939973.180     
  -812314849246.94336     
   522067319786.91516     
  -3751450727821.7144     
   5237254151471.8486     
  -2295700005333.3413     
   921588080297.52319     
   3724865091359.4854     
  -20655261245004.895     
   53225178996700.602     
  -152788700071447.91     
   396696861177560.81     
  -618477772709646.62     
   449606184187255.44     
  -169997746321838.72     
   83531633391720.031     
  -123847156748286.12     
   183529206326833.84     
  -87576728692579.531     
   8050939521956.2090     
  -529508780427.89288     
   7899842425451.5742     
  -21278118488948.371     
   24174736837314.199     
  -14280696810544.896     
   15826005940549.734     
  -39876903374208.641     
   72466300907367.328     
  -248939703073230.00     
   758253033245434.00     
  -1114822294640843.2     
   694057715206877.50     
  -204283338523659.81     
   99393027701788.688     
  -152804111222055.44     
   276676673418971.19     
  -159676462060544.88     
   26238697387096.965     
   1387160157572.2988     
  -32497254949400.281     
   103158705659281.28     
  -128610251374576.16     
   75710895753848.906     
  -101306845570716.05     
   313500709190387.69     
  -660962856724041.00     
   2157179279026721.0     
  -6219753214870646.0     
   9249250991201484.0     
  -6016151971481588.0     
   1928762015237194.5     
  -949298333450953.75     
   1494975461680936.8     
  -2554062783545500.5     
   1399029821377466.2     
  -204234168367183.94     
  -984077848747.93665     
   33640626485911.199     
  -116069112059038.52     
   151505331138214.53     
  -90827716216442.734     
   120675870953872.94     
  -393998181279275.75     
   824121636604830.88     
  -2522660660843083.0     
   7166014818926322.0     
  -10556051550986326.     
   6760023770682940.0     
  -2114614480735913.5     
   1019803574863972.9     
  -1462639266169275.2     
   2582165360193024.0     
  -1469762288104700.5     
   236050646662643.19     
  -4676062967989.8066     
   22091192193247.668     
  -2383396882828.2490     
  -46726358371448.039     
   48142843748067.984     
  -122549034707233.78     
   470915555749525.38     
  -926812573501575.25     
   1530148423600085.5     
  -3126949671998171.5     
   4434914489411485.0     
  -2902824501639856.0     
   1011043209679636.9     
  -368226463490211.81     
  -412272256217440.81     
   440021077015576.19     
  -17839404126128.715     
  -88581126849101.453     
   12871537906210.273     
  -76066007006177.969     
   74832385238456.438     
   37095001683550.602     
  -95571201753094.906     
   327397663253662.25     
  -1179749327269812.8     
   2289348732150693.5     
  -2328268111781292.5     
   1835210138680088.0     
  -2696826663817658.0     
   2901276520152132.0     
  -1866068782622388.8     
   549396733190903.06     
   2291956709503845.0     
  -3574229622280657.5     
   1506979633608496.5     
  -32220326302759.074     
  -13133855492228.615     
   57820391050980.641     
  -1046591704400.5824     
  -159347547440077.41     
   213382501635216.50     
  -536661699621203.94     
   1743547145826467.0     
  -3347130768589024.0     
   2992327662906296.0     
  -899451292923769.50     
   1672117033467620.2     
  -3439510536516039.0     
   2923822704508414.5     
  -928324797123943.62     
  -3287256064960975.5     
   5450148138376747.0     
  -2487982147082714.0     
   158868341680264.41     
   4754866891891.8857     
  -9560396925959.8965     
  -45371414850897.883     
   131940799825650.47     
  -144832903291206.59     
   305153842335575.88     
  -929859745498759.75     
   1768637661155530.0     
  -1526092612182201.5     
   231274939589047.94     
  -605316391947348.88     
   1773983932386764.2     
  -1627087129794699.2     
   546009100683933.88     
   1651666257544941.8     
  -2825287069073552.5     
   1331615580905202.5     
  -107885882684048.08     
   363534034.01866418     
  -26301971111.981895     
   111717533389.67830     
  -160362757178.61069     
   103479713389.51453     
  -87588643771.279633     
   83030359942.822845     
   20643174847.256416     
  -58227070169.882904     
  -153428677001.14975     
   404004513984.32941     
  -321031663978.19684     
   170790149002.64865     
  -151101985502.89651     
   243554497990.64093     
  -312236920144.20172     
   136729812463.82100     
  -13561917134.236914     
   36732932569.425568     
  -226629310367.43182     
   204639418238.82498     
   32997717991.878735     
   38688432196.404335     
  -180810114795.32401     
   293729427783.51752     
  -613640695330.33911     
   271040731288.25140     
   1812708041960.1902     
  -3899774599742.1685     
   2967432321853.0928     
  -1273758265246.3872     
   991499245467.91626     
  -2372163744071.6631     
   3489839409538.4751     
  -1608837935136.8328     
   121091129859.57106     
  -512010782894.13947     
   4234046369914.7451     
  -7388709999367.1064     
   6002579008336.5996     
  -4655134014285.9932     
   5968510959865.1992     
  -7136931246121.7754     
   5105519814998.6982     
   7874866152078.0996     
  -39715923175787.266     
   66217090059405.633     
  -47652757261003.609     
   19066382359948.508     
  -12930639340185.225     
   32366631462519.918     
  -50847509382026.836     
   24625288604690.555     
  -2079232621576.4104     
   1498627956256.0901     
  -12040616370690.381     
   20349516328822.312     
  -15355826581370.523     
   10979093386265.721     
  -11599622940038.074     
   7341706643073.1738     
   12957316494734.119     
  -91308531372240.453     
   265655100759095.12     
  -401656085857384.94     
   281481292750378.25     
  -109770451940192.20     
   67684797002863.000     
  -147953239657646.28     
   232868183473720.28     
  -114407533941550.95     
   11018653957308.555     
  -2010584668445.7939     
   16266715699252.393     
  -26947357948977.766     
   18687553973252.367     
  -10935155047181.453     
   2934957275733.9600     
   19729617438966.102     
  -73951803915986.125     
   259853672085854.69     
  -661093857175148.75     
   959687968034691.00     
  -661766518981939.88     
   255851127690563.78     
  -150478610594206.97     
   293075097731437.19     
  -459980539802997.44     
   228167140227419.41     
  -23907516403306.691     
   2519675310002.9150     
  -37628443935031.867     
   100647965489058.25     
  -113607487287940.91     
   65831157605759.148     
  -40230219569875.750     
   49103499307633.953     
  -73895581349981.297     
   352322989806674.31     
  -1116555375273064.5     
   1627392406756078.2     
  -1028691739419263.5     
   329799284763072.56     
  -124817904388736.95     
  -5231412114759.7686     
  -55826277262930.430     
   77427815918780.109     
  -29060797829368.262     
  -8182302139983.7891     
   156102389142248.34     
  -470542053397977.44     
   570530268026115.50     
  -331948613539300.62     
   239901863706699.84     
  -439960852828931.69     
   910550572795350.38     
  -3435501202643776.0     
   9657600819543334.0     
  -13826852392294314.     
   8910832221009718.0     
  -3042568653656543.5     
   1381584988432228.2     
  -1147402359509520.8     
   2166033754186428.8     
  -1369972083479419.5     
   270519512278036.06     
   8366038288902.5166     
  -175606390205418.25     
   555631630682520.88     
  -697117796101722.38     
   414118341545614.38     
  -282569127742610.69     
   512520135804692.00     
  -1036537003439699.9     
   3827424294720445.0     
  -10848259335182848.     
   15522238649864594.     
  -9902529089717200.0     
   3247368326862511.5     
  -1254442563050818.8     
   253637705614162.41     
  -1057218239250353.8     
   1001778614716400.8     
  -301571621526758.88     
   12879174355903.654     
  -47538543405503.938     
  -67498953940808.758     
   253445118210113.19     
  -215196121998672.75     
   178185494269905.41     
  -398239159724876.50     
   709769576126353.88     
  -1541865185573731.5     
   3972591045239468.0     
  -5848585440714856.0     
   3807969294566603.5     
  -1013562824947577.6     
  -514115531662326.12     
   4013587199637509.5     
  -5185217280433040.0     
   1862566260774205.0     
   72274235119707.656     
  -42448555672264.703     
   260880897660353.28     
  -253898105646815.41     
  -147416960629657.06     
   313214782087845.88     
  -420603589314680.19     
   1003724686779055.4     
  -1752248330071220.5     
   1744894675525690.5     
  -1715309338841094.5     
   2978236320350751.0     
  -3065826312512077.0     
   1195821430335634.2     
   1629539966977153.0     
  -10065074725911720.     
   14109492508829820.     
  -5832786438099629.0     
   200477516080954.31     
   41141253893684.133     
  -184746606795530.91     
  -27527996270999.145     
   598836586944042.62     
  -716868408147036.12     
   820335644888704.88     
  -1638163496123986.8     
   2757168723355961.5     
  -2301636331168492.5     
   550577388071063.75     
  -1607759888299206.8     
   3378399279841467.5     
  -2081829978414319.5     
  -1683569760757722.8     
   12835218338164610.     
  -18749089778497088.     
   8153358564953210.0     
  -486761650583775.19     
  -12646814415567.279     
   12814308118355.850     
   201510793834937.78     
  -510879131741069.44     
   505811992892911.25     
  -517743199564509.44     
   925621349947859.00     
  -1508328485536890.5     
   1215775824049428.2     
  -61974560880653.797     
   544298398576062.12     
  -1731687314443222.0     
   1251745576977701.2     
   662953662615966.25     
  -6203736757085716.0     
   9277214916306320.0     
  -4139472894538830.5     
   301059019311962.69     
  -1437883059.8870754     
   43261780744.751328     
  -179144760087.32175     
   254724710221.45035     
  -160459660748.73145     
   137251060048.83167     
  -123338336969.28632     
  -88012603420.922699     
   236356526119.82321     
  -14759452498.001446     
  -307852568316.34106     
   279979172333.77759     
  -213744832738.40576     
   256059181502.14914     
  -462016721148.41205     
   626492888747.43860     
  -294945838663.84735     
   39202880299.764427     
  -60581977303.481773     
   411481381703.89990     
  -477553122302.55560     
   181471896631.00897     
  -298472267384.36896     
   488010583658.99182     
  -700887377081.24597     
   1487152059639.3862     
  -1564425496273.1135     
  -774842626220.25928     
   3335725424228.7598     
  -2680162329131.4951     
   1319668949002.5376     
  -1449220628094.8508     
   4451907511810.3838     
  -6889157000348.8672     
   3312842854526.4585     
  -312346245241.44354     
   877054310892.81787     
  -7547321720852.1162     
   13906591495515.303     
  -12565866250258.797     
   10279887408081.176     
  -12320554855884.174     
   15013083763256.436     
  -14094909071377.553     
  -137294534981.51787     
   36316412558134.195     
  -64448884470675.102     
   45489641510216.438     
  -19234650558653.609     
   17378181817406.932     
  -59854666672580.539     
   100215973950748.22     
  -50844607365444.273     
   5292042625740.6953     
  -2590732636790.3345     
   21728634275645.844     
  -39008420355637.508     
   33178073085841.188     
  -25327639865743.016     
   26933083356982.379     
  -24726125844857.961     
   3148831289756.6147     
   86217374892536.594     
  -275468784456434.56     
   404578985477682.00     
  -272198873295765.19     
   109203633958792.75     
  -84689921924706.188     
   245778100102799.84     
  -404987614516177.12     
   204684996477407.38     
  -21756799842334.613     
   3530031583661.7051     
  -30442966619649.184     
   54637968493638.906     
  -44164197975005.383     
   28897481351383.852     
  -16898144320694.109     
  -10675165325767.570     
   74835982725180.016     
  -287653006766248.62     
   715061362373488.50     
  -983665775373691.50     
   645913885627822.25     
  -253182116713814.78     
   177623904884255.62     
  -429387005319438.81     
   691310067456337.25     
  -346681876006470.62     
   36902100872246.594     
  -4809020305163.8525     
   72126081704267.359     
  -192406045288607.81     
   216252000115305.25     
  -123556167889690.77     
   63118683414777.938     
  -52820262708367.992     
   71883273793867.734     
  -384799209904261.38     
   1154708085812358.0     
  -1603901360486177.2     
   989204285374037.12     
  -311671998380017.62     
   78576290388512.859     
   210713454489073.06     
  -234912627185635.69     
   45318617513860.250     
   23714741140669.152     
   16641992263099.566     
  -297761336209995.38     
   878571220270193.50     
  -1046831901510752.8     
   592131920187856.75     
  -350226356374082.94     
   518244364752647.50     
  -1062064015836876.9     
   3934280284719105.5     
  -10265304921916762.     
   13854423144133782.     
  -8609335138154545.0     
   2914674853893137.5     
  -1199854635786745.2     
   303699524526438.69     
  -1036683357089134.8     
   934080600503874.25     
  -266805642333565.00     
  -18459413781649.344     
   345444308693487.81     
  -1059415372505589.2     
   1302192568285102.8     
  -756649450437910.75     
   428704653328491.19     
  -597172079001340.75     
   1185470474187396.2     
  -4351309542087275.5     
   11420074476510554.     
  -15390101579356962.     
   9469297256659296.0     
  -2994585768912661.0     
   805947546754460.25     
   1419229938764290.5     
  -1146587226458534.8     
  -148437887526678.09     
   293616971488572.00     
  -18272771030565.301     
   50246864860849.508     
   185252965876832.22     
  -504854259604532.44     
   406178052838054.31     
  -248675433751827.97     
   327764040647066.25     
  -520545584644888.38     
   1449020786064328.8     
  -3848243606344443.0     
   5362988331676294.0     
  -3289273507845926.5     
   397815213643942.31     
   1687324526808154.8     
  -7454840647757528.0     
   9618517171819758.0     
  -3587342979638187.5     
  -47161967313345.742     
   68811719991867.734     
  -430593067148434.00     
   419320568346595.00     
   254591849516648.81     
  -525556693405521.06     
   511371760316198.88     
  -757733165037087.50     
   1048375074035112.2     
  -1068451235608815.0     
   1358748992582206.2     
  -2290979176660117.0     
   2042428047423861.5     
   333157107532027.62     
  -4212511108484429.5     
   17255278167147138.     
  -23556839301742608.     
   9650696335766954.0     
  -334583905515315.12     
  -65064397427701.109     
   295844595272516.00     
   63115077406366.133     
  -1020402743978796.2     
   1199868701607568.2     
  -1077028111062241.9     
   1370990599366924.2     
  -1732052364655722.2     
   1287764496940058.2     
  -257095025227859.78     
   977817714709605.25     
  -1998084257713562.5     
  -10166395267512.344     
   4912837381964079.0     
  -21717760849290612.     
   30696162275447664.     
  -13148509725198592.     
   748160998476854.62     
   17934164310426.727     
  -5157224187670.4346     
  -368254354040887.88     
   887966040400820.88     
  -858763431892415.38     
   713193021464668.12     
  -824062048419969.88     
   978523847875977.88     
  -685119395898698.38     
  -46417500131016.531     
  -270592558375370.28     
   1012256891741594.9     
  -187785271626222.25     
  -2221837440741314.0     
   10468049809081264.     
  -15092041872913142.     
   6616293941790550.0     
  -454036872670450.62     
   968051994.51918459     
  -23023595407.308285     
   93978110363.475235     
  -132249956561.12856     
   81367959971.353256     
  -70201897247.024109     
   61481948526.626556     
   61117346207.653984     
  -158065074712.36020     
   60064163119.801132     
   101295126591.75623     
  -107297211506.46779     
   104324101198.76530     
  -140890314397.28799     
   258926699058.14569     
  -354496516128.85822     
   169904644137.35507     
  -24401696829.359417     
   32424646684.859192     
  -229282138053.65634     
   290555837517.56061     
  -158621110666.18878     
   222765126760.66141     
  -311732595136.21631     
   428706210092.36963     
  -906365463569.70544     
   1074568851551.1299     
  -3569426752.5354738     
  -1244146328064.6885     
   1059298110196.0355     
  -575375301905.49109     
   750203047146.04468     
  -2494354347523.6733     
   3899805721026.5044     
  -1889870299798.2100     
   184968026937.58585     
  -477690624572.06940     
   4178504837273.6357     
  -7867570789632.0898     
   7388838967689.3877     
  -6154855906040.1738     
   7189275513973.1758     
  -8720048599290.4893     
   8656198135535.8096     
  -2354241624768.8306     
  -14240662535615.975     
   26862741177376.102     
  -18829846502392.191     
   8271863194721.5479     
  -8670195080501.1299     
   33333631491011.066     
  -56666676826158.414     
   29029324974160.176     
  -3128793515546.8169     
   1417466946903.1541     
  -12101364064768.146     
   22246412045045.867     
  -19734680811828.535     
   15378767321754.848     
  -16162619795311.230     
   15441269221344.332     
  -5649066137500.0400     
  -35048332630582.949     
   119306406933196.69     
  -172979859494809.97     
   113868666426216.91     
  -46676656091110.016     
   41042720103231.023     
  -132941876940406.09     
   221785969840228.25     
  -112811357202128.28     
   12202222413469.854     
  -1944995245815.4341     
   17212374251932.633     
  -31826560917607.258     
   27027140423445.723     
  -18233032572358.445     
   11589677550017.766     
   2434342061032.6646     
  -33263479459264.840     
   130243082338926.02     
  -317745285087991.56     
   424755072913961.19     
  -271511259149961.44     
   107570870339501.38     
  -83499695625205.391     
   223062681306713.19     
  -362211830348988.50     
   182068393823428.12     
  -19317952668706.004     
   2734009357725.5381     
  -41089202697391.570     
   109510124359733.80     
  -122887164866730.25     
   69855700038043.969     
  -33896334263816.406     
   25166554759474.105     
  -33169505179419.293     
   176219745643529.91     
  -505719384283518.69     
   680089315061334.25     
  -411109410531204.81     
   125377077989257.27     
  -19553126917371.203     
  -140482525457470.95     
   169202028116575.47     
  -47590763240581.391     
  -9034448281895.7578     
  -9667773361526.4238     
   169195769294266.28     
  -495241992794168.06     
   585929836940604.38     
  -327409356898840.69     
   182052645728376.72     
  -254788206278435.03     
   518152376570548.75     
  -1832297101770166.8     
   4548933228241404.0     
  -5921361165922054.0     
   3588868285462204.5     
  -1192434424378977.8     
   453887347028727.94     
   59224558447900.195     
   210600264054605.28     
  -317702750434175.56     
   115433413773969.59     
   11000829225725.279     
  -198493312942761.91     
   601985035532791.75     
  -734056353174281.50     
   422541198311889.56     
  -227565917936650.16     
   295408062116467.25     
  -579723645465282.88     
   2029470024709402.5     
  -5045735440784724.0     
   6545019341051357.0     
  -3923235944298356.0     
   1189473125684982.0     
  -211801791870348.47     
  -1013122463312410.1     
   999877422180329.00     
  -123826939461985.16     
  -126545049432421.20     
   9116102502848.5820     
  -20237814487261.566     
  -117071351292854.28     
   291465235717568.44     
  -230312367167407.00     
   132652444547295.17     
  -143507607915419.22     
   214700834707154.94     
  -642628560954111.62     
   1649116322803481.5     
  -2189677462845550.2     
   1277595306092465.0     
   1407374920161.7483     
  -1042086967048866.0     
   4101220494971754.0     
  -5277765919582134.0     
   1981863038196406.2     
   15621249821074.324     
  -36702033418772.523     
   231244660997229.72     
  -225326780566020.72     
  -138941104814560.28     
   285246240833355.12     
  -257187025166913.16     
   306159689064646.00     
  -350503035911184.75     
   365460083973175.25     
  -530222321223196.69     
   826128618991203.12     
  -631972211461223.88     
  -539587945231867.31     
   2499724366280761.0     
  -9338965153066334.0     
   12648574199900864.     
  -5166557389241071.0     
   178325249330496.19     
   34370071721316.598     
  -157086410777484.81     
  -37236806296114.953     
   554266514037076.88     
  -649532242493755.00     
   550404704174822.69     
  -581254423919414.38     
   586881102339328.00     
  -386534812000083.81     
   59915305125143.148     
  -265623940305400.62     
   531470320352002.94     
   537023998976292.06     
  -2974285677678716.5     
   11736449951094048.     
  -16428163860056352.     
   7005187941674727.0     
  -391720380181308.69     
  -9000615336718.2695     
  -711420640951.66028     
   205541132687761.06     
  -486572128718144.31     
   467376210188011.50     
  -369285324981441.12     
   359967690554350.00     
  -337929205922137.19     
   202771479528364.19     
   40744290140704.891     
   45942563987196.500     
  -264872100715898.28     
  -188642727640750.28     
   1372294075225983.0     
  -5658725809772734.0     
   8070154199566919.0     
  -3519050461563213.0     
   236578186505978.00     
