-1.027204e+00,1.181151e+00,1.145835e+00,-4.803251e-01,-1.749289e-01,-1.929321e+00,-4.819425e-01,1.937366e-01,1.991003e+00,2.307474e-01
3.303676e-01,3.802297e-01,-8.547804e-01,1.413225e+00,3.138831e-01,6.636754e-01,-9.558468e-01,-3.160343e-01,6.191728e-01,-7.739977e-02
-1.745133e+00,-1.031438e+00,-4.883070e-01,7.829245e-01,2.090236e-02,-7.571892e-01,2.169308e+00,1.191157e-01,1.341605e+00,-3.329599e-01
1.392253e-01,-4.211319e-01,-4.925201e-02,-1.297272e+00,-1.925618e-01,1.117176e+00,-4.718413e-01,-1.086591e-04,1.581687e+00,-3.799580e-04
-1.818662e-01,3.640666e-01,7.066366e-02,-9.745002e-02,-6.659267e-02,8.165943e-01,-2.049512e-01,-1.754935e-01,-1.742830e-01,-1.258049e-01
1.079485e+00,8.037138e-01,7.062152e-01,-1.832336e+00,2.979749e-01,-6.278275e-01,-1.606787e+00,-4.067683e-01,2.661292e-01,-8.007774e-02
7.906045e-01,7.191193e-02,-1.835385e+00,1.389583e+00,2.650800e-01,1.106365e+00,-7.356442e-02,3.260865e-01,3.922182e-01,2.272410e-02
8.044636e-01,1.479332e+00,8.540699e-01,-2.070792e+00,4.292280e-01,-1.496409e+00,-1.644603e+00,3.573612e-01,-4.336493e+00,-2.562743e-01
-8.062211e-01,-4.365763e-01,2.665776e+00,-2.249214e+00,1.962911e-01,-5.288824e+00,-8.171359e-01,-5.941792e-02,-1.816275e+00,-4.285658e-01
6.340637e-01,-9.996589e-01,7.093516e-01,-1.407726e+00,-4.343760e-02,7.359735e-01,-1.388005e+00,1.060865e-02,-1.130622e+00,-1.437553e-01
