-1.027246e+00,1.180863e+00,1.142357e+00,-4.811353e-01,-8.300251e-03,-1.928869e+00,-4.814920e-01,-1.265935e-01,1.992877e+00,-1.356983e-01
3.318320e-01,3.796067e-01,-8.504545e-01,1.413768e+00,5.746047e-02,6.704829e-01,-9.557992e-01,9.424515e-02,6.168247e-01,7.766126e-02
-1.745719e+00,-1.031223e+00,-4.864214e-01,7.819268e-01,2.508499e-01,-7.555659e-01,2.169129e+00,-7.208942e-02,1.339582e+00,2.719467e-01
1.386236e-01,-4.213343e-01,-4.983040e-02,-1.297565e+00,-3.051622e-01,1.114861e+00,-4.726302e-01,-4.786476e-02,1.580060e+00,-6.247131e-02
-1.816069e-01,3.651816e-01,6.980323e-02,-9.734115e-02,1.237550e-01,8.195164e-01,-2.046144e-01,-1.370885e-01,-1.745452e-01,-3.957323e-02
1.080392e+00,8.037850e-01,7.046202e-01,-1.831817e+00,1.810404e-01,-6.302689e-01,-1.606610e+00,-5.031991e-02,2.643268e-01,-3.437227e-01
7.911059e-01,7.180587e-02,-1.835296e+00,1.389439e+00,-1.864431e-01,1.107544e+00,-7.365905e-02,-1.139428e-01,3.922752e-01,-3.717485e-01
8.029581e-01,1.480638e+00,8.571672e-01,-2.071483e+00,2.493100e-01,-1.492708e+00,-1.645713e+00,3.233559e-01,-4.337628e+00,-5.515644e-01
-8.073982e-01,-4.367460e-01,2.664136e+00,-2.248111e+00,5.258884e-02,-5.290116e+00,-8.173153e-01,-1.958733e-02,-1.818192e+00,-2.125739e-02
6.346581e-01,-1.000949e+00,7.113933e-01,-1.407529e+00,-1.032859e-01,7.378959e-01,-1.387930e+00,-9.669886e-02,-1.133834e+00,-1.461184e-02
