-1.026687e+00,1.180424e+00,1.144484e+00,-4.814839e-01,-1.233305e-01,-1.925480e+00,-4.814487e-01,-2.463022e-01,1.991246e+00,1.694056e-01
3.312659e-01,3.813545e-01,-8.562171e-01,1.415191e+00,4.972267e-01,6.679542e-01,-9.561329e-01,1.866514e-01,6.186848e-01,-3.778501e-03
-1.745958e+00,-1.030733e+00,-4.863764e-01,7.836103e-01,6.400194e-02,-7.560859e-01,2.169463e+00,2.993919e-02,1.339834e+00,1.855017e-01
1.388143e-01,-4.209986e-01,-5.107645e-02,-1.297217e+00,8.543244e-02,1.111568e+00,-4.713061e-01,1.091014e-01,1.582407e+00,-1.524664e-01
-1.817554e-01,3.642319e-01,7.048836e-02,-9.707138e-02,-3.043740e-01,8.222837e-01,-2.050932e-01,9.691037e-02,-1.721402e-01,-7.545902e-02
1.080640e+00,8.040270e-01,7.060624e-01,-1.831971e+00,4.626553e-01,-6.301642e-01,-1.605177e+00,3.645413e-02,2.640872e-01,-1.346097e-01
7.917871e-01,7.198184e-02,-1.836486e+00,1.389953e+00,-8.982308e-02,1.104642e+00,-7.354493e-02,1.951031e-02,3.920038e-01,6.550071e-04
8.055200e-01,1.477419e+00,8.566312e-01,-2.069830e+00,-2.038373e-02,-1.490079e+00,-1.641968e+00,2.512022e-01,-4.344250e+00,-1.818893e-01
-8.051332e-01,-4.367977e-01,2.663022e+00,-2.248035e+00,-1.351134e-01,-5.293221e+00,-8.178455e-01,-2.873028e-02,-1.815599e+00,-1.651873e-01
6.345141e-01,-1.000299e+00,7.097135e-01,-1.407842e+00,1.855846e-01,7.366775e-01,-1.387744e+00,2.740242e-01,-1.132496e+00,-1.337241e-01
