-1.026435e+00,1.179621e+00,1.145474e+00,-4.816307e-01,-8.484873e-02,-1.926797e+00,-4.808895e-01,-3.798552e-02,1.990937e+00,1.982197e-02
3.316435e-01,3.791507e-01,-8.538080e-01,1.414281e+00,-4.212854e-01,6.666989e-01,-9.574989e-01,-1.149629e-01,6.210538e-01,2.373495e-01
-1.746091e+00,-1.031465e+00,-4.862121e-01,7.818284e-01,-9.492703e-02,-7.574743e-01,2.169501e+00,-1.351718e-01,1.338946e+00,1.302838e-01
1.393021e-01,-4.207930e-01,-4.848602e-02,-1.297697e+00,-3.045109e-02,1.116696e+00,-4.715520e-01,-2.686578e-01,1.579470e+00,-7.065786e-02
-1.817013e-01,3.633249e-01,7.002423e-02,-9.636893e-02,3.924806e-03,8.192183e-01,-2.039364e-01,-4.993927e-03,-1.732538e-01,1.864217e-01
1.080326e+00,8.051103e-01,7.073462e-01,-1.832196e+00,-6.064647e-02,-6.284591e-01,-1.605894e+00,-1.247878e-01,2.635065e-01,3.280523e-01
7.911613e-01,7.233575e-02,-1.836929e+00,1.390026e+00,3.074988e-01,1.106338e+00,-7.623039e-02,-1.556359e-01,3.928504e-01,1.052939e-01
8.046162e-01,1.479808e+00,8.596414e-01,-2.072249e+00,4.808229e-01,-1.493773e+00,-1.645253e+00,-4.367497e-01,-4.340565e+00,-2.545554e-01
-8.053563e-01,-4.372785e-01,2.665002e+00,-2.247995e+00,-1.620515e-02,-5.292917e+00,-8.168865e-01,1.436060e-01,-1.816584e+00,4.236344e-01
6.355345e-01,-9.988425e-01,7.111492e-01,-1.408035e+00,-1.947407e-01,7.373215e-01,-1.388300e+00,3.687148e-02,-1.131987e+00,7.560946e-02
