-1.025944e+00,1.180534e+00,1.145205e+00,-4.812654e-01,-6.431565e-02,-1.926296e+00,-4.816422e-01,-1.525666e-01,1.993046e+00,-5.614985e-02
3.312773e-01,3.800506e-01,-8.559203e-01,1.412987e+00,2.368729e-02,6.665489e-01,-9.555678e-01,-2.079428e-01,6.186243e-01,-2.107059e-01
-1.745846e+00,-1.032417e+00,-4.877540e-01,7.825184e-01,-1.159034e-01,-7.578799e-01,2.169269e+00,-3.689213e-01,1.340740e+00,-1.349014e-01
1.386963e-01,-4.219136e-01,-5.069722e-02,-1.297123e+00,-1.731190e-01,1.117715e+00,-4.720262e-01,-3.583706e-02,1.583175e+00,-2.063697e-02
-1.810657e-01,3.638237e-01,6.952520e-02,-9.774892e-02,-1.596824e-01,8.187727e-01,-2.038651e-01,-2.731795e-01,-1.735997e-01,5.198779e-02
1.080661e+00,8.038112e-01,7.050692e-01,-1.831869e+00,2.740412e-01,-6.289228e-01,-1.605558e+00,-7.152322e-02,2.652949e-01,-1.269476e-01
7.910823e-01,7.196081e-02,-1.836555e+00,1.389808e+00,8.326088e-02,1.107122e+00,-7.466136e-02,-1.598050e-03,3.915886e-01,1.294424e-02
8.039336e-01,1.479648e+00,8.573406e-01,-2.069680e+00,3.212523e-01,-1.492378e+00,-1.647073e+00,-1.589653e-01,-4.338928e+00,3.829322e-02
-8.058191e-01,-4.359123e-01,2.662518e+00,-2.247452e+00,1.451804e-01,-5.292022e+00,-8.189573e-01,7.980047e-02,-1.822822e+00,2.212526e-01
6.344180e-01,-1.000823e+00,7.102681e-01,-1.407445e+00,1.453487e-01,7.355645e-01,-1.388407e+00,-5.693658e-02,-1.132675e+00,1.102336e-02
