-1.026768e+00,1.179737e+00,1.146061e+00,-4.807769e-01,3.217874e-01,-1.927817e+00,-4.810889e-01,1.259827e-01,1.988404e+00,1.249279e-01
3.311442e-01,3.789477e-01,-8.527329e-01,1.413919e+00,-2.646926e-01,6.628410e-01,-9.544799e-01,-2.819773e-01,6.185459e-01,3.412791e-01
-1.745173e+00,-1.031408e+00,-4.878688e-01,7.828208e-01,-1.920548e-01,-7.583103e-01,2.170336e+00,9.017184e-02,1.339028e+00,2.992763e-01
1.392327e-01,-4.208506e-01,-4.914166e-02,-1.297521e+00,5.001865e-02,1.118609e+00,-4.715900e-01,1.066192e-01,1.580723e+00,1.477867e-01
-1.821878e-01,3.646377e-01,6.870700e-02,-9.696346e-02,1.124796e-01,8.151565e-01,-2.059868e-01,-3.163460e-02,-1.731268e-01,-2.465802e-01
1.080563e+00,8.048026e-01,7.058910e-01,-1.831698e+00,8.016049e-02,-6.287866e-01,-1.605678e+00,-2.163906e-01,2.630440e-01,-4.232048e-01
7.907310e-01,7.141497e-02,-1.836906e+00,1.390326e+00,2.140872e-01,1.107831e+00,-7.453771e-02,3.022299e-01,3.920339e-01,-5.175329e-02
8.053184e-01,1.478606e+00,8.569218e-01,-2.071556e+00,-4.793746e-01,-1.489481e+00,-1.645900e+00,-3.520695e-01,-4.344572e+00,1.606865e-02
-8.062947e-01,-4.364781e-01,2.662773e+00,-2.248823e+00,-1.829831e-01,-5.289565e+00,-8.163026e-01,-1.073746e-01,-1.820130e+00,3.059263e-02
6.350702e-01,-1.000352e+00,7.105423e-01,-1.407263e+00,-1.137122e-01,7.356459e-01,-1.388475e+00,-8.935735e-03,-1.130052e+00,-3.995325e-02
