-1.026904e+00,1.180051e+00,1.143687e+00,-4.816742e-01,-1.590396e-01,-1.928109e+00,-4.822081e-01,-3.263859e-01,1.993690e+00,-1.506685e-01
3.297642e-01,3.801961e-01,-8.548833e-01,1.413854e+00,-8.307144e-03,6.663958e-01,-9.546476e-01,-2.295882e-01,6.149643e-01,1.511150e-01
-1.745753e+00,-1.031217e+00,-4.858249e-01,7.827034e-01,4.319357e-01,-7.604681e-01,2.170041e+00,-1.870531e-02,1.339288e+00,-4.327559e-01
1.391201e-01,-4.210963e-01,-4.906677e-02,-1.297419e+00,-9.733447e-02,1.115524e+00,-4.714816e-01,-4.197726e-01,1.582219e+00,1.016348e-01
-1.818196e-01,3.644737e-01,7.220523e-02,-9.700720e-02,5.721950e-01,8.182108e-01,-2.044781e-01,-4.611819e-01,-1.766068e-01,1.726779e-01
1.080183e+00,8.043068e-01,7.060161e-01,-1.831050e+00,-3.155774e-01,-6.246804e-01,-1.606283e+00,1.087478e-01,2.644554e-01,2.715070e-01
7.907582e-01,7.268319e-02,-1.836421e+00,1.390555e+00,-5.030374e-02,1.110099e+00,-7.331752e-02,-9.016492e-02,3.938239e-01,-2.199431e-01
8.021958e-01,1.480990e+00,8.602516e-01,-2.071250e+00,2.276272e-01,-1.491223e+00,-1.644639e+00,-1.163200e-01,-4.338533e+00,5.875425e-01
-8.048901e-01,-4.366205e-01,2.662036e+00,-2.247714e+00,1.369049e-01,-5.287717e+00,-8.162580e-01,3.584120e-01,-1.814397e+00,3.249463e-01
6.346309e-01,-1.000336e+00,7.113227e-01,-1.407216e+00,2.811578e-02,7.364539e-01,-1.388071e+00,-1.614142e-01,-1.133900e+00,-5.957245e-02
