-1.025369e+00,1.179983e+00,1.145293e+00,-4.801268e-01,3.000543e-01,-1.927384e+00,-4.829816e-01,-2.732723e-01,1.993820e+00,2.508369e-01
3.306215e-01,3.788202e-01,-8.555915e-01,1.413299e+00,1.489559e-01,6.673301e-01,-9.538358e-01,2.948047e-01,6.183613e-01,-7.000790e-02
-1.745334e+00,-1.031266e+00,-4.867735e-01,7.825950e-01,-1.209056e-01,-7.566361e-01,2.169170e+00,-1.652619e-01,1.341456e+00,-3.173655e-02
1.380445e-01,-4.217028e-01,-4.953533e-02,-1.298344e+00,2.513591e-01,1.117459e+00,-4.711896e-01,1.702682e-01,1.580579e+00,2.345704e-01
-1.819193e-01,3.637599e-01,6.914367e-02,-9.615479e-02,-2.426753e-02,8.179335e-01,-2.060432e-01,-1.954174e-01,-1.734341e-01,-1.788134e-02
1.081041e+00,8.042581e-01,7.055055e-01,-1.831119e+00,3.103655e-01,-6.291527e-01,-1.605758e+00,1.221207e-01,2.669183e-01,1.612428e-01
7.907210e-01,7.204306e-02,-1.836362e+00,1.390426e+00,3.528256e-01,1.108672e+00,-7.477015e-02,-1.790808e-01,3.898919e-01,3.562198e-01
8.038290e-01,1.478755e+00,8.592774e-01,-2.071614e+00,-7.050391e-02,-1.496127e+00,-1.646895e+00,1.455999e-01,-4.341603e+00,2.433144e-01
-8.058800e-01,-4.360945e-01,2.664871e+00,-2.247738e+00,-2.367013e-01,-5.284280e+00,-8.159218e-01,7.034069e-02,-1.822005e+00,1.341237e-01
6.343020e-01,-9.997522e-01,7.106067e-01,-1.408500e+00,3.414573e-01,7.380766e-01,-1.387964e+00,-1.503787e-01,-1.131054e+00,-3.157479e-02
