-1.026382e+00,1.180672e+00,1.144261e+00,-4.830016e-01,-2.416543e-01,-1.929914e+00,-4.812681e-01,1.113481e-02,1.994398e+00,9.843369e-03
3.320239e-01,3.792927e-01,-8.554253e-01,1.413131e+00,-1.967676e-01,6.626850e-01,-9.555072e-01,-9.997326e-02,6.178718e-01,4.278595e-01
-1.744979e+00,-1.032872e+00,-4.878102e-01,7.819581e-01,-7.649284e-02,-7.562403e-01,2.170100e+00,-1.542260e-01,1.339679e+00,8.593527e-02
1.391788e-01,-4.207091e-01,-5.053988e-02,-1.296707e+00,-1.039566e-01,1.119384e+00,-4.719379e-01,2.297060e-01,1.583509e+00,-7.596701e-02
-1.817947e-01,3.650837e-01,6.690787e-02,-9.753657e-02,-1.224672e-01,8.179108e-01,-2.050491e-01,1.605073e-01,-1.752575e-01,-1.178927e-01
1.080255e+00,8.045105e-01,7.054277e-01,-1.831486e+00,-4.975356e-01,-6.276007e-01,-1.606358e+00,1.291683e-01,2.654053e-01,-2.567106e-01
7.908089e-01,7.151967e-02,-1.836523e+00,1.390045e+00,-2.181796e-01,1.107634e+00,-7.481989e-02,-5.703491e-02,3.927658e-01,1.818366e-01
8.048854e-01,1.479675e+00,8.557843e-01,-2.072467e+00,4.115332e-04,-1.490601e+00,-1.645981e+00,-2.657296e-01,-4.340315e+00,6.501709e-02
-8.065082e-01,-4.368701e-01,2.664415e+00,-2.248726e+00,2.938142e-02,-5.288093e+00,-8.167985e-01,-6.877316e-03,-1.823101e+00,1.167734e-01
6.350028e-01,-1.000588e+00,7.106950e-01,-1.407766e+00,-6.282441e-02,7.368837e-01,-1.388369e+00,1.540413e-01,-1.133314e+00,-1.063269e-01
