-1.026996e+00,1.179930e+00,1.144500e+00,-4.808086e-01,7.553679e-02,-1.932226e+00,-4.818825e-01,-1.023068e-01,1.994973e+00,-7.456988e-02
3.310914e-01,3.793308e-01,-8.538965e-01,1.414471e+00,-3.378448e-02,6.659486e-01,-9.566487e-01,1.675043e-01,6.177383e-01,-3.879367e-01
-1.746158e+00,-1.032339e+00,-4.873724e-01,7.829946e-01,-3.897590e-01,-7.595616e-01,2.168065e+00,3.326514e-01,1.342775e+00,1.320425e-01
1.389808e-01,-4.207574e-01,-5.027568e-02,-1.296935e+00,5.534778e-02,1.118778e+00,-4.718038e-01,-1.360501e-01,1.579913e+00,-4.741577e-02
-1.812880e-01,3.634403e-01,6.822730e-02,-9.782142e-02,-2.209170e-01,8.185491e-01,-2.040924e-01,8.749580e-02,-1.750021e-01,2.984062e-01
1.081381e+00,8.044982e-01,7.057034e-01,-1.831900e+00,-1.689747e-01,-6.316147e-01,-1.606021e+00,3.126568e-01,2.625641e-01,6.037139e-01
7.899741e-01,7.277776e-02,-1.836586e+00,1.390589e+00,-8.995532e-03,1.109089e+00,-7.503555e-02,1.401283e-01,3.926357e-01,-8.448864e-02
8.034603e-01,1.480078e+00,8.600505e-01,-2.071695e+00,-1.192666e-01,-1.491400e+00,-1.645560e+00,5.003834e-01,-4.339617e+00,3.756507e-01
-8.050894e-01,-4.363903e-01,2.660707e+00,-2.247213e+00,-3.192084e-02,-5.287962e+00,-8.150683e-01,1.218480e-01,-1.819904e+00,-1.177320e-01
6.349118e-01,-9.993935e-01,7.099159e-01,-1.408263e+00,2.266177e-01,7.358755e-01,-1.388757e+00,8.273524e-02,-1.132180e+00,-2.706005e-02
