-1.026738e+00,1.180975e+00,1.145677e+00,-4.804670e-01,1.271973e-01,-1.931259e+00,-4.817042e-01,1.859052e-01,1.994944e+00,-4.873730e-01
3.313305e-01,3.795358e-01,-8.546385e-01,1.413547e+00,-9.123643e-02,6.676286e-01,-9.550422e-01,-1.812860e-01,6.206291e-01,-3.283447e-01
-1.745452e+00,-1.031954e+00,-4.865608e-01,7.824331e-01,4.326495e-02,-7.571029e-01,2.170071e+00,-2.214585e-01,1.342697e+00,-5.288945e-02
1.389557e-01,-4.214804e-01,-5.083967e-02,-1.297728e+00,2.103963e-01,1.119728e+00,-4.729259e-01,-1.002722e-02,1.581312e+00,2.742780e-01
-1.824923e-01,3.635747e-01,6.900695e-02,-9.634235e-02,5.584889e-02,8.166982e-01,-2.046821e-01,3.114080e-01,-1.737794e-01,3.927147e-01
1.081146e+00,8.035992e-01,7.051522e-01,-1.832456e+00,1.302904e-01,-6.329887e-01,-1.606490e+00,-5.636611e-02,2.617166e-01,-6.066384e-02
7.915030e-01,7.291762e-02,-1.836645e+00,1.390797e+00,-3.079233e-01,1.106607e+00,-7.492287e-02,-2.329795e-01,3.930090e-01,1.349625e-01
8.037946e-01,1.478286e+00,8.564499e-01,-2.071018e+00,4.411885e-02,-1.494261e+00,-1.644855e+00,-4.692616e-01,-4.348309e+00,-3.594076e-01
-8.054990e-01,-4.358969e-01,2.662874e+00,-2.246525e+00,-2.272653e-01,-5.290849e+00,-8.167347e-01,-8.492042e-02,-1.821533e+00,-3.606390e-01
6.358911e-01,-1.000268e+00,7.095702e-01,-1.407370e+00,1.500886e-02,7.358145e-01,-1.388125e+00,2.149428e-01,-1.130416e+00,1.697251e-01
