-1.027319e+00,1.180647e+00,1.145928e+00,-4.796804e-01,-1.807102e-02,-1.927442e+00,-4.817231e-01,2.801060e-01,1.991972e+00,-1.671329e-01
3.302255e-01,3.788715e-01,-8.557025e-01,1.414075e+00,2.853487e-01,6.674596e-01,-9.550580e-01,-5.872667e-01,6.155434e-01,-8.719625e-02
-1.745294e+00,-1.031618e+00,-4.880668e-01,7.817587e-01,1.751686e-01,-7.517004e-01,2.170296e+00,1.427154e-02,1.338739e+00,-2.810095e-01
1.380961e-01,-4.208246e-01,-5.172830e-02,-1.296748e+00,-6.214420e-02,1.117370e+00,-4.724731e-01,-1.291552e-01,1.580923e+00,-1.802865e-01
-1.825375e-01,3.638308e-01,6.802084e-02,-9.742500e-02,-2.599719e-01,8.162532e-01,-2.050123e-01,1.216082e-02,-1.722617e-01,1.449324e-01
1.081279e+00,8.046369e-01,7.044451e-01,-1.832635e+00,-1.185911e-01,-6.284109e-01,-1.604511e+00,6.707172e-02,2.666161e-01,3.112082e-01
7.906747e-01,7.256886e-02,-1.836257e+00,1.390755e+00,5.044634e-02,1.107246e+00,-7.404617e-02,-3.667997e-01,3.914501e-01,-1.505878e-01
8.058200e-01,1.478654e+00,8.594000e-01,-2.072663e+00,-1.040078e-01,-1.491960e+00,-1.644236e+00,-1.770410e-01,-4.340746e+00,2.705038e-01
-8.067161e-01,-4.366951e-01,2.667003e+00,-2.247610e+00,2.310410e-01,-5.292439e+00,-8.166070e-01,1.571943e-03,-1.826598e+00,2.886255e-01
6.334471e-01,-9.999578e-01,7.100133e-01,-1.408204e+00,-1.277691e-01,7.366077e-01,-1.388251e+00,7.212063e-03,-1.131284e+00,4.914154e-02
