-1.026421e+00,1.179763e+00,1.144574e+00,-4.805146e-01,-2.037812e-01,-1.926415e+00,-4.813531e-01,6.146303e-02,1.991854e+00,2.757982e-01
3.311644e-01,3.797146e-01,-8.539601e-01,1.413332e+00,-3.504412e-02,6.639245e-01,-9.543914e-01,-3.727352e-01,6.188230e-01,-5.498564e-02
-1.745047e+00,-1.031160e+00,-4.855359e-01,7.829603e-01,-5.121012e-02,-7.579980e-01,2.169858e+00,7.080049e-02,1.337266e+00,1.509424e-01
1.393507e-01,-4.205634e-01,-5.187309e-02,-1.297437e+00,-1.223293e-01,1.116838e+00,-4.714195e-01,-1.450525e-01,1.582612e+00,3.024671e-01
-1.820727e-01,3.639867e-01,6.893178e-02,-9.808084e-02,-4.235115e-01,8.197146e-01,-2.062203e-01,2.452761e-01,-1.765480e-01,-3.578205e-01
1.080531e+00,8.039519e-01,7.064105e-01,-1.831651e+00,3.779563e-01,-6.282643e-01,-1.606722e+00,2.640272e-02,2.650646e-01,-8.863117e-01
7.914472e-01,7.215616e-02,-1.835893e+00,1.390303e+00,1.632932e-01,1.106676e+00,-7.459468e-02,1.636704e-02,3.943015e-01,3.237730e-03
8.040535e-01,1.479431e+00,8.589581e-01,-2.071066e+00,2.056974e-01,-1.490949e+00,-1.645314e+00,2.927369e-01,-4.335938e+00,-1.750569e-01
-8.064284e-01,-4.361829e-01,2.662613e+00,-2.248983e+00,-3.181836e-01,-5.289388e+00,-8.144303e-01,-2.019076e-01,-1.819206e+00,-2.402003e-02
6.340527e-01,-1.000781e+00,7.105719e-01,-1.406889e+00,8.598792e-02,7.354789e-01,-1.388183e+00,9.893589e-02,-1.132928e+00,7.381313e-02
