-1.026467e+00,1.181330e+00,1.146639e+00,-4.821631e-01,-1.111916e-01,-1.927297e+00,-4.824090e-01,-1.263621e-02,1.992703e+00,-1.699219e-02
3.315710e-01,3.801066e-01,-8.551089e-01,1.412351e+00,-1.233713e-01,6.683987e-01,-9.549611e-01,5.881701e-02,6.219067e-01,-3.342698e-01
-1.744211e+00,-1.030482e+00,-4.879502e-01,7.816582e-01,1.844078e-01,-7.570018e-01,2.169700e+00,9.987696e-02,1.340203e+00,-7.226324e-02
1.393886e-01,-4.213526e-01,-4.928517e-02,-1.297036e+00,-1.348260e-02,1.117805e+00,-4.716510e-01,1.356093e-01,1.581015e+00,9.402771e-03
-1.822832e-01,3.628581e-01,6.765621e-02,-9.678541e-02,1.845649e-01,8.168496e-01,-2.048602e-01,3.753475e-01,-1.758356e-01,9.258222e-02
1.080277e+00,8.041890e-01,7.065283e-01,-1.832244e+00,1.967849e-01,-6.295266e-01,-1.605704e+00,-1.398500e-01,2.657333e-01,-1.332935e-02
7.912073e-01,7.157563e-02,-1.835971e+00,1.389756e+00,7.868320e-02,1.107014e+00,-7.448805e-02,-2.920481e-01,3.941572e-01,-1.821797e-01
8.033546e-01,1.479214e+00,8.588839e-01,-2.071950e+00,4.580098e-02,-1.487900e+00,-1.645834e+00,-3.428536e-01,-4.335538e+00,-2.182296e-01
-8.052173e-01,-4.365516e-01,2.663565e+00,-2.248294e+00,-8.391093e-02,-5.289287e+00,-8.157045e-01,-2.281287e-01,-1.817996e+00,-3.325462e-02
6.345475e-01,-9.995243e-01,7.089484e-01,-1.408044e+00,-2.425599e-01,7.368305e-01,-1.388434e+00,1.186792e-01,-1.133504e+00,-2.881350e-01
