-1.027369e+00,1.180717e+00,1.142705e+00,-4.806230e-01,-3.242143e-01,-1.929679e+00,-4.820839e-01,8.581161e-02,1.993756e+00,3.856811e-04
3.314354e-01,3.791023e-01,-8.535604e-01,1.412657e+00,-2.260578e-01,6.663130e-01,-9.555941e-01,-2.176384e-02,6.182392e-01,-3.059252e-02
-1.745032e+00,-1.032075e+00,-4.881738e-01,7.826539e-01,1.009263e-01,-7.582246e-01,2.169345e+00,-2.624008e-01,1.341050e+00,4.245856e-01
1.384176e-01,-4.209350e-01,-5.105015e-02,-1.298882e+00,-8.230901e-02,1.121221e+00,-4.722294e-01,1.979179e-01,1.582185e+00,-8.739586e-02
-1.835399e-01,3.630144e-01,6.786451e-02,-9.649081e-02,-2.310355e-01,8.183624e-01,-2.052649e-01,3.445283e-02,-1.761135e-01,2.433630e-01
1.080917e+00,8.039932e-01,7.049831e-01,-1.831666e+00,4.021892e-02,-6.313543e-01,-1.606386e+00,1.498502e-01,2.642451e-01,-2.033362e-01
7.901406e-01,7.187958e-02,-1.838050e+00,1.390134e+00,4.452112e-02,1.103781e+00,-7.441096e-02,8.873985e-02,3.925097e-01,-3.006267e-02
8.040861e-01,1.481447e+00,8.624491e-01,-2.070404e+00,2.552612e-01,-1.489667e+00,-1.645110e+00,-1.233098e-01,-4.342116e+00,8.561273e-03
-8.048149e-01,-4.370188e-01,2.661706e+00,-2.248410e+00,-5.686757e-03,-5.287200e+00,-8.156206e-01,1.999973e-01,-1.819052e+00,-1.117635e-01
6.345573e-01,-1.000625e+00,7.114230e-01,-1.407882e+00,4.283987e-02,7.354255e-01,-1.387357e+00,-6.188656e-03,-1.132056e+00,-2.541220e-01
