-1.028095e+00,1.179917e+00,1.146155e+00,-4.802197e-01,-3.390976e-02,-1.928986e+00,-4.804820e-01,-7.169427e-02,1.995678e+00,1.045468e-01
3.307159e-01,3.794519e-01,-8.553239e-01,1.413021e+00,-1.863158e-01,6.694077e-01,-9.554246e-01,3.843938e-02,6.196281e-01,-1.560423e-01
-1.744704e+00,-1.032255e+00,-4.848402e-01,7.822603e-01,1.735626e-02,-7.559762e-01,2.170498e+00,6.454061e-02,1.342211e+00,-3.977361e-02
1.375044e-01,-4.216063e-01,-4.969152e-02,-1.298464e+00,1.553150e-01,1.118165e+00,-4.722926e-01,-6.058137e-02,1.582338e+00,-1.691453e-01
-1.809260e-01,3.649121e-01,7.171305e-02,-9.718101e-02,-1.626636e-01,8.193828e-01,-2.053074e-01,-8.621433e-02,-1.770277e-01,1.556123e-01
1.080947e+00,8.053374e-01,7.052154e-01,-1.831938e+00,1.483951e-01,-6.266656e-01,-1.606202e+00,-2.100789e-01,2.655830e-01,1.776269e-01
7.912006e-01,7.264249e-02,-1.836294e+00,1.390378e+00,2.907701e-02,1.107893e+00,-7.413703e-02,4.606326e-02,3.918442e-01,1.913714e-01
8.048097e-01,1.479526e+00,8.574832e-01,-2.068813e+00,-3.618438e-01,-1.488194e+00,-1.647170e+00,-1.469731e-02,-4.343165e+00,-1.430827e-01
-8.067872e-01,-4.352693e-01,2.663200e+00,-2.246964e+00,2.531771e-01,-5.293621e+00,-8.152370e-01,-1.025203e-01,-1.816717e+00,-1.432659e-01
6.348816e-01,-9.999301e-01,7.120798e-01,-1.408161e+00,1.266526e-01,7.362442e-01,-1.390259e+00,4.639555e-02,-1.131117e+00,9.836522e-02
