-1.027040e+00,1.179524e+00,1.145531e+00,-4.799577e-01,2.698022e-01,-1.928409e+00,-4.831762e-01,-3.836026e-01,1.992585e+00,-3.293993e-01
3.314545e-01,3.799390e-01,-8.529664e-01,1.413489e+00,7.172586e-02,6.641072e-01,-9.559552e-01,1.332775e-01,6.215733e-01,5.710859e-01
-1.745615e+00,-1.032038e+00,-4.864752e-01,7.831112e-01,-1.413985e-01,-7.572573e-01,2.169102e+00,-2.563708e-02,1.339529e+00,3.147297e-01
1.396382e-01,-4.205409e-01,-5.041913e-02,-1.296877e+00,-8.807230e-02,1.114693e+00,-4.715061e-01,-1.214660e-01,1.580332e+00,1.938705e-01
-1.822615e-01,3.639100e-01,6.965622e-02,-9.768752e-02,1.362868e-01,8.206379e-01,-2.047947e-01,-6.996366e-02,-1.753191e-01,-1.997622e-01
1.080706e+00,8.051954e-01,7.075416e-01,-1.831433e+00,-2.621328e-01,-6.305549e-01,-1.605856e+00,1.141100e-02,2.622708e-01,-7.913097e-02
7.905614e-01,7.248726e-02,-1.837944e+00,1.390346e+00,-6.468988e-02,1.104980e+00,-7.509310e-02,-2.631142e-01,3.924436e-01,7.002001e-02
8.057185e-01,1.480835e+00,8.601124e-01,-2.070265e+00,-2.146310e-01,-1.495686e+00,-1.645341e+00,-3.402468e-02,-4.341235e+00,-3.039665e-02
-8.059366e-01,-4.354258e-01,2.664954e+00,-2.248168e+00,1.733868e-01,-5.288673e+00,-8.154871e-01,2.591458e-01,-1.817306e+00,9.843374e-02
6.357638e-01,-1.000372e+00,7.109194e-01,-1.407943e+00,-8.217082e-02,7.374863e-01,-1.388748e+00,-1.351512e-01,-1.132583e+00,-1.715598e-01
