-1.026623e+00,1.179446e+00,1.144704e+00,-4.801791e-01,2.184466e-02,-1.928668e+00,-4.825060e-01,5.642348e-02,1.994006e+00,2.141314e-01
3.314803e-01,3.799620e-01,-8.552215e-01,1.413264e+00,-1.336358e-01,6.687913e-01,-9.553400e-01,-8.245444e-02,6.165150e-01,-1.856552e-01
-1.745673e+00,-1.031705e+00,-4.869666e-01,7.825067e-01,-2.575050e-01,-7.592407e-01,2.168516e+00,3.775030e-02,1.339944e+00,-6.700773e-02
1.382742e-01,-4.212619e-01,-5.115944e-02,-1.298051e+00,-1.538090e-01,1.116181e+00,-4.711835e-01,1.574379e-01,1.579653e+00,-1.023077e-02
-1.824285e-01,3.644221e-01,6.854713e-02,-9.686679e-02,3.631342e-01,8.111129e-01,-2.038263e-01,-2.053160e-01,-1.741432e-01,-3.262161e-02
1.081521e+00,8.038847e-01,7.059898e-01,-1.831269e+00,-2.490924e-01,-6.270109e-01,-1.606953e+00,-4.229789e-01,2.662308e-01,-3.910330e-01
7.907736e-01,7.192540e-02,-1.837730e+00,1.389739e+00,-6.227834e-01,1.107962e+00,-7.436340e-02,-4.488272e-02,3.900914e-01,1.492456e-01
8.032906e-01,1.478855e+00,8.589967e-01,-2.071107e+00,-4.916246e-02,-1.489926e+00,-1.647389e+00,1.793442e-01,-4.343620e+00,-1.104068e-01
-8.069467e-01,-4.355265e-01,2.665363e+00,-2.247805e+00,6.977977e-02,-5.291729e+00,-8.182913e-01,-1.701861e-01,-1.819390e+00,2.315087e-01
6.346017e-01,-1.000898e+00,7.106748e-01,-1.408334e+00,-8.676125e-02,7.363033e-01,-1.388853e+00,-2.655641e-02,-1.133387e+00,1.947215e-01
