-1.026862e+00,1.180834e+00,1.144250e+00,-4.798346e-01,9.262745e-02,-1.929984e+00,-4.814152e-01,1.231331e-01,1.994707e+00,-6.393296e-02
3.319587e-01,3.790796e-01,-8.541991e-01,1.412681e+00,4.010455e-02,6.645043e-01,-9.553429e-01,2.874783e-02,6.180935e-01,3.197579e-01
-1.745469e+00,-1.031833e+00,-4.882094e-01,7.828269e-01,1.076438e-03,-7.587812e-01,2.169629e+00,-1.890812e-01,1.336998e+00,-1.231326e-01
1.386917e-01,-4.211446e-01,-5.046322e-02,-1.297171e+00,-3.733894e-01,1.116216e+00,-4.710163e-01,-5.138472e-02,1.581367e+00,6.695359e-02
-1.823372e-01,3.621799e-01,7.053648e-02,-9.682856e-02,2.918833e-01,8.209919e-01,-2.047328e-01,-6.396177e-03,-1.706638e-01,4.958768e-03
1.080736e+00,8.038510e-01,7.034646e-01,-1.831993e+00,5.916360e-02,-6.307130e-01,-1.605413e+00,-6.737147e-03,2.619586e-01,4.595433e-01
7.912440e-01,7.272896e-02,-1.836123e+00,1.390011e+00,6.246486e-02,1.107690e+00,-7.425328e-02,9.996941e-02,3.937671e-01,1.141915e-01
8.045194e-01,1.480444e+00,8.570667e-01,-2.070081e+00,-1.755678e-01,-1.491752e+00,-1.646603e+00,-6.132753e-01,-4.337180e+00,-2.931943e-01
-8.055517e-01,-4.360200e-01,2.665226e+00,-2.247043e+00,3.951210e-02,-5.288211e+00,-8.176177e-01,2.992482e-01,-1.815513e+00,-2.833018e-01
6.341850e-01,-9.999805e-01,7.111232e-01,-1.407475e+00,-1.649239e-01,7.351503e-01,-1.389273e+00,-4.715691e-02,-1.131936e+00,1.175607e-01
