-1.026933e+00,1.180126e+00,1.146342e+00,-4.820627e-01,1.589042e-01,-1.927857e+00,-4.819149e-01,-1.799915e-01,1.991618e+00,-1.748364e-01
3.307681e-01,3.787565e-01,-8.537333e-01,1.414133e+00,-6.074273e-02,6.668721e-01,-9.549045e-01,1.536447e-01,6.199640e-01,2.511782e-01
-1.745243e+00,-1.031785e+00,-4.865925e-01,7.826440e-01,-1.767520e-02,-7.601182e-01,2.169531e+00,-8.691671e-02,1.340932e+00,1.238391e-02
1.387638e-01,-4.206356e-01,-4.979519e-02,-1.298010e+00,-5.177466e-02,1.115347e+00,-4.718132e-01,6.823424e-02,1.580486e+00,1.205007e-01
-1.822454e-01,3.639352e-01,6.958302e-02,-9.725359e-02,1.588861e-01,8.175562e-01,-2.043730e-01,1.424812e-01,-1.755441e-01,2.503155e-01
1.080226e+00,8.045711e-01,7.048449e-01,-1.831173e+00,1.614693e-01,-6.320200e-01,-1.604945e+00,-2.396808e-01,2.631753e-01,-2.231993e-01
7.897320e-01,7.221496e-02,-1.836224e+00,1.390496e+00,-1.269986e-01,1.107172e+00,-7.322187e-02,-3.164966e-02,3.904892e-01,-1.129530e-01
8.054180e-01,1.481154e+00,8.583436e-01,-2.071265e+00,-2.306717e-01,-1.493542e+00,-1.644925e+00,1.502451e-01,-4.332824e+00,-4.264680e-01
-8.042569e-01,-4.357806e-01,2.664694e+00,-2.247656e+00,3.933891e-01,-5.286917e+00,-8.178937e-01,-2.219212e-01,-1.811795e+00,-1.816018e-01
6.338830e-01,-1.000127e+00,7.115063e-01,-1.407698e+00,5.433546e-02,7.365330e-01,-1.388205e+00,-1.171849e-01,-1.131534e+00,9.025608e-02
