-1.027106e+00,1.181041e+00,1.145650e+00,-4.809255e-01,-2.738341e-01,-1.924226e+00,-4.805953e-01,1.641251e-01,1.991406e+00,3.795750e-02
3.324865e-01,3.798559e-01,-8.535470e-01,1.413657e+00,-1.043564e-01,6.661871e-01,-9.552184e-01,-7.101280e-02,6.188941e-01,1.916133e-01
-1.744963e+00,-1.031540e+00,-4.871871e-01,7.833297e-01,9.805651e-02,-7.577540e-01,2.168741e+00,-5.210702e-01,1.340000e+00,1.820880e-01
1.384415e-01,-4.213769e-01,-5.019500e-02,-1.297892e+00,1.190520e-01,1.119141e+00,-4.712467e-01,9.695700e-02,1.581749e+00,4.867910e-02
-1.820120e-01,3.642044e-01,6.973163e-02,-9.740195e-02,-3.482466e-01,8.172970e-01,-2.045213e-01,7.497640e-02,-1.749268e-01,4.268968e-01
1.080033e+00,8.043981e-01,7.053701e-01,-1.832115e+00,1.178753e-01,-6.290406e-01,-1.606080e+00,-2.878177e-02,2.632567e-01,-5.360325e-01
7.909028e-01,7.183495e-02,-1.835851e+00,1.390194e+00,1.003923e-01,1.105903e+00,-7.415238e-02,-7.759163e-02,3.927211e-01,-7.776861e-02
8.047417e-01,1.480152e+00,8.572278e-01,-2.069315e+00,5.123266e-01,-1.495231e+00,-1.645191e+00,-4.136543e-01,-4.344878e+00,-3.136539e-01
-8.053207e-01,-4.364096e-01,2.664407e+00,-2.248317e+00,3.067520e-01,-5.289800e+00,-8.187065e-01,-1.430476e-01,-1.816867e+00,-5.888398e-02
6.347638e-01,-9.998986e-01,7.105081e-01,-1.407390e+00,-2.277688e-02,7.357029e-01,-1.389433e+00,-1.029929e-01,-1.132849e+00,6.139204e-02
