-1.026850e+00,1.180594e+00,1.143796e+00,-4.805567e-01,-1.852642e-01,-1.929479e+00,-4.821778e-01,-1.822962e-02,1.994073e+00,4.800535e-02
3.308152e-01,3.800061e-01,-8.567357e-01,1.413156e+00,1.226585e-02,6.646638e-01,-9.559138e-01,-2.510653e-01,6.180160e-01,2.080096e-01
-1.744601e+00,-1.031751e+00,-4.886458e-01,7.839294e-01,-8.959608e-03,-7.573614e-01,2.170525e+00,-5.659490e-02,1.338568e+00,-1.359279e-02
1.388292e-01,-4.214381e-01,-5.082047e-02,-1.296379e+00,1.769333e-02,1.115800e+00,-4.721216e-01,1.447781e-02,1.581621e+00,-3.728741e-02
-1.815674e-01,3.631240e-01,6.883844e-02,-9.690456e-02,9.476807e-02,8.218193e-01,-2.031717e-01,2.219036e-01,-1.725730e-01,-2.251820e-01
1.081199e+00,8.044565e-01,7.063712e-01,-1.831306e+00,-3.017908e-01,-6.263412e-01,-1.605978e+00,2.668722e-01,2.628703e-01,5.917364e-02
7.910573e-01,7.245983e-02,-1.835780e+00,1.390640e+00,-7.129532e-02,1.106045e+00,-7.456633e-02,7.522379e-02,3.904805e-01,-1.976174e-02
8.041689e-01,1.479453e+00,8.592513e-01,-2.070767e+00,-2.766271e-01,-1.490465e+00,-1.646328e+00,-5.353737e-01,-4.338397e+00,7.964058e-02
-8.059728e-01,-4.358663e-01,2.664010e+00,-2.248344e+00,2.104315e-01,-5.286438e+00,-8.154391e-01,-1.298569e-01,-1.817187e+00,1.522384e-01
6.343243e-01,-9.998538e-01,7.102171e-01,-1.407589e+00,1.942563e-01,7.352243e-01,-1.389107e+00,8.959056e-02,-1.133059e+00,-9.088414e-02
