-1.026663e+00,1.179822e+00,1.144383e+00,-4.807251e-01,-3.769590e-01,-1.929076e+00,-4.823656e-01,2.439189e-01,1.990674e+00,-4.699442e-02
3.323186e-01,3.804191e-01,-8.544391e-01,1.413612e+00,2.101674e-01,6.669883e-01,-9.557186e-01,5.765423e-01,6.207689e-01,2.649314e-02
-1.745656e+00,-1.032124e+00,-4.877300e-01,7.820637e-01,-8.572719e-02,-7.558813e-01,2.168818e+00,5.722020e-01,1.340134e+00,6.141870e-02
1.401316e-01,-4.213103e-01,-4.962005e-02,-1.297590e+00,-2.629876e-01,1.117990e+00,-4.722641e-01,-1.107117e-01,1.581875e+00,-2.539118e-01
-1.829877e-01,3.649687e-01,6.812537e-02,-9.667133e-02,8.466027e-02,8.155788e-01,-2.052101e-01,5.128401e-02,-1.769977e-01,-3.709376e-01
1.081106e+00,8.028672e-01,7.059239e-01,-1.831367e+00,-7.864896e-02,-6.305216e-01,-1.605656e+00,-3.334315e-01,2.644082e-01,-1.643573e-01
7.902723e-01,7.239443e-02,-1.837447e+00,1.390281e+00,-1.713777e-01,1.105727e+00,-7.516564e-02,1.577985e-01,3.912915e-01,-2.102265e-01
8.052054e-01,1.478332e+00,8.580437e-01,-2.068453e+00,-4.127240e-01,-1.490830e+00,-1.646036e+00,4.518957e-01,-4.340221e+00,1.942023e-01
-8.053892e-01,-4.361145e-01,2.666178e+00,-2.247431e+00,3.179993e-03,-5.288943e+00,-8.181667e-01,-4.611659e-02,-1.822258e+00,3.484084e-01
6.342222e-01,-1.000740e+00,7.106238e-01,-1.408802e+00,-1.508171e-01,7.374443e-01,-1.388784e+00,-1.928721e-01,-1.133001e+00,-1.154651e-01
