-1.026281e+00,1.180363e+00,1.143642e+00,-4.822803e-01,1.837213e-01,-1.930362e+00,-4.815695e-01,1.090942e-01,1.990390e+00,-9.306006e-02
3.317979e-01,3.794181e-01,-8.548121e-01,1.412175e+00,1.919781e-01,6.684634e-01,-9.543386e-01,4.170132e-01,6.161788e-01,-1.287066e-01
-1.745272e+00,-1.031649e+00,-4.870952e-01,7.816140e-01,-1.682476e-01,-7.552821e-01,2.170165e+00,3.088807e-01,1.335834e+00,6.739398e-02
1.382501e-01,-4.215939e-01,-5.000822e-02,-1.298038e+00,3.515279e-01,1.116890e+00,-4.716944e-01,3.466456e-02,1.582782e+00,-2.157129e-01
-1.826271e-01,3.642932e-01,6.920429e-02,-9.685400e-02,2.007139e-01,8.200952e-01,-2.047630e-01,1.722094e-01,-1.747796e-01,1.059277e-01
1.080456e+00,8.046040e-01,7.043153e-01,-1.831564e+00,-8.632240e-02,-6.281121e-01,-1.605302e+00,-1.097579e-01,2.664266e-01,-5.889716e-01
7.909252e-01,7.161631e-02,-1.837261e+00,1.390695e+00,1.106487e-01,1.108183e+00,-7.411354e-02,6.112061e-03,3.944651e-01,-1.316265e-01
8.042981e-01,1.480269e+00,8.578088e-01,-2.071342e+00,1.010990e-01,-1.489210e+00,-1.644427e+00,2.838369e-02,-4.342405e+00,1.123057e-01
-8.044146e-01,-4.350674e-01,2.662320e+00,-2.248438e+00,-1.954106e-01,-5.287753e+00,-8.172777e-01,-1.617364e-01,-1.820883e+00,1.840652e-02
6.353676e-01,-9.998100e-01,7.107327e-01,-1.408186e+00,-1.962333e-02,7.361186e-01,-1.388518e+00,2.354075e-01,-1.131642e+00,2.655212e-02
