-1.027129e+00,1.179695e+00,1.145047e+00,-4.805797e-01,-3.118106e-01,-1.928290e+00,-4.817526e-01,-8.985467e-02,1.991531e+00,6.053730e-02
3.310425e-01,3.798387e-01,-8.544146e-01,1.413583e+00,1.542581e-01,6.649191e-01,-9.562751e-01,7.569527e-02,6.197058e-01,9.857712e-02
-1.745586e+00,-1.031862e+00,-4.875476e-01,7.823635e-01,-2.199787e-01,-7.539533e-01,2.169788e+00,1.791877e-01,1.341991e+00,-1.066855e-01
1.387846e-01,-4.203451e-01,-5.148081e-02,-1.297861e+00,1.922931e-01,1.116001e+00,-4.714410e-01,-8.770366e-02,1.582049e+00,1.434091e-01
-1.827557e-01,3.632764e-01,6.933775e-02,-9.702996e-02,6.212492e-03,8.171141e-01,-2.054120e-01,-3.274725e-01,-1.738251e-01,9.400871e-02
1.081185e+00,8.044312e-01,7.048930e-01,-1.830698e+00,-1.294004e-01,-6.298018e-01,-1.606809e+00,-1.659087e-01,2.639916e-01,-3.025578e-01
7.903852e-01,7.231883e-02,-1.837166e+00,1.388994e+00,8.572099e-03,1.106269e+00,-7.521619e-02,-1.238297e-01,3.910244e-01,5.532563e-02
8.060445e-01,1.480216e+00,8.591217e-01,-2.069926e+00,2.904092e-01,-1.490374e+00,-1.644762e+00,-2.310778e-01,-4.341053e+00,4.879886e-01
-8.061075e-01,-4.366721e-01,2.662185e+00,-2.249894e+00,1.476350e-02,-5.289893e+00,-8.157488e-01,9.377324e-02,-1.819610e+00,-8.330316e-03
6.347818e-01,-9.998080e-01,7.115840e-01,-1.407639e+00,1.141771e-01,7.369508e-01,-1.387651e+00,-1.791696e-01,-1.135955e+00,1.493450e-02
