-1.027512e+00,1.180249e+00,1.145110e+00,-4.815414e-01,3.969052e-01,-1.927684e+00,-4.819676e-01,3.354377e-01,1.994516e+00,1.828647e-01
3.310170e-01,3.796783e-01,-8.563596e-01,1.414728e+00,-8.005028e-02,6.678239e-01,-9.561003e-01,-1.363433e-02,6.154389e-01,3.590308e-02
-1.745503e+00,-1.031528e+00,-4.860800e-01,7.828786e-01,1.510394e-01,-7.565797e-01,2.168970e+00,2.191690e-02,1.339134e+00,-8.676118e-02
1.394582e-01,-4.209294e-01,-5.067084e-02,-1.297616e+00,2.695720e-02,1.113541e+00,-4.716585e-01,8.631029e-02,1.578432e+00,-4.808579e-03
-1.814993e-01,3.644029e-01,6.862561e-02,-9.594063e-02,-1.159687e-02,8.169237e-01,-2.040469e-01,-1.663386e-01,-1.729431e-01,6.494414e-02
1.080602e+00,8.041710e-01,7.058618e-01,-1.831744e+00,7.556342e-02,-6.259948e-01,-1.607316e+00,-3.549765e-01,2.648830e-01,8.715184e-02
7.908669e-01,7.208508e-02,-1.836177e+00,1.390904e+00,2.345526e-01,1.108348e+00,-7.488984e-02,-8.878985e-03,3.931419e-01,8.734616e-02
8.032229e-01,1.478893e+00,8.587545e-01,-2.070638e+00,-3.854885e-01,-1.492569e+00,-1.645502e+00,1.946474e-02,-4.343736e+00,-4.907470e-01
-8.056941e-01,-4.353421e-01,2.663895e+00,-2.248574e+00,5.502787e-01,-5.294663e+00,-8.166842e-01,1.757247e-02,-1.825074e+00,1.817181e-01
6.347482e-01,-1.000535e+00,7.104615e-01,-1.407933e+00,-9.309529e-04,7.389948e-01,-1.389360e+00,2.560816e-02,-1.131393e+00,3.980929e-01
