-1.026012e+00,1.179386e+00,1.146911e+00,-4.819527e-01,-1.382138e-01,-1.928013e+00,-4.813350e-01,-2.388660e-01,1.993521e+00,6.945897e-02
3.318797e-01,3.794727e-01,-8.555344e-01,1.413443e+00,-3.642087e-01,6.656001e-01,-9.542154e-01,3.407256e-01,6.178325e-01,-2.083586e-02
-1.745145e+00,-1.031355e+00,-4.868845e-01,7.822516e-01,3.102929e-01,-7.545226e-01,2.170425e+00,1.634547e-01,1.340382e+00,-1.665990e-01
1.392806e-01,-4.201043e-01,-5.100000e-02,-1.297303e+00,2.801679e-01,1.115037e+00,-4.719660e-01,-2.774177e-01,1.579247e+00,6.295392e-02
-1.821372e-01,3.636888e-01,6.740228e-02,-9.654676e-02,-1.802167e-01,8.199441e-01,-2.056375e-01,3.357793e-01,-1.739693e-01,2.949521e-02
1.080978e+00,8.039144e-01,7.040151e-01,-1.831579e+00,-9.553884e-02,-6.293970e-01,-1.605909e+00,-8.250031e-02,2.646478e-01,-9.748699e-02
7.903114e-01,7.235683e-02,-1.837129e+00,1.390240e+00,-2.644295e-02,1.104909e+00,-7.387503e-02,-1.944784e-01,3.923833e-01,-4.696161e-02
8.036726e-01,1.479727e+00,8.606108e-01,-2.070449e+00,-1.466126e-01,-1.494866e+00,-1.644035e+00,-9.970088e-02,-4.336875e+00,2.071465e-01
-8.060760e-01,-4.378004e-01,2.660207e+00,-2.247930e+00,2.675061e-01,-5.292631e+00,-8.169247e-01,-8.007845e-02,-1.818601e+00,3.653351e-02
6.344507e-01,-1.000238e+00,7.116904e-01,-1.407674e+00,1.025557e-01,7.349755e-01,-1.387620e+00,-2.303745e-01,-1.132393e+00,2.404836e-01
