-1.026597e+00,1.180280e+00,1.145422e+00,-4.810186e-01,-1.663346e-02,-1.926584e+00,-4.811366e-01,-7.993324e-02,1.990182e+00,-2.361846e-01
3.315154e-01,3.806906e-01,-8.545455e-01,1.414974e+00,2.586250e-01,6.671562e-01,-9.545690e-01,-5.446636e-02,6.175609e-01,7.039537e-02
-1.744786e+00,-1.031065e+00,-4.876115e-01,7.826110e-01,2.392670e-01,-7.586163e-01,2.169212e+00,-1.076354e-01,1.340422e+00,2.031263e-01
1.390605e-01,-4.204345e-01,-4.995909e-02,-1.297835e+00,-2.172425e-01,1.118405e+00,-4.718641e-01,-1.809169e-01,1.581198e+00,-1.058003e-01
-1.814162e-01,3.640506e-01,7.106260e-02,-9.815583e-02,6.884850e-02,8.186376e-01,-2.048829e-01,-3.720721e-01,-1.762670e-01,4.014673e-02
1.081354e+00,8.043597e-01,7.057489e-01,-1.831446e+00,2.641515e-03,-6.265654e-01,-1.606231e+00,4.402385e-01,2.636319e-01,4.797463e-03
7.909298e-01,7.219925e-02,-1.836974e+00,1.389664e+00,-3.038618e-02,1.106130e+00,-7.382565e-02,1.956439e-01,3.929446e-01,-2.358644e-01
8.037647e-01,1.479061e+00,8.579484e-01,-2.070107e+00,7.863397e-02,-1.486865e+00,-1.645435e+00,3.910415e-01,-4.339078e+00,1.746254e-01
-8.049348e-01,-4.355844e-01,2.663334e+00,-2.248530e+00,1.049169e-01,-5.290279e+00,-8.179740e-01,4.379508e-02,-1.823569e+00,-1.490277e-01
6.339941e-01,-9.996876e-01,7.113079e-01,-1.406722e+00,6.532020e-02,7.363775e-01,-1.388955e+00,5.280242e-02,-1.131793e+00,1.398180e-01
