Id,Bin
1,1
2,5
3,1
4,5
5,1
6,5
7,1
8,5
9,1
10,5
11,1
12,5
13,1
14,5
15,1
16,5
17,1
18,5
19,1
20,5
21,1
22,5
23,1
24,5
25,1
26,5
27,1
28,5
29,1
30,5
31,1
32,5
33,1
34,5
35,9
36,2
37,9
38,2
39,1
40,9
41,2
42,9
43,2
44,9
45,5
46,2
47,9
48,2
49,9
50,1
51,2
52,9
53,5
54,2
55,9
56,2
57,1
58,9
59,2
60,5
61,9
62,2
63,1
64,9
65,5
66,2
67,9
68,1
69,2
70,9
71,5
72,2
73,1
74,9
75,2
76,5
77,9
78,1
79,2
80,9
81,5
82,2
83,14
84,10
85,14
86,1
87,10
88,9
89,14
90,10
91,14
92,10
93,14
94,2
95,10
96,5
97,14
98,10
99,14
100,9
101,10
102,1
103,14
104,2
105,10
106,14
107,10
108,5
109,9
110,14
111,10
112,2
113,1
114,14
115,10
116,9
117,14
118,5
119,10
120,2
121,14
122,1
123,9
124,10
125,14
126,2
127,5
128,10
129,9
130,14
131,1
132,10
133,2
134,14
135,5
136,10
137,9
138,14
139,1
140,2
141,10
142,16
143,18
144,16
145,18
146,9
147,16
148,14
149,18
150,5
151,16
152,18
153,16
154,18
155,10
156,16
157,2
158,18
159,1
160,16
161,14
162,18
163,16
164,9
165,10
166,18
167,16
168,5
169,18
170,14
171,2
172,16
173,18
174,10
175,1
176,16
177,9
178,18
179,14
180,16
181,2
182,5
183,18
184,10
185,16
186,9
187,14
188,18
189,1
190,16
191,10
192,2
193,18
194,5
195,16
196,14
197,9
198,18
199,10
200,1
201,16
202,2
203,18
204,14
205,16
206,5
207,9
208,10
209,18
210,17
211,22
212,17
213,22
214,17
215,14
216,16
217,22
218,1
219,17
220,2
221,22
222,17
223,22
224,18
225,17
226,10
227,22
228,17
229,9
230,16
231,5
232,22
233,17
234,14
235,22
236,18
237,17
238,2
239,22
240,1
241,16
242,10
243,17
244,22
245,18
246,9
247,17
248,14
249,5
250,22
251,16
252,17
253,10
254,2
255,22
256,18
257,17
258,1
259,16
260,14
261,22
262,9
263,17
264,18
265,5
266,22
267,10
268,2
269,17
270,16
271,14
272,22
273,1
274,18
275,17
276,9
277,10
278,22
279,16
280,5
281,17
282,2
283,18
284,14
285,22
286,13
287,12
288,13
289,12
290,13
291,12
292,17
293,16
294,13
295,1
296,9
297,12
298,10
299,13
300,12
301,22
302,13
303,12
304,18
305,13
306,17
307,14
308,12
309,2
310,5
311,13
312,16
313,12
314,22
315,13
316,10
317,12
318,17
319,9
320,18
321,13
322,1
323,12
324,22
325,13
326,14
327,16
328,12
329,2
330,17
331,13
332,5
333,18
334,12
335,10
336,22
337,13
338,9
339,17
340,12
341,16
342,1
343,14
344,13
345,22
346,12
347,18
348,2
349,13
350,10
351,17
352,5
353,12
354,16
355,22
356,9
357,13
358,14
359,12
360,18
361,17
362,74
363,13
364,2
365,10
366,22
367,16
368,12
369,15
370,21
371,15
372,21
373,15
374,5
375,21
376,13
377,15
378,17
379,21
380,9
381,14
382,15
383,18
384,21
385,12
386,15
387,21
388,22
389,15
390,13
391,21
392,74
393,16
394,10
395,15
396,2
397,21
398,17
399,12
400,15
401,21
402,18
403,13
404,15
405,22
406,14
407,65
408,21
409,9
410,12
411,15
412,16
413,17
414,21
415,13
416,10
417,15
418,2
419,74
420,21
421,22
422,12
423,18
424,15
425,14
426,21
427,13
428,17
429,16
430,15
431,9
432,65
433,12
434,21
435,22
436,10
437,15
438,13
439,18
440,2
441,21
442,17
443,74
444,12
445,15
446,14
447,16
448,21
449,22
450,13
451,58
452,15
453,65
454,10
455,18
456,12
457,17
458,21
459,19
460,20
461,19
462,20
463,19
464,20
465,15
466,19
467,2
468,13
469,20
470,19
471,16
472,22
473,14
474,20
475,74
476,19
477,21
478,20
479,12
480,19
481,20
482,15
483,17
484,19
485,58
486,18
487,20
488,10
489,13
490,21
491,19
492,65
493,20
494,22
495,15
496,19
497,12
498,16
499,20
500,2
501,72
502,21
503,19
504,17
505,13
506,20
507,74
508,15
509,19
510,18
511,20
512,10
513,12
514,58
515,21
516,22
517,19
518,20
519,16
520,15
521,65
522,13
523,19
524,17
525,72
526,2
527,21
528,20
529,12
530,18
531,19
532,15
533,22
534,74
535,20
536,10
537,13
538,21
539,58
540,19
541,16
542,17
543,20
544,12
545,15
546,72
547,65
548,19
549,18
550,2
551,21
552,22
553,20
554,13
555,32
556,26
557,32
558,26
559,32
560,26
561,32
562,19
563,26
564,15
565,32
566,10
567,26
568,12
569,17
570,74
571,32
572,16
573,20
574,26
575,58
576,32
577,21
578,26
579,19
580,32
581,13
582,26
583,22
584,72
585,15
586,20
587,75
588,32
589,65
590,26
591,2
592,19
593,32
594,12
595,21
596,26
597,17
598,20
599,32
600,10
601,76
602,26
603,15
604,13
605,19
606,74
607,32
608,58
609,75
610,26
611,21
612,20
613,75
614,72
615,12
616,32
617,26
618,19
619,17
620,15
621,32
622,2
623,65
624,13
625,76
626,20
627,26
628,10
629,21
630,32
631,75
632,19
633,12
634,26
635,58
636,15
637,74
638,75
639,20
640,32
641,72
642,17
643,13
644,26
645,19
646,21
647,32
648,76
649,2
650,20
651,65
652,75
653,26
654,12
655,10
656,15
657,23
658,30
659,23
660,30
661,23
662,30
663,23
664,32
665,30
666,19
667,23
668,30
669,75
670,23
671,21
672,26
673,13
674,30
675,17
676,58
677,23
678,20
679,72
680,30
681,74
682,32
683,23
684,15
685,30
686,12
687,26
688,19
689,23
690,76
691,75
692,30
693,2
694,23
695,32
696,21
697,10
698,20
699,30
700,65
701,13
702,23
703,26
704,17
705,75
706,30
707,19
708,15
709,32
710,23
711,58
712,12
713,72
714,30
715,20
716,26
717,23
718,74
719,75
720,21
721,76
722,30
723,32
724,19
725,13
726,23
727,10
728,15
729,2
730,26
731,30
732,17
733,75
734,20
735,23
736,65
737,12
738,32
739,30
740,21
741,19
742,72
743,23
744,26
745,75
746,58
747,76
748,13
749,30
750,15
751,32
752,20
753,74
754,23
755,76
756,26
757,10
758,30
759,40
760,25
761,21
762,12
763,40
764,19
765,25
766,2
767,40
768,75
769,25
770,40
771,23
772,25
773,40
774,32
775,25
776,40
777,65
778,30
779,20
780,25
781,75
782,15
783,40
784,13
785,26
786,72
787,25
788,23
789,76
790,40
791,58
792,25
793,19
794,30
795,40
796,32
797,21
798,76
799,25
800,12
801,40
802,74
803,23
804,20
805,10
806,25
807,26
808,75
809,40
810,15
811,30
812,2
813,25
814,13
815,75
816,32
817,19
818,23
819,40
820,25
821,21
822,65
823,72
824,76
825,30
826,26
827,40
828,20
829,12
830,25
831,58
832,76
833,23
834,32
835,40
836,15
837,19
838,25
839,30
840,75
841,10
842,74
843,13
844,26
845,40
846,75
847,23
848,21
849,2
850,25
851,20
852,32
853,40
854,30
855,12
856,76
857,72
858,25
859,15
860,76
861,19
862,65
863,23
864,26
865,40
866,58
867,25
868,30
869,13
870,42
871,28
872,42
873,28
874,42
875,20
876,75
877,32
878,21
879,28
880,42
881,28
882,75
883,40
884,10
885,42
886,23
887,28
888,42
889,74
890,25
891,28
892,26
893,42
894,19
895,12
896,2
897,28
898,15
899,30
900,40
901,42
902,76
903,28
904,76
905,32
906,72
907,42
908,25
909,23
910,20
911,28
912,13
913,21
914,42
915,40
916,65
917,28
918,26
919,30
920,58
921,75
922,42
923,75
924,25
925,19
926,28
927,10
928,23
929,15
930,42
931,12
932,40
933,32
934,28
935,20
936,74
937,25
938,42
939,30
940,76
941,2
942,76
943,26
944,28
945,21
946,40
947,13
948,72
949,42
950,23
951,19
952,28
953,25
954,32
955,75
956,42
957,15
958,30
959,75
960,65
961,58
962,40
963,12
964,28
965,20
966,26
967,10
968,42
969,23
970,25
971,68
972,28
973,76
974,76
975,19
976,32
977,40
978,13
979,30
980,42
981,74
982,2
983,28
984,24
985,72
986,25
987,33
988,24
989,33
990,24
991,15
992,33
993,23
994,26
995,24
996,20
997,33
998,75
999,42
1000,24
1001,33
1002,12
1003,40
1004,75
1005,24
1006,33
1007,28
1008,24
1009,30
1010,58
1011,47
1012,65
1013,33
1014,68
1015,25
1016,42
1017,19
1018,24
1019,10
1020,33
1021,76
1022,24
1023,13
1024,23
1025,28
1026,40
1027,33
1028,76
1029,26
1030,24
1031,42
1032,20
1033,15
1034,33
1035,25
1036,30
1037,3
1038,24
1039,74
1040,28
1041,72
1042,75
1043,47
1044,12
1045,33
1046,40
1047,24
1048,42
1049,19
1050,75
1051,23
1052,68
1053,33
1054,28
1055,24
1056,26
1057,25
1058,58
1059,13
1060,33
1061,30
1062,76
1063,10
1064,65
1065,20
1066,42
1067,24
1068,15
1069,40
1070,76
1071,47
1072,33
1073,28
1074,23
1075,24
1076,25
1077,12
1078,19
1079,42
1080,75
1081,33
1082,3
1083,68
1084,72
1085,26
1086,30
1087,74
1088,24
1089,40
1090,28
1091,75
1092,33
1093,20
1094,31
1095,42
1096,47
1097,23
1098,24
1099,25
1100,76
1101,15
1102,58
1103,10
1104,33
1105,29
1106,37
1107,29
1108,28
1109,37
1110,29
1111,37
1112,29
1113,65
1114,76
1115,19
1116,40
1117,37
1118,30
1119,24
1120,29
1121,46
1122,37
1123,68
1124,42
1125,29
1126,68
1127,37
1128,33
1129,75
1130,29
1131,25
1132,37
1133,23
1134,28
1135,29
1136,24
1137,20
1138,72
1139,47
1140,3
1141,37
1142,75
1143,29
1144,33
1145,40
1146,31
1147,74
1148,37
1149,42
1150,15
1151,30
1152,29
1153,76
1154,24
1155,37
1156,46
1157,19
1158,28
1159,25
1160,29
1161,33
1162,37
1163,3
1164,23
1165,58
1166,76
1167,68
1168,68
1169,29
1170,42
1171,24
1172,40
1173,47
1174,37
1175,79
1176,46
1177,75
1178,29
1179,33
1180,28
1181,30
1182,37
1183,25
1184,15
1185,24
1186,31
1187,55
1188,29
1189,46
1190,75
1191,42
1192,3
1193,31
1194,37
1195,23
1196,33
1197,76
1198,40
1199,74
1200,29
1201,28
1202,24
1203,47
1204,37
1205,68
1206,68
1207,46
1208,46
1209,25
1210,29
1211,3
1212,76
1213,33
1214,42
1215,58
1216,37
1217,75
1218,46
1219,24
1220,29
1221,40
1222,31
1223,23
1224,28
1225,79
1226,31
1227,31
1228,34
1229,45
1230,37
1231,34
1232,45
1233,33
1234,34
1235,45
1236,34
1237,3
1238,45
1239,55
1240,42
1241,34
1242,29
1243,25
1244,47
1245,45
1246,76
1247,46
1248,34
1249,3
1250,24
1251,45
1252,68
1253,37
1254,34
1255,46
1256,45
1257,28
1258,68
1259,34
1260,33
1261,29
1262,74
1263,56
1264,45
1265,46
1266,23
1267,34
1268,55
1269,37
1270,3
1271,45
1272,42
1273,24
1274,75
1275,31
1276,34
1277,31
1278,25
1279,58
1280,29
1281,45
1282,31
1283,46
1284,33
1285,34
1286,47
1287,28
1288,37
1289,45
1290,79
1291,56
1292,34
1293,3
1294,24
1295,29
1296,46
1297,68
1298,76
1299,55
1300,45
1301,42
1302,23
1303,46
1304,34
1305,37
1306,68
1307,3
1308,33
1309,25
1310,45
1311,28
1312,29
1313,34
1314,31
1315,46
1316,31
1317,24
1318,74
1319,55
1320,45
1321,3
1322,47
1323,37
1324,56
1325,3
1326,42
1327,34
1328,31
1329,33
1330,29
1331,45
1332,58
1333,23
1334,46
1335,34
1336,25
1337,68
1338,28
1339,46
1340,37
1341,24
1342,45
1343,3
1344,76
1345,79
1346,55
1347,68
1348,29
1349,34
1350,46
1351,42
1352,33
1353,56
1354,31
1355,35
1356,36
1357,35
1358,45
1359,36
1360,47
1361,35
1362,3
1363,37
1364,36
1365,31
1366,35
1367,36
1368,35
1369,34
1370,24
1371,36
1372,28
1373,35
1374,3
1375,23
1376,55
1377,25
1378,29
1379,36
1380,45
1381,31
1382,35
1383,74
1384,3
1385,36
1386,46
1387,46
1388,33
1389,35
1390,34
1391,37
1392,56
1393,36
1394,68
1395,35
1396,56
1397,46
1398,58
1399,45
1400,36
1401,24
1402,29
1403,35
1404,55
1405,3
1406,34
1407,68
1408,28
1409,31
1410,47
1411,36
1412,35
1413,37
1414,55
1415,25
1416,33
1417,45
1418,79
1419,31
1420,47
1421,36
1422,35
1423,56
1424,34
1425,29
1426,36
1427,3
1428,46
1429,24
1430,3
1431,46
1432,56
1433,31
1434,35
1435,55
1436,45
1437,46
1438,37
1439,36
1440,28
1441,68
1442,3
1443,34
1444,33
1445,35
1446,74
1447,29
1448,47
1449,25
1450,36
1451,31
1452,45
1453,47
1454,56
1455,35
1456,55
1457,68
1458,58
1459,24
1460,3
1461,37
1462,36
1463,34
1464,31
1465,56
1466,35
1467,46
1468,55
1469,28
1470,33
1471,45
1472,29
1473,46
1474,46
1475,36
1476,79
1477,31
1478,3
1479,34
1480,35
1481,25
1482,37
1483,24
1484,3
1485,68
1486,55
1487,56
1488,51
1489,39
1490,51
1491,39
1492,36
1493,51
1494,47
1495,39
1496,45
1497,51
1498,47
1499,39
1500,51
1501,31
1502,35
1503,39
1504,29
1505,3
1506,51
1507,33
1508,39
1509,34
1510,56
1511,28
1512,36
1513,51
1514,3
1515,74
1516,39
1517,55
1518,31
1519,51
1520,37
1521,46
1522,35
1523,46
1524,45
1525,39
1526,3
1527,58
1528,24
1529,51
1530,46
1531,36
1532,56
1533,39
1534,7
1535,34
1536,29
1537,51
1538,55
1539,35
1540,39
1541,33
1542,31
1543,47
1544,51
1545,47
1546,68
1547,3
1548,45
1549,36
1550,37
1551,28
1552,79
1553,39
1554,56
1555,31
1556,55
1557,51
1558,3
1559,35
1560,24
1561,34
1562,39
1563,29
1564,51
1565,46
1566,36
1567,46
1568,56
1569,3
1570,3
1571,31
1572,45
1573,39
1574,7
1575,55
1576,33
1577,35
1578,51
1579,46
1580,37
1581,74
1582,39
1583,34
1584,3
1585,7
1586,36
1587,47
1588,58
1589,51
1590,47
1591,24
1592,56
1593,29
1594,45
1595,39
1596,31
1597,68
1598,35
1599,55
1600,3
1601,31
1602,51
1603,56
1604,36
1605,37
1606,33
1607,46
1608,34
1609,39
1610,7
1611,55
1612,46
1613,79
1614,51
1615,35
1616,3
1617,45
1618,31
1619,51
1620,39
1621,29
1622,7
1623,3
1624,51
1625,39
1626,39
1627,51
1628,24
1629,39
1630,46
1631,51
1632,36
1633,39
1634,3
1635,55
1636,47
1637,51
1638,56
1639,51
1640,39
1641,51
1642,34
1643,31
1644,39
1645,37
1646,35
1647,51
1648,39
1649,56
1650,3
1651,33
1652,39
1653,51
1654,74
1655,3
1656,51
1657,45
1658,39
1659,36
1660,31
1661,31
1662,58
1663,46
1664,7
1665,51
1666,29
1667,39
1668,39
1669,3
1670,24
1671,46
1672,55
1673,7
1674,51
1675,35
1676,34
1677,39
1678,51
1679,37
1680,51
1681,55
1682,36
1683,56
1684,39
1685,31
1686,39
1687,47
1688,45
1689,46
1690,33
1691,3
1692,51
1693,56
1694,79
1695,51
1696,47
1697,3
1698,39
1699,35
1700,29
1701,55
1702,34
1703,51
1704,3
1705,39
1706,7
1707,24
1708,39
1709,36
1710,46
1711,7
1712,3
1713,31
1714,51
1715,37
1716,3
1717,51
1718,45
1719,31
1720,39
1721,46
1722,35
1723,39
1724,7
1725,51
1726,74
1727,56
1728,3
1729,58
1730,29
1731,34
1732,56
1733,47
1734,39
1735,36
1736,51
1737,55
1738,46
1739,51
1740,31
1741,24
1742,39
1743,47
1744,55
1745,3
1746,45
1747,35
1748,39
1749,37
1750,7
1751,7
1752,51
1753,51
1754,7
1755,55
1756,49
1757,57
1758,49
1759,36
1760,57
1761,79
1762,49
1763,34
1764,39
1765,3
1766,57
1767,7
1768,49
1769,29
1770,31
1771,57
1772,39
1773,3
1774,3
1775,49
1776,57
1777,46
1778,51
1779,49
1780,56
1781,56
1782,35
1783,57
1784,31
1785,3
1786,51
1787,49
1788,45
1789,39
1790,47
1791,57
1792,37
1793,24
1794,49
1795,51
1796,57
1797,36
1798,3
1799,39
1800,49
1801,46
1802,34
1803,7
1804,57
1805,7
1806,39
1807,47
1808,31
1809,61
1810,58
1811,49
1812,55
1813,51
1814,29
1815,35
1816,7
1817,57
1818,7
1819,51
1820,3
1821,55
1822,49
1823,45
1824,39
1825,57
1826,39
1827,56
1828,36
1829,56
1830,49
1831,37
1832,55
1833,31
1834,46
1835,51
1836,24
1837,57
1838,3
1839,51
1840,34
1841,47
1842,49
1843,3
1844,35
1845,79
1846,39
1847,3
1848,31
1849,57
1850,39
1851,29
1852,7
1853,3
1854,49
1855,7
1856,51
1857,7
1858,45
1859,36
1860,46
1861,47
1862,57
1863,51
1864,3
1865,39
1866,31
1867,7
1868,49
1869,7
1870,56
1871,34
1872,57
1873,35
1874,51
1875,39
1876,24
1877,3
1878,47
1879,61
1880,61
1881,55
1882,49
1883,55
1884,39
1885,46
1886,31
1887,57
1888,29
1889,51
1890,36
1891,45
1892,47
1893,3
1894,55
1895,7
1896,49
1897,51
1898,7
1899,49
1900,57
1901,49
1902,57
1903,7
1904,49
1905,39
1906,57
1907,57
1908,49
1909,35
1910,57
1911,31
1912,7
1913,39
1914,49
1915,34
1916,57
1917,49
1918,49
1919,3
1920,47
1921,3
1922,57
1923,46
1924,79
1925,51
1926,7
1927,56
1928,49
1929,24
1930,3
1931,51
1932,57
1933,36
1934,57
1935,31
1936,49
1937,47
1938,45
1939,3
1940,29
1941,49
1942,57
1943,39
1944,39
1945,49
1946,57
1947,57
1948,35
1949,3
1950,49
1951,7
1952,46
1953,7
1954,47
1955,51
1956,31
1957,57
1958,51
1959,34
1960,49
1961,7
1962,55
1963,61
1964,49
1965,7
1966,55
1967,61
1968,36
1969,3
1970,57
1971,39
1972,57
1973,55
1974,39
1975,49
1976,4
1977,45
1978,49
1979,56
1980,57
1981,51
1982,29
1983,47
1984,7
1985,31
1986,49
1987,35
1988,46
1989,51
1990,57
1991,47
1992,57
1993,54
1994,34
1995,49
1996,3
1997,7
1998,49
1999,31
2000,3
2001,3
2002,36
2003,7
2004,7
2005,57
2006,39
2007,79
2008,3
2009,51
2010,57
2011,47
2012,49
2013,46
2014,7
2015,45
2016,3
2017,31
2018,57
2019,51
2020,49
2021,35
2022,54
2023,4
2024,4
2025,49
2026,4
2027,3
2028,57
2029,57
2030,61
2031,51
2032,55
2033,39
2034,34
2035,61
2036,7
2037,36
2038,47
2039,49
2040,55
2041,47
2042,49
2043,61
2044,11
2045,63
2046,7
2047,11
2048,63
2049,7
2050,11
2051,63
2052,46
2053,57
2054,54
2055,11
2056,52
2057,63
2058,51
2059,7
2060,11
2061,57
2062,63
2063,45
2064,35
2065,49
2066,11
2067,63
2068,31
2069,11
2070,51
2071,57
2072,49
2073,47
2074,63
2075,4
2076,4
2077,7
2078,39
2079,46
2080,11
2081,3
2082,3
2083,63
2084,49
2085,3
2086,3
2087,36
2088,34
2089,11
2090,4
2091,57
2092,54
2093,31
2094,63
2095,79
2096,3
2097,57
2098,51
2099,11
2100,49
2101,63
2102,7
2103,49
2104,7
2105,51
2106,7
2107,35
2108,3
2109,11
2110,47
2111,45
2112,47
2113,63
2114,57
2115,57
2116,39
2117,7
2118,11
2119,61
2120,54
2121,61
2122,52
2123,46
2124,63
2125,49
2126,61
2127,4
2128,36
2129,49
2130,52
2131,4
2132,11
2133,34
2134,51
2135,61
2136,57
2137,47
2138,7
2139,51
2140,63
2141,52
2142,57
2143,46
2144,4
2145,11
2146,49
2147,35
2148,7
2149,63
2150,39
2151,54
2152,45
2153,31
2154,7
2155,49
2156,57
2157,3
2158,11
2159,3
2160,3
2161,3
2162,47
2163,63
2164,64
2165,7
2166,36
2167,49
2168,51
2169,7
2170,57
2171,51
2172,11
2173,47
2174,4
2175,3
2176,79
2177,4
2178,57
2179,63
2180,4
2181,49
2182,54
2183,3
2184,35
2185,11
2186,39
2187,49
2188,11
2189,63
2190,11
2191,63
2192,7
2193,11
2194,61
2195,52
2196,63
2197,47
2198,63
2199,4
2200,11
2201,7
2202,61
2203,63
2204,57
2205,45
2206,52
2207,11
2208,51
2209,63
2210,57
2211,46
2212,11
2213,11
2214,61
2215,7
2216,51
2217,52
2218,63
2219,36
2220,11
2221,49
2222,63
2223,63
2224,49
2225,61
2226,11
2227,54
2228,52
2229,4
2230,63
2231,47
2232,4
2233,11
2234,7
2235,11
2236,7
2237,39
2238,57
2239,57
2240,35
2241,63
2242,3
2243,63
2244,3
2245,4
2246,11
2247,3
2248,47
2249,51
2250,64
2251,63
2252,49
2253,11
2254,3
2255,49
2256,11
2257,45
2258,64
2259,51
2260,7
2261,63
2262,36
2263,7
2264,4
2265,63
2266,57
2267,3
2268,54
2269,11
2270,47
2271,7
2272,64
2273,54
2274,63
2275,11
2276,49
2277,39
2278,11
2279,4
2280,7
2281,52
2282,61
2283,52
2284,4
2285,63
2286,35
2287,51
2288,63
2289,49
2290,61
2291,52
2292,11
2293,57
2294,7
2295,47
2296,11
2297,4
2298,51
2299,63
2300,61
2301,52
2302,7
2303,54
2304,54
2305,62
2306,49
2307,11
2308,63
2309,36
2310,7
2311,61
2312,47
2313,63
2314,11
2315,3
2316,39
2317,3
2318,49
2319,57
2320,4
2321,11
2322,3
2323,51
2324,7
2325,3
2326,7
2327,4
2328,63
2329,63
2330,64
2331,35
2332,47
2333,3
2334,49
2335,4
2336,54
2337,11
2338,53
2339,69
2340,51
2341,64
2342,53
2343,11
2344,54
2345,69
2346,53
2347,69
2348,53
2349,63
2350,7
2351,69
2352,53
2353,60
2354,7
2355,69
2356,62
2357,62
2358,4
2359,63
2360,47
2361,53
2362,49
2363,11
2364,64
2365,52
2366,69
2367,52
2368,53
2369,51
2370,52
2371,61
2372,39
2373,7
2374,69
2375,7
2376,63
2377,49
2378,11
2379,53
2380,52
2381,61
2382,69
2383,54
2384,11
2385,53
2386,4
2387,4
2388,63
2389,69
2390,4
2391,60
2392,54
2393,47
2394,7
2395,63
2396,61
2397,51
2398,53
2399,7
2400,4
2401,69
2402,49
2403,11
2404,11
2405,53
2406,3
2407,49
2408,3
2409,47
2410,3
2411,69
2412,62
2413,61
2414,51
2415,64
2416,63
2417,62
2418,3
2419,63
2420,53
2421,39
2422,54
2423,4
2424,7
2425,69
2426,60
2427,64
2428,11
2429,7
2430,7
2431,47
2432,53
2433,11
2434,54
2435,4
2436,63
2437,69
2438,64
2439,49
2440,51
2441,49
2442,4
2443,7
2444,53
2445,63
2446,52
2447,52
2448,11
2449,52
2450,69
2451,7
2452,52
2453,4
2454,51
2455,61
2456,4
2457,64
2458,60
2459,53
2460,54
2461,63
2462,11
2463,62
2464,7
2465,52
2466,39
2467,69
2468,61
2469,62
2470,11
2471,53
2472,60
2473,49
2474,54
2475,47
2476,49
2477,4
2478,69
2479,63
2480,61
2481,7
2482,7
2483,3
2484,3
2485,4
2486,51
2487,3
2488,11
2489,3
2490,53
2491,60
2492,53
2493,69
2494,53
2495,69
2496,47
2497,11
2498,4
2499,53
2500,69
2501,54
2502,44
2503,64
2504,6
2505,53
2506,69
2507,69
2508,53
2509,61
2510,69
2511,60
2512,53
2513,63
2514,53
2515,69
2516,49
2517,64
2518,7
2519,39
2520,7
2521,62
2522,53
2523,4
2524,4
2525,69
2526,44
2527,69
2528,54
2529,11
2530,53
2531,11
2532,62
2533,52
2534,69
2535,52
2536,52
2537,53
2538,7
2539,64
2540,60
2541,53
2542,52
2543,69
2544,63
2545,52
2546,51
2547,60
2548,69
2549,4
2550,53
2551,54
2552,61
2553,44
2554,4
2555,7
2556,69
2557,47
2558,49
2559,11
2560,53
2561,53
2562,7
2563,64
2564,4
2565,11
2566,69
2567,61
2568,69
2569,44
2570,62
2571,53
2572,63
2573,47
2574,3
2575,62
2576,6
2577,54
2578,3
2579,60
2580,69
2581,53
2582,60
2583,6
2584,3
2585,53
2586,4
2587,61
2588,7
2589,11
2590,62
2591,69
2592,69
2593,54
2594,4
2595,6
2596,64
2597,51
2598,49
2599,11
2600,53
2601,44
2602,70
2603,4
2604,53
2605,69
2606,7
2607,61
2608,64
2609,53
2610,44
2611,7
2612,69
2613,52
2614,60
2615,52
2616,11
2617,60
2618,4
2619,52
2620,4
2621,52
2622,69
2623,62
2624,54
2625,7
2626,53
2627,52
2628,53
2629,4
2630,62
2631,70
2632,64
2633,11
2634,54
2635,49
2636,69
2637,69
2638,61
2639,4
2640,4
2641,53
2642,11
2643,67
2644,71
2645,51
2646,44
2647,62
2648,67
2649,71
2650,7
2651,67
2652,60
2653,71
2654,53
2655,67
2656,6
2657,71
2658,69
2659,6
2660,64
2661,60
2662,61
2663,67
2664,44
2665,4
2666,6
2667,71
2668,4
2669,3
2670,70
2671,67
2672,53
2673,69
2674,71
2675,6
2676,67
2677,11
2678,3
2679,71
2680,54
2681,69
2682,62
2683,67
2684,7
2685,49
2686,53
2687,4
2688,6
2689,11
2690,61
2691,71
2692,54
2693,4
2694,53
2695,64
2696,67
2697,62
2698,60
2699,71
2700,69
2701,67
2702,69
2703,52
2704,6
2705,70
2706,52
2707,52
2708,44
2709,60
2710,71
2711,4
2712,64
2713,52
2714,4
2715,44
2716,53
2717,67
2718,53
2719,61
2720,11
2721,62
2722,4
2723,71
2724,11
2725,52
2726,4
2727,4
2728,7
2729,69
2730,67
2731,69
2732,44
2733,54
2734,71
2735,60
2736,53
2737,64
2738,54
2739,62
2740,70
2741,67
2742,4
2743,61
2744,53
2745,6
2746,6
2747,71
2748,69
2749,4
2750,6
2751,7
2752,6
2753,60
2754,62
2755,67
2756,11
2757,11
2758,6
2759,44
2760,69
2761,4
2762,53
2763,61
2764,44
2765,6
2766,71
2767,64
2768,4
2769,67
2770,6
2771,69
2772,70
2773,44
2774,53
2775,6
2776,60
2777,71
2778,62
2779,4
2780,4
2781,53
2782,54
2783,54
2784,67
2785,61
2786,52
2787,52
2788,64
2789,70
2790,4
2791,52
2792,11
2793,6
2794,62
2795,71
2796,60
2797,11
2798,69
2799,4
2800,52
2801,67
2802,67
2803,71
2804,67
2805,71
2806,53
2807,67
2808,71
2809,64
2810,67
2811,53
2812,44
2813,70
2814,44
2815,4
2816,71
2817,4
2818,71
2819,62
2820,67
2821,52
2822,61
2823,71
2824,6
2825,60
2826,67
2827,44
2828,70
2829,67
2830,71
2831,4
2832,69
2833,67
2834,6
2835,6
2836,4
2837,71
2838,11
2839,6
2840,71
2841,67
2842,61
2843,6
2844,64
2845,54
2846,53
2847,6
2848,71
2849,53
2850,54
2851,11
2852,67
2853,67
2854,60
2855,62
2856,4
2857,6
2858,71
2859,6
2860,70
2861,4
2862,69
2863,62
2864,67
2865,71
2866,70
2867,71
2868,61
2869,60
2870,44
2871,6
2872,67
2873,67
2874,6
2875,53
2876,44
2877,44
2878,64
2879,52
2880,11
2881,71
2882,4
2883,52
2884,53
2885,71
2886,67
2887,62
2888,4
2889,4
2890,52
2891,69
2892,4
2893,71
2894,64
2895,11
2896,6
2897,4
2898,67
2899,61
2900,54
2901,67
2902,70
2903,70
2904,60
2905,52
2906,8
2907,53
2908,71
2909,71
2910,4
2911,67
2912,60
2913,4
2914,64
2915,53
2916,50
2917,11
2918,62
2919,67
2920,69
2921,6
2922,6
2923,71
2924,62
2925,44
2926,6
2927,6
2928,44
2929,67
2930,4
2931,61
2932,71
2933,44
2934,6
2935,6
2936,53
2937,70
2938,71
2939,11
2940,70
2941,50
2942,67
2943,67
2944,6
2945,64
2946,6
2947,62
2948,8
2949,60
2950,69
2951,4
2952,4
2953,71
2954,53
2955,71
2956,11
2957,4
2958,60
2959,8
2960,52
2961,67
2962,71
2963,67
2964,67
2965,4
2966,71
2967,6
2968,67
2969,6
2970,71
2971,53
2972,50
2973,52
2974,67
2975,71
2976,67
2977,4
2978,71
2979,67
2980,70
2981,71
2982,44
2983,44
2984,67
2985,52
2986,4
2987,71
2988,70
2989,62
2990,67
2991,64
2992,38
2993,4
2994,71
2995,11
2996,67
2997,62
2998,71
2999,64
3000,44
3001,71
3002,67
3003,53
3004,50
3005,71
3006,67
3007,50
3008,53
3009,4
3010,67
3011,60
3012,67
3013,6
3014,11
3015,6
3016,6
3017,8
3018,71
3019,60
3020,6
3021,67
3022,71
3023,70
3024,6
3025,71
3026,4
3027,62
3028,50
3029,71
3030,38
3031,64
3032,8
3033,6
3034,4
3035,67
3036,67
3037,6
3038,70
3039,67
3040,44
3041,71
3042,53
3043,11
3044,44
3045,67
3046,53
3047,71
3048,61
3049,6
3050,50
3051,71
3052,71
3053,6
3054,4
3055,62
3056,4
3057,67
3058,4
3059,11
3060,67
3061,73
3062,44
3063,4
3064,64
3065,70
3066,38
3067,8
3068,71
3069,67
3070,62
3071,60
3072,73
3073,71
3074,4
3075,8
3076,67
3077,6
3078,50
3079,70
3080,71
3081,67
3082,53
3083,50
3084,71
3085,53
3086,4
3087,4
3088,67
3089,8
3090,62
3091,44
3092,44
3093,71
3094,6
3095,71
3096,6
3097,67
3098,38
3099,6
3100,50
3101,64
3102,44
3103,64
3104,4
3105,6
3106,11
3107,70
3108,67
3109,67
3110,6
3111,6
3112,71
3113,71
3114,50
3115,60
3116,53
3117,8
3118,71
3119,8
3120,6
3121,44
3122,41
3123,77
3124,41
3125,50
3126,67
3127,77
3128,4
3129,53
3130,41
3131,77
3132,70
3133,41
3134,6
3135,8
3136,67
3137,77
3138,64
3139,67
3140,41
3141,71
3142,77
3143,38
3144,8
3145,4
3146,41
3147,4
3148,73
3149,77
3150,44
3151,67
3152,41
3153,44
3154,71
3155,70
3156,38
3157,4
3158,73
3159,77
3160,6
3161,44
3162,50
3163,4
3164,8
3165,41
3166,71
3167,61
3168,53
3169,77
3170,4
3171,73
3172,8
3173,44
3174,67
3175,41
3176,67
3177,67
3178,77
3179,53
3180,60
3181,64
3182,41
3183,6
3184,8
3185,4
3186,71
3187,71
3188,70
3189,50
3190,38
3191,77
3192,6
3193,38
3194,6
3195,41
3196,44
3197,6
3198,50
3199,8
3200,67
3201,6
3202,77
3203,67
3204,8
3205,70
3206,6
3207,4
3208,41
3209,44
3210,6
3211,53
3212,71
3213,50
3214,67
3215,44
3216,77
3217,44
3218,64
3219,71
3220,6
3221,67
3222,41
3223,8
3224,64
3225,53
3226,8
3227,77
3228,38
3229,38
3230,4
3231,67
3232,44
3233,71
3234,8
3235,4
3236,73
3237,41
3238,70
3239,50
3240,6
3241,50
3242,4
3243,73
3244,8
3245,8
3246,77
3247,67
3248,71
3249,48
3250,4
3251,70
3252,53
3253,73
3254,64
3255,41
3256,71
3257,6
3258,77
3259,4
3260,44
3261,44
3262,44
3263,67
3264,8
3265,73
3266,8
3267,38
3268,50
3269,41
3270,67
3271,38
3272,53
3273,44
3274,6
3275,77
3276,4
3277,6
3278,6
3279,71
3280,50
3281,71
3282,41
3283,48
3284,77
3285,6
3286,50
3287,41
3288,6
3289,77
3290,70
3291,41
3292,41
3293,6
3294,77
3295,8
3296,41
3297,64
3298,53
3299,77
3300,8
3301,44
3302,41
3303,70
3304,67
3305,77
3306,6
3307,67
3308,77
3309,8
3310,4
3311,41
3312,8
3313,77
3314,38
3315,50
3316,41
3317,41
3318,50
3319,71
3320,77
3321,71
3322,44
3323,6
3324,8
3325,38
3326,41
3327,77
3328,44
3329,73
3330,77
3331,48
3332,27
3333,64
3334,73
3335,48
3336,41
3337,67
3338,8
3339,27
3340,44
3341,41
3342,77
3343,48
3344,73
3345,44
3346,41
3347,6
3348,8
3349,27
3350,48
3351,64
3352,77
3353,71
3354,8
3355,77
3356,50
3357,38
3358,73
3359,38
3360,8
3361,41
3362,38
3363,50
3364,41
3365,4
3366,77
3367,67
3368,44
3369,41
3370,38
3371,8
3372,64
3373,77
3374,6
3375,6
3376,6
3377,73
3378,8
3379,48
3380,77
3381,48
3382,6
3383,44
3384,6
3385,48
3386,71
3387,4
3388,41
3389,41
3390,44
3391,8
3392,50
3393,6
3394,77
3395,48
3396,38
3397,67
3398,38
3399,77
3400,50
3401,41
3402,8
3403,8
3404,6
3405,6
3406,44
3407,8
3408,38
3409,27
3410,77
3411,50
3412,41
3413,71
3414,48
3415,41
3416,27
3417,8
3418,64
3419,73
3420,38
3421,48
3422,27
3423,8
3424,77
3425,6
3426,77
3427,73
3428,50
3429,27
3430,50
3431,67
3432,48
3433,41
3434,38
3435,44
3436,41
3437,73
3438,44
3439,8
3440,27
3441,38
3442,48
3443,8
3444,77
3445,64
3446,71
3447,44
3448,41
3449,77
3450,6
3451,41
3452,77
3453,77
3454,41
3455,41
3456,73
3457,77
3458,48
3459,41
3460,27
3461,77
3462,41
3463,38
3464,6
3465,50
3466,6
3467,77
3468,77
3469,8
3470,48
3471,6
3472,67
3473,41
3474,41
3475,38
3476,8
3477,77
3478,43
3479,44
3480,8
3481,6
3482,41
3483,41
3484,38
3485,73
3486,77
3487,50
3488,8
3489,77
3490,27
3491,8
3492,6
3493,41
3494,71
3495,77
3496,6
3497,77
3498,38
3499,48
3500,64
3501,41
3502,44
3503,48
3504,41
3505,48
3506,41
3507,77
3508,8
3509,67
3510,41
3511,50
3512,50
3513,6
3514,8
3515,27
3516,27
3517,27
3518,77
3519,77
3520,77
3521,44
3522,48
3523,73
3524,27
3525,41
3526,38
3527,38
3528,8
3529,6
3530,38
3531,41
3532,38
3533,77
3534,73
3535,27
3536,8
3537,41
3538,41
3539,6
3540,77
3541,50
3542,77
3543,38
3544,27
3545,73
3546,50
3547,67
3548,48
3549,44
3550,43
3551,77
3552,41
3553,8
3554,8
3555,41
3556,48
3557,48
3558,50
3559,77
3560,6
3561,6
3562,8
3563,44
3564,27
3565,73
3566,77
3567,38
3568,41
3569,41
3570,6
3571,6
3572,48
3573,38
3574,43
3575,8
3576,77
3577,6
3578,41
3579,38
3580,38
3581,8
3582,77
3583,41
3584,8
3585,44
3586,50
3587,67
3588,27
3589,73
3590,48
3591,77
3592,38
3593,77
3594,8
3595,6
3596,41
3597,41
3598,8
3599,6
3600,27
3601,43
3602,27
3603,41
3604,38
3605,27
3606,48
3607,50
3608,48
3609,77
3610,27
3611,38
3612,73
3613,41
3614,77
3615,41
3616,27
3617,48
3618,8
3619,6
3620,77
3621,77
3622,43
3623,41
3624,77
3625,77
3626,41
3627,50
3628,41
3629,27
3630,77
3631,8
3632,44
3633,67
3634,41
3635,73
3636,50
3637,77
3638,77
3639,41
3640,41
3641,41
3642,38
3643,77
3644,48
3645,41
3646,38
3647,27
3648,41
3649,38
3650,43
3651,77
3652,6
3653,73
3654,38
3655,41
3656,6
3657,77
3658,8
3659,44
3660,8
3661,77
3662,77
3663,77
3664,6
3665,8
3666,8
3667,41
3668,50
3669,38
3670,27
3671,6
3672,77
3673,48
3674,41
3675,41
3676,8
3677,67
3678,48
3679,50
3680,41
3681,73
3682,48
3683,41
3684,43
3685,77
3686,77
3687,6
3688,6
3689,77
3690,50
3691,8
3692,41
3693,48
3694,8
3695,77
3696,41
3697,27
3698,44
3699,38
3700,43
3701,77
3702,38
3703,27
3704,41
3705,27
3706,38
3707,41
3708,27
3709,6
3710,73
3711,77
3712,8
3713,27
3714,38
3715,77
3716,50
3717,27
3718,38
3719,41
3720,41
3721,67
3722,77
3723,73
3724,41
3725,77
3726,6
3727,44
3728,27
3729,48
3730,48
3731,8
3732,6
3733,8
3734,41
3735,77
3736,41
3737,73
3738,77
3739,48
3740,48
3741,38
3742,77
3743,43
3744,50
3745,50
3746,8
3747,27
3748,41
3749,8
3750,6
3751,43
3752,41
3753,77
3754,8
3755,38
3756,41
3757,6
3758,38
3759,50
3760,73
3761,77
3762,77
3763,8
3764,48
3765,6
3766,67
3767,38
3768,8
3769,41
3770,27
3771,43
3772,6
3773,41
3774,38
3775,41
3776,77
3777,77
3778,80
3779,92
3780,80
3781,92
3782,50
3783,48
3784,80
3785,8
3786,92
3787,73
3788,38
3789,77
3790,48
3791,80
3792,6
3793,77
3794,41
3795,92
3796,48
3797,27
3798,27
3799,80
3800,92
3801,27
3802,8
3803,41
3804,27
3805,27
3806,77
3807,80
3808,6
3809,92
3810,41
3811,48
3812,41
3813,27
3814,80
3815,8
3816,50
3817,27
3818,43
3819,41
3820,67
3821,92
3822,38
3823,6
3824,50
3825,80
3826,38
3827,38
3828,77
3829,77
3830,92
3831,59
3832,73
3833,43
3834,77
3835,77
3836,80
3837,27
3838,92
3839,50
3840,48
3841,41
3842,41
3843,38
3844,8
3845,80
3846,38
3847,8
3848,8
3849,41
3850,48
3851,73
3852,8
3853,92
3854,6
3855,41
3856,43
3857,48
3858,77
3859,6
3860,27
3861,80
3862,48
3863,77
3864,8
3865,92
3866,6
3867,41
3868,67
3869,50
3870,80
3871,77
3872,77
3873,8
3874,41
3875,8
3876,73
3877,77
3878,92
3879,48
3880,38
3881,38
3882,27
3883,6
3884,43
3885,50
3886,80
3887,6
3888,43
3889,38
3890,41
3891,41
3892,77
3893,27
3894,38
3895,8
3896,50
3897,41
3898,92
3899,27
3900,27
3901,80
3902,43
3903,27
3904,27
3905,6
3906,77
3907,48
3908,59
3909,48
3910,41
3911,77
3912,48
3913,92
3914,38
3915,50
3916,27
3917,27
3918,77
3919,67
3920,8
3921,41
3922,80
3923,48
3924,77
3925,6
3926,92
3927,41
3928,77
3929,6
3930,27
3931,27
3932,38
3933,38
3934,8
3935,80
3936,8
3937,41
3938,8
3939,41
3940,38
3941,59
3942,8
3943,41
3944,48
3945,8
3946,92
3947,80
3948,92
3949,80
3950,77
3951,43
3952,6
3953,92
3954,50
3955,38
3956,50
3957,80
3958,92
3959,27
3960,8
3961,80
3962,73
3963,43
3964,80
3965,92
3966,77
3967,77
3968,80
3969,48
3970,77
3971,92
3972,6
3973,50
3974,6
3975,80
3976,48
3977,67
3978,92
3979,92
3980,41
3981,8
3982,41
3983,80
3984,43
3985,41
3986,92
3987,38
3988,80
3989,48
3990,80
3991,27
3992,27
3993,48
3994,41
3995,6
3996,59
3997,92
3998,50
3999,27
4000,77
4001,27
4002,38
4003,92
4004,80
4005,8
4006,77
4007,38
4008,77
4009,27
4010,38
4011,92
4012,27
4013,80
4014,6
4015,80
4016,41
4017,77
4018,92
4019,6
4020,27
4021,92
4022,48
4023,41
4024,41
4025,80
4026,27
4027,38
4028,8
4029,50
4030,43
4031,48
4032,77
4033,67
4034,43
4035,59
4036,50
4037,92
4038,80
4039,43
4040,8
4041,48
4042,80
4043,8
4044,27
4045,8
4046,41
4047,77
4048,77
4049,41
4050,50
4051,92
4052,8
4053,92
4054,27
4055,8
4056,6
4057,80
4058,38
4059,38
4060,43
4061,38
4062,48
4063,8
4064,80
4065,8
4066,92
4067,77
4068,41
4069,48
4070,41
4071,77
4072,38
4073,80
4074,59
4075,92
4076,59
4077,6
4078,92
4079,41
4080,8
4081,77
4082,27
4083,67
4084,27
4085,48
4086,80
4087,27
4088,80
4089,6
4090,77
4091,27
4092,41
4093,38
4094,48
4095,50
4096,43
4097,77
4098,43
4099,27
4100,92
4101,50
4102,92
4103,48
4104,50
4105,8
4106,6
4107,27
4108,41
4109,80
4110,43
4111,59
4112,27
4113,38
4114,41
4115,41
4116,80
4117,92
4118,80
4119,38
4120,92
4121,80
4122,92
4123,77
4124,27
4125,50
4126,80
4127,92
4128,80
4129,77
4130,92
4131,80
4132,48
4133,80
4134,8
4135,92
4136,38
4137,8
4138,92
4139,27
4140,6
4141,92
4142,43
4143,38
4144,80
4145,8
4146,8
4147,77
4148,92
4149,92
4150,67
4151,48
4152,80
4153,8
4154,80
4155,41
4156,41
4157,92
4158,8
4159,48
4160,80
4161,59
4162,80
4163,80
4164,92
4165,27
4166,8
4167,92
4168,92
4169,80
4170,41
4171,38
4172,43
4173,8
4174,50
4175,92
4176,50
4177,48
4178,48
4179,43
4180,92
4181,78
4182,38
4183,92
4184,80
4185,80
4186,43
4187,77
4188,50
4189,27
4190,80
4191,27
4192,92
4193,38
4194,27
4195,8
4196,43
4197,92
4198,80
4199,27
4200,6
4201,77
4202,27
4203,80
4204,59
4205,80
4206,92
4207,92
4208,59
4209,80
4210,27
4211,48
4212,80
4213,67
4214,41
4215,38
4216,27
4217,38
4218,92
4219,92
4220,80
4221,92
4222,78
4223,48
4224,80
4225,92
4226,6
4227,80
4228,27
4229,48
4230,92
4231,80
4232,8
4233,8
4234,92
4235,8
4236,77
4237,59
4238,80
4239,38
4240,80
4241,8
4242,43
4243,50
4244,50
4245,38
4246,48
4247,80
4248,8
4249,92
4250,92
4251,43
4252,43
4253,92
4254,27
4255,8
4256,48
4257,38
4258,80
4259,50
4260,59
4261,78
4262,80
4263,92
4264,80
4265,8
4266,81
4267,43
4268,92
4269,92
4270,67
4271,8
4272,92
4273,80
4274,92
4275,80
4276,38
4277,80
4278,27
4279,27
4280,8
4281,27
4282,48
4283,59
4284,27
4285,27
4286,48
4287,80
4288,92
4289,80
4290,92
4291,92
4292,80
4293,80
4294,80
4295,92
4296,8
4297,80
4298,80
4299,93
4300,27
4301,92
4302,27
4303,78
4304,80
4305,80
4306,92
4307,38
4308,92
4309,92
4310,92
4311,80
4312,6
4313,92
4314,92
4315,92
4316,48
4317,80
4318,50
4319,43
4320,27
4321,48
4322,43
4323,50
4324,92
4325,92
4326,59
4327,38
4328,80
4329,38
4330,80
4331,50
4332,80
4333,43
4334,81
4335,80
4336,92
4337,80
4338,80
4339,8
4340,8
4341,43
4342,8
4343,80
4344,48
4345,81
4346,59
4347,92
4348,92
4349,27
4350,8
4351,92
4352,8
4353,78
4354,80
4355,80
4356,80
4357,78
4358,92
4359,92
4360,8
4361,92
4362,80
4363,38
4364,8
4365,93
4366,48
4367,92
4368,80
4369,92
4370,48
4371,59
4372,92
4373,93
4374,27
4375,80
4376,92
4377,92
4378,8
4379,80
4380,80
4381,80
4382,8
4383,27
4384,27
4385,92
4386,27
4387,78
4388,81
4389,92
4390,27
4391,50
4392,81
4393,43
4394,80
4395,43
4396,80
4397,92
4398,27
4399,48
4400,93
4401,50
4402,59
4403,92
4404,80
4405,8
4406,92
4407,48
4408,8
4409,43
4410,80
4411,81
4412,43
4413,59
4414,92
4415,27
4416,80
4417,80
4418,66
4419,59
4420,93
4421,92
4422,92
4423,48
4424,93
4425,80
4426,92
4427,80
4428,80
4429,8
4430,8
4431,78
4432,27
4433,78
4434,81
4435,80
4436,38
4437,92
4438,8
4439,8
4440,93
4441,92
4442,48
4443,92
4444,8
4445,92
4446,92
4447,81
4448,8
4449,59
4450,80
4451,80
4452,81
4453,80
4454,92
4455,80
4456,80
4457,59
4458,92
4459,80
4460,92
4461,92
4462,80
4463,8
4464,43
4465,80
4466,50
4467,80
4468,8
4469,50
4470,92
4471,43
4472,93
4473,78
4474,80
4475,80
4476,92
4477,81
4478,43
4479,80
4480,81
4481,59
4482,80
4483,93
4484,92
4485,92
4486,27
4487,92
4488,27
4489,66
4490,92
4491,92
4492,27
4493,80
4494,78
4495,92
4496,8
4497,93
4498,92
4499,8
4500,27
4501,59
4502,27
4503,80
4504,43
4505,80
4506,80
4507,59
4508,92
4509,92
4510,27
4511,80
4512,80
4513,80
4514,81
4515,48
4516,92
4517,93
4518,81
4519,92
4520,80
4521,92
4522,93
4523,78
4524,80
4525,78
4526,80
4527,81
4528,59
4529,92
4530,80
4531,92
4532,92
4533,81
4534,80
4535,8
4536,80
4537,8
4538,59
4539,92
4540,8
4541,92
4542,43
4543,8
4544,50
4545,92
4546,59
4547,93
4548,8
4549,43
4550,93
4551,80
4552,81
4553,43
4554,92
4555,80
4556,80
4557,59
4558,80
4559,92
4560,66
4561,8
4562,81
4563,92
4564,59
4565,93
4566,78
4567,8
4568,92
4569,80
4570,43
4571,80
4572,78
4573,92
4574,81
4575,92
4576,93
4577,81
4578,80
4579,92
4580,66
4581,80
4582,80
4583,59
4584,27
4585,27
4586,59
4587,8
4588,93
4589,92
4590,81
4591,27
4592,27
4593,92
4594,92
4595,80
4596,81
4597,93
4598,81
4599,27
4600,78
4601,80
4602,93
4603,80
4604,80
4605,80
4606,93
4607,92
4608,78
4609,92
4610,92
4611,50
4612,43
4613,81
4614,59
4615,43
4616,59
4617,59
4618,80
4619,81
4620,92
4621,92
4622,66
4623,93
4624,80
4625,78
4626,93
4627,92
4628,80
4629,92
4630,92
4631,80
4632,92
4633,8
4634,81
4635,92
4636,80
4637,8
4638,43
4639,8
4640,80
4641,92
4642,80
4643,59
4644,80
4645,81
4646,80
4647,81
4648,59
4649,8
4650,80
4651,92
4652,80
4653,78
4654,93
4655,80
4656,66
4657,92
4658,78
4659,92
4660,80
4661,80
4662,8
4663,92
4664,92
4665,92
4666,93
4667,93
4668,92
4669,81
4670,93
4671,80
4672,43
4673,92
4674,81
4675,59
4676,80
4677,92
4678,80
4679,59
4680,80
4681,93
4682,8
4683,92
4684,92
4685,92
4686,93
4687,80
4688,27
4689,80
4690,81
4691,78
4692,27
4693,80
4694,92
4695,59
4696,81
4697,43
4698,80
4699,43
4700,92
4701,80
4702,81
4703,27
4704,66
4705,81
4706,59
4707,93
4708,80
4709,78
4710,92
4711,80
4712,43
4713,81
4714,92
4715,93
4716,80
4717,92
4718,78
4719,92
4720,59
4721,81
4722,27
4723,80
4724,66
4725,59
4726,80
4727,92
4728,81
4729,92
4730,92
4731,80
4732,93
4733,80
4734,43
4735,80
4736,92
4737,93
4738,93
4739,78
4740,59
4741,92
4742,78
4743,81
4744,93
4745,93
4746,8
4747,80
4748,92
4749,93
4750,92
4751,81
4752,80
4753,66
4754,80
4755,93
4756,8
4757,59
4758,81
4759,92
4760,92
4761,81
4762,92
4763,80
4764,59
4765,92
4766,43
4767,93
4768,59
4769,80
4770,8
4771,80
4772,66
4773,78
4774,78
4775,93
4776,43
4777,81
4778,80
4779,80
4780,59
4781,81
4782,92
4783,80
4784,81
4785,93
4786,81
4787,66
4788,81
4789,78
4790,92
4791,93
4792,92
4793,80
4794,93
4795,78
4796,27
4797,92
4798,80
4799,92
4800,80
4801,92
4802,92
4803,59
4804,81
4805,80
4806,92
4807,43
4808,80
4809,59
4810,92
4811,92
4812,80
4813,92
4814,27
4815,80
4816,92
4817,81
4818,81
4819,80
4820,80
4821,80
4822,93
4823,81
4824,80
4825,66
4826,92
4827,93
4828,80
4829,78
4830,80
4831,78
4832,92
4833,92
4834,92
4835,81
4836,59
4837,80
4838,81
4839,80
4840,93
4841,93
4842,92
4843,92
4844,92
4845,43
4846,80
4847,59
4848,93
4849,80
4850,80
4851,43
4852,93
4853,59
4854,59
4855,92
4856,93
4857,92
4858,93
4859,43
4860,93
4861,92
4862,81
4863,78
4864,59
4865,80
4866,93
4867,80
4868,66
4869,81
4870,92
4871,92
4872,59
4873,80
4874,93
4875,78
4876,92
4877,80
4878,8
4879,80
4880,43
4881,78
4882,93
4883,92
4884,80
4885,92
4886,80
4887,92
4888,81
4889,80
4890,92
4891,66
4892,81
4893,81
4894,80
4895,8
4896,59
4897,59
4898,93
4899,81
4900,80
4901,81
4902,81
4903,92
4904,92
4905,81
4906,80
4907,93
4908,80
4909,81
4910,43
4911,81
4912,92
4913,78
4914,92
4915,80
4916,92
4917,93
4918,80
4919,92
4920,78
4921,80
4922,80
4923,81
4924,59
4925,43
4926,92
4927,81
4928,43
4929,59
4930,81
4931,59
4932,66
4933,92
4934,93
4935,66
4936,93
4937,92
4938,78
4939,92
4940,92
4941,93
4942,81
4943,93
4944,80
4945,93
4946,43
4947,80
4948,81
4949,59
4950,80
4951,81
4952,93
4953,59
4954,92
4955,80
4956,93
4957,78
4958,80
4959,66
4960,78
4961,80
4962,80
4963,83
4964,83
4965,93
4966,83
4967,83
4968,83
4969,93
4970,93
4971,92
4972,83
4973,92
4974,81
4975,83
4976,93
4977,81
4978,83
4979,92
4980,92
4981,83
4982,43
4983,59
4984,83
4985,83
4986,59
4987,93
4988,83
4989,93
4990,80
4991,83
4992,83
4993,93
4994,92
4995,81
4996,83
4997,81
4998,80
4999,80
5000,81
5001,83
5002,78
5003,66
5004,83
5005,81
5006,83
5007,83
5008,59
5009,80
5010,81
5011,43
5012,78
5013,81
5014,81
5015,83
5016,93
5017,59
5018,59
5019,83
5020,93
5021,83
5022,81
5023,93
5024,92
5025,80
5026,43
5027,81
5028,92
5029,83
5030,83
5031,78
5032,59
5033,43
5034,81
5035,83
5036,83
5037,66
5038,59
5039,83
5040,81
5041,92
5042,83
5043,83
5044,93
5045,83
5046,83
5047,80
5048,92
5049,93
5050,93
5051,81
5052,43
5053,81
5054,78
5055,78
5056,93
5057,83
5058,93
5059,93
5060,83
5061,93
5062,83
5063,83
5064,81
5065,83
5066,93
5067,93
5068,83
5069,80
5070,59
5071,66
5072,83
5073,92
5074,81
5075,80
5076,83
5077,83
5078,81
5079,93
5080,83
5081,83
5082,93
5083,83
5084,43
5085,59
5086,93
5087,59
5088,78
5089,78
5090,81
5091,43
5092,81
5093,83
5094,83
5095,43
5096,83
5097,59
5098,83
5099,92
5100,81
5101,81
5102,81
5103,92
5104,93
5105,83
5106,83
5107,66
5108,93
5109,78
5110,81
5111,93
5112,81
5113,83
5114,83
5115,81
5116,83
5117,66
5118,43
5119,59
5120,83
5121,81
5122,81
5123,83
5124,81
5125,83
5126,83
5127,93
5128,81
5129,93
5130,80
5131,83
5132,83
5133,83
5134,83
5135,83
5136,83
5137,83
5138,78
5139,66
5140,83
5141,81
5142,83
5143,93
5144,83
5145,83
5146,81
5147,83
5148,81
5149,83
5150,83
5151,83
5152,93
5153,83
5154,93
5155,83
5156,83
5157,93
5158,83
5159,59
5160,83
5161,43
5162,93
5163,83
5164,83
5165,93
5166,83
5167,93
5168,43
5169,81
5170,93
5171,59
5172,83
5173,59
5174,43
5175,83
5176,83
5177,78
5178,81
5179,93
5180,81
5181,83
5182,83
5183,93
5184,83
5185,83
5186,83
5187,66
5188,93
5189,59
5190,93
5191,83
5192,83
5193,66
5194,83
5195,83
5196,93
5197,43
5198,78
5199,84
5200,83
5201,83
5202,83
5203,83
5204,83
5205,83
5206,93
5207,83
5208,81
5209,81
5210,81
5211,93
5212,81
5213,59
5214,81
5215,66
5216,83
5217,81
5218,81
5219,83
5220,83
5221,43
5222,93
5223,83
5224,83
5225,81
5226,83
5227,81
5228,83
5229,83
5230,83
5231,95
5232,93
5233,83
5234,43
5235,83
5236,83
5237,93
5238,81
5239,83
5240,83
5241,81
5242,81
5243,83
5244,93
5245,59
5246,43
5247,93
5248,81
5249,43
5250,83
5251,83
5252,59
5253,83
5254,83
5255,66
5256,83
5257,93
5258,59
5259,78
5260,83
5261,93
5262,93
5263,81
5264,83
5265,84
5266,83
5267,93
5268,43
5269,59
5270,93
5271,83
5272,83
5273,81
5274,83
5275,93
5276,83
5277,93
5278,78
5279,66
5280,43
5281,93
5282,83
5283,93
5284,83
5285,84
5286,83
5287,83
5288,83
5289,81
5290,83
5291,83
5292,95
5293,81
5294,83
5295,83
5296,83
5297,83
5298,43
5299,83
5300,83
5301,81
5302,83
5303,93
5304,93
5305,83
5306,83
5307,83
5308,83
5309,83
5310,81
5311,83
5312,81
5313,83
5314,81
5315,66
5316,83
5317,83
5318,84
5319,83
5320,83
5321,81
5322,93
5323,83
5324,81
5325,95
5326,66
5327,83
5328,81
5329,59
5330,83
5331,83
5332,83
5333,83
5334,43
5335,78
5336,93
5337,81
5338,83
5339,84
5340,93
5341,83
5342,83
5343,59
5344,59
5345,83
5346,83
5347,81
5348,81
5349,78
5350,43
5351,83
5352,83
5353,81
5354,95
5355,83
5356,83
5357,43
5358,83
5359,83
5360,83
5361,81
5362,83
5363,83
5364,66
5365,84
5366,95
5367,93
5368,83
5369,93
5370,95
5371,81
5372,93
5373,83
5374,83
5375,93
5376,83
5377,93
5378,83
5379,93
5380,81
5381,43
5382,83
5383,83
5384,93
5385,83
5386,83
5387,66
5388,84
5389,93
5390,83
5391,83
5392,83
5393,81
5394,83
5395,83
5396,66
5397,93
5398,83
5399,95
5400,81
5401,83
5402,84
5403,84
5404,93
5405,83
5406,83
5407,83
5408,83
5409,59
5410,43
5411,83
5412,93
5413,83
5414,78
5415,59
5416,83
5417,81
5418,95
5419,95
5420,43
5421,81
5422,81
5423,43
5424,83
5425,81
5426,43
5427,83
5428,83
5429,81
5430,81
5431,83
5432,83
5433,93
5434,93
5435,66
5436,81
5437,84
5438,83
5439,83
5440,95
5441,83
5442,83
5443,81
5444,83
5445,83
5446,81
5447,95
5448,81
5449,43
5450,66
5451,83
5452,84
5453,83
5454,83
5455,83
5456,84
5457,83
5458,93
5459,83
5460,83
5461,83
5462,93
5463,83
5464,83
5465,81
5466,66
5467,83
5468,93
5469,93
5470,83
5471,83
5472,83
5473,83
5474,83
5475,83
5476,93
5477,83
5478,93
5479,84
5480,83
5481,95
5482,83
5483,81
5484,43
5485,83
5486,83
5487,83
5488,83
5489,83
5490,93
5491,95
5492,84
5493,83
5494,83
5495,95
5496,43
5497,83
5498,43
5499,59
5500,59
5501,81
5502,83
5503,83
5504,93
5505,83
5506,43
5507,83
5508,83
5509,84
5510,93
5511,83
5512,93
5513,95
5514,83
5515,81
5516,83
5517,83
5518,83
5519,59
5520,83
5521,95
5522,84
5523,66
5524,93
5525,83
5526,66
5527,81
5528,84
5529,83
5530,83
5531,81
5532,43
5533,83
5534,81
5535,83
5536,93
5537,95
5538,83
5539,81
5540,81
5541,83
5542,83
5543,83
5544,81
5545,84
5546,95
5547,83
5548,83
5549,66
5550,83
5551,81
5552,83
5553,83
5554,43
5555,83
5556,84
5557,84
5558,93
5559,83
5560,83
5561,95
5562,83
5563,95
5564,93
5565,83
5566,43
5567,83
5568,83
5569,81
5570,83
5571,83
5572,84
5573,84
5574,93
5575,83
5576,81
5577,83
5578,93
5579,95
5580,59
5581,83
5582,93
5583,81
5584,43
5585,83
5586,83
5587,95
5588,66
5589,93
5590,66
5591,93
5592,59
5593,83
5594,83
5595,95
5596,83
5597,81
5598,83
5599,84
5600,83
5601,83
5602,81
5603,95
5604,93
5605,84
5606,43
5607,83
5608,93
5609,95
5610,83
5611,83
5612,93
5613,83
5614,83
5615,83
5616,66
5617,43
5618,95
5619,83
5620,83
5621,83
5622,83
5623,83
5624,83
5625,83
5626,83
5627,43
5628,81
5629,83
5630,81
5631,84
5632,93
5633,81
5634,83
5635,95
5636,83
5637,84
5638,83
5639,84
5640,83
5641,81
5642,83
5643,83
5644,43
5645,83
5646,83
5647,83
5648,84
5649,83
5650,95
5651,83
5652,84
5653,93
5654,81
5655,83
5656,83
5657,66
5658,83
5659,83
5660,83
5661,83
5662,83
5663,83
5664,93
5665,83
5666,66
5667,81
5668,83
5669,93
5670,83
5671,43
5672,83
5673,84
5674,81
5675,81
5676,83
5677,59
5678,84
5679,81
5680,83
5681,95
5682,83
5683,83
5684,93
5685,83
5686,95
5687,43
5688,95
5689,83
5690,83
5691,95
5692,83
5693,95
5694,84
5695,81
5696,83
5697,83
5698,43
5699,83
5700,83
5701,84
5702,43
5703,93
5704,81
5705,66
5706,95
5707,83
5708,93
5709,83
5710,83
5711,93
5712,83
5713,93
5714,83
5715,95
5716,83
5717,95
5718,83
5719,43
5720,84
5721,83
5722,83
5723,84
5724,83
5725,83
5726,83
5727,81
5728,66
5729,95
5730,81
5731,83
5732,83
5733,83
5734,93
5735,95
5736,66
5737,83
5738,84
5739,66
5740,84
5741,83
5742,84
5743,83
5744,93
5745,83
5746,84
5747,83
5748,83
5749,81
5750,83
5751,83
5752,93
5753,84
5754,95
5755,93
5756,84
5757,82
5758,81
5759,83
5760,95
5761,84
5762,83
5763,93
5764,84
5765,43
5766,43
5767,83
5768,43
5769,83
5770,83
5771,93
5772,86
5773,81
5774,81
5775,66
5776,83
5777,83
5778,84
5779,86
5780,83
5781,81
5782,86
5783,86
5784,86
5785,83
5786,86
5787,86
5788,83
5789,83
5790,84
5791,86
5792,86
5793,95
5794,43
5795,95
5796,83
5797,86
5798,95
5799,66
5800,86
5801,81
5802,95
5803,95
5804,93
5805,93
5806,86
5807,95
5808,86
5809,86
5810,84
5811,66
5812,86
5813,83
5814,83
5815,95
5816,86
5817,86
5818,66
5819,83
5820,83
5821,95
5822,86
5823,86
5824,83
5825,81
5826,86
5827,86
5828,95
5829,86
5830,86
5831,83
5832,95
5833,81
5834,86
5835,43
5836,84
5837,84
5838,93
5839,93
5840,86
5841,81
5842,83
5843,43
5844,82
5845,83
5846,86
5847,93
5848,93
5849,86
5850,86
5851,83
5852,94
5853,84
5854,83
5855,95
5856,84
5857,81
5858,86
5859,84
5860,86
5861,86
5862,43
5863,82
5864,86
5865,84
5866,84
5867,86
5868,93
5869,93
5870,83
5871,86
5872,86
5873,84
5874,66
5875,81
5876,95
5877,83
5878,86
5879,43
5880,83
5881,84
5882,66
5883,86
5884,95
5885,81
5886,84
5887,86
5888,86
5889,86
5890,84
5891,86
5892,86
5893,66
5894,84
5895,86
5896,93
5897,86
5898,93
5899,86
5900,86
5901,84
5902,83
5903,95
5904,83
5905,95
5906,43
5907,95
5908,84
5909,95
5910,95
5911,86
5912,86
5913,86
5914,43
5915,81
5916,86
5917,95
5918,86
5919,84
5920,86
5921,43
5922,95
5923,95
5924,93
5925,86
5926,81
5927,81
5928,86
5929,81
5930,83
5931,94
5932,93
5933,83
5934,86
5935,95
5936,95
5937,86
5938,82
5939,86
5940,86
5941,93
5942,86
5943,86
5944,86
5945,86
5946,66
5947,81
5948,66
5949,86
5950,86
5951,95
5952,86
5953,84
5954,86
5955,86
5956,86
5957,84
5958,94
5959,86
5960,93
5961,84
5962,86
5963,86
5964,84
5965,86
5966,84
5967,86
5968,86
5969,95
5970,86
5971,86
5972,95
5973,86
5974,84
5975,83
5976,86
5977,81
5978,84
5979,86
5980,82
5981,66
5982,81
5983,86
5984,86
5985,43
5986,86
5987,86
5988,86
5989,84
5990,84
5991,84
5992,86
5993,43
5994,86
5995,86
5996,95
5997,95
5998,86
5999,86
6000,93
6001,43
6002,86
6003,86
6004,86
6005,95
6006,86
6007,86
6008,83
6009,84
6010,86
6011,84
6012,86
6013,95
6014,86
6015,95
6016,86
6017,66
6018,81
6019,86
6020,93
6021,81
6022,95
6023,93
6024,81
6025,66
6026,86
6027,95
6028,86
6029,86
6030,86
6031,95
6032,82
6033,84
6034,93
6035,86
6036,95
6037,86
6038,86
6039,84
6040,84
6041,95
6042,86
6043,94
6044,81
6045,86
6046,66
6047,86
6048,93
6049,86
6050,86
6051,95
6052,86
6053,86
6054,43
6055,93
6056,86
6057,95
6058,82
6059,86
6060,86
6061,86
6062,43
6063,95
6064,86
6065,86
6066,86
6067,84
6068,86
6069,84
6070,84
6071,81
6072,95
6073,84
6074,87
6075,84
6076,86
6077,94
6078,84
6079,86
6080,95
6081,86
6082,84
6083,86
6084,86
6085,86
6086,86
6087,66
6088,86
6089,84
6090,86
6091,93
6092,86
6093,86
6094,43
6095,86
6096,86
6097,86
6098,86
6099,66
6100,86
6101,84
6102,86
6103,87
6104,95
6105,86
6106,86
6107,86
6108,81
6109,66
6110,97
6111,93
6112,95
6113,93
6114,86
6115,86
6116,84
6117,86
6118,86
6119,86
6120,81
6121,82
6122,86
6123,84
6124,86
6125,86
6126,86
6127,86
6128,86
6129,93
6130,95
6131,84
6132,94
6133,86
6134,86
6135,95
6136,95
6137,86
6138,43
6139,43
6140,86
6141,95
6142,86
6143,81
6144,95
6145,86
6146,86
6147,82
6148,84
6149,86
6150,97
6151,86
6152,87
6153,95
6154,86
6155,86
6156,86
6157,86
6158,95
6159,84
6160,93
6161,86
6162,95
6163,86
6164,86
6165,94
6166,86
6167,86
6168,86
6169,43
6170,66
6171,86
6172,86
6173,95
6174,81
6175,86
6176,86
6177,86
6178,86
6179,86
6180,84
6181,95
6182,66
6183,84
6184,84
6185,82
6186,97
6187,87
6188,86
6189,84
6190,84
6191,86
6192,86
6193,86
6194,86
6195,86
6196,86
6197,97
6198,95
6199,84
6200,84
6201,81
6202,93
6203,86
6204,86
6205,93
6206,86
6207,81
6208,43
6209,86
6210,95
6211,81
6212,94
6213,86
6214,86
6215,86
6216,86
6217,94
6218,84
6219,86
6220,84
6221,84
6222,87
6223,86
6224,93
6225,66
6226,97
6227,86
6228,82
6229,86
6230,86
6231,43
6232,86
6233,86
6234,95
6235,81
6236,86
6237,95
6238,95
6239,87
6240,86
6241,86
6242,86
6243,86
6244,86
6245,94
6246,66
6247,86
6248,86
6249,86
6250,84
6251,95
6252,86
6253,95
6254,86
6255,86
6256,95
6257,86
6258,66
6259,86
6260,95
6261,86
6262,86
6263,86
6264,97
6265,86
6266,87
6267,95
6268,97
6269,86
6270,86
6271,86
6272,86
6273,82
6274,86
6275,87
6276,86
6277,86
6278,86
6279,84
6280,86
6281,86
6282,86
6283,86
6284,84
6285,43
6286,86
6287,86
6288,97
6289,95
6290,86
6291,86
6292,86
6293,84
6294,66
6295,84
6296,94
6297,93
6298,86
6299,86
6300,81
6301,86
6302,84
6303,81
6304,86
6305,95
6306,97
6307,84
6308,87
6309,93
6310,86
6311,86
6312,43
6313,93
6314,86
6315,86
6316,81
6317,86
6318,84
6319,97
6320,86
6321,87
6322,86
6323,86
6324,82
6325,86
6326,95
6327,93
6328,86
6329,86
6330,82
6331,84
6332,86
6333,66
6334,86
6335,84
6336,87
6337,94
6338,86
6339,86
6340,86
6341,86
6342,84
6343,87
6344,97
6345,86
6346,86
6347,86
6348,95
6349,95
6350,86
6351,86
6352,86
6353,97
6354,82
6355,87
6356,84
6357,86
6358,95
6359,95
6360,86
6361,95
6362,86
6363,43
6364,86
6365,86
6366,66
6367,94
6368,97
6369,86
6370,86
6371,86
6372,95
6373,97
6374,43
6375,94
6376,97
6377,84
6378,86
6379,86
6380,86
6381,86
6382,87
6383,86
6384,86
6385,86
6386,86
6387,86
6388,86
6389,86
6390,84
6391,86
6392,86
6393,93
6394,86
6395,86
6396,81
6397,81
6398,86
6399,95
6400,86
6401,93
6402,97
6403,86
6404,93
6405,86
6406,86
6407,86
6408,86
6409,95
6410,84
6411,66
6412,87
6413,86
6414,82
6415,82
6416,84
6417,84
6418,86
6419,86
6420,86
6421,86
6422,86
6423,87
6424,87
6425,86
6426,86
6427,86
6428,86
6429,84
6430,94
6431,95
6432,86
6433,86
6434,97
6435,86
6436,86
6437,95
6438,87
6439,43
6440,86
6441,86
6442,84
6443,66
6444,86
6445,86
6446,86
6447,84
6448,86
6449,84
6450,82
6451,86
6452,94
6453,86
6454,87
6455,86
6456,86
6457,86
6458,86
6459,86
6460,87
6461,43
6462,97
6463,86
6464,86
6465,95
6466,97
6467,97
6468,86
6469,95
6470,84
6471,94
6472,97
6473,86
6474,86
6475,87
6476,86
6477,95
6478,86
6479,86
6480,86
6481,86
6482,97
6483,86
6484,86
6485,84
6486,95
6487,82
6488,86
6489,93
6490,81
6491,86
6492,97
6493,97
6494,86
6495,84
6496,93
6497,86
6498,82
6499,86
6500,86
6501,87
6502,43
6503,84
6504,66
6505,86
6506,95
6507,86
6508,81
6509,86
6510,86
6511,95
6512,86
6513,66
6514,95
6515,86
6516,84
6517,97
6518,94
6519,86
6520,87
6521,87
6522,86
6523,86
6524,86
6525,86
6526,87
6527,86
6528,86
6529,86
6530,86
6531,86
6532,86
6533,86
6534,87
6535,95
6536,94
6537,86
6538,87
6539,86
6540,86
6541,86
6542,84
6543,82
6544,94
6545,86
6546,86
6547,95
6548,86
6549,86
6550,97
6551,86
6552,87
6553,84
6554,86
6555,86
6556,86
6557,84
6558,86
6559,84
6560,86
6561,86
6562,86
6563,86
6564,94
6565,86
6566,86
6567,87
6568,86
6569,86
6570,86
6571,86
6572,86
6573,86
6574,86
6575,95
6576,82
6577,66
6578,97
6579,43
6580,86
6581,86
6582,95
6583,97
6584,97
6585,84
6586,86
6587,97
6588,86
6589,86
6590,87
6591,97
6592,82
6593,86
6594,86
6595,86
6596,86
6597,66
6598,86
6599,81
6600,97
6601,95
6602,86
6603,93
6604,84
6605,89
6606,84
6607,97
6608,81
6609,86
6610,89
6611,86
6612,86
6613,95
6614,97
6615,86
6616,86
6617,86
6618,84
6619,89
6620,87
6621,93
6622,86
6623,94
6624,94
6625,84
6626,86
6627,89
6628,86
6629,95
6630,86
6631,95
6632,97
6633,89
6634,82
6635,86
6636,87
6637,89
6638,87
6639,95
6640,87
6641,89
6642,86
6643,86
6644,86
6645,87
6646,66
6647,86
6648,87
6649,87
6650,89
6651,89
6652,95
6653,43
6654,43
6655,89
6656,94
6657,89
6658,89
6659,86
6660,86
6661,89
6662,84
6663,97
6664,89
6665,87
6666,84
6667,89
6668,82
6669,86
6670,89
6671,89
6672,89
6673,89
6674,89
6675,87
6676,86
6677,89
6678,86
6679,89
6680,82
6681,89
6682,87
6683,86
6684,89
6685,89
6686,82
6687,89
6688,95
6689,89
6690,86
6691,89
6692,97
6693,89
6694,86
6695,95
6696,97
6697,89
6698,87
6699,97
6700,89
6701,86
6702,89
6703,84
6704,97
6705,89
6706,95
6707,89
6708,87
6709,95
6710,97
6711,86
6712,86
6713,89
6714,81
6715,94
6716,89
6717,84
6718,84
6719,97
6720,89
6721,94
6722,89
6723,93
6724,97
6725,95
6726,89
6727,89
6728,89
6729,86
6730,86
6731,86
6732,66
6733,97
6734,43
6735,89
6736,89
6737,87
6738,84
6739,82
6740,89
6741,89
6742,84
6743,86
6744,89
6745,94
6746,97
6747,95
6748,89
6749,89
6750,89
6751,97
6752,89
6753,95
6754,89
6755,87
6756,89
6757,82
6758,86
6759,94
6760,87
6761,87
6762,86
6763,89
6764,82
6765,86
6766,89
6767,87
6768,89
6769,86
6770,87
6771,89
6772,97
6773,89
6774,97
6775,84
6776,84
6777,89
6778,87
6779,89
6780,89
6781,89
6782,89
6783,89
6784,89
6785,82
6786,89
6787,89
6788,89
6789,89
6790,89
6791,87
6792,89
6793,89
6794,89
6795,89
6796,89
6797,89
6798,87
6799,86
6800,89
6801,95
6802,94
6803,86
6804,89
6805,86
6806,89
6807,43
6808,89
6809,89
6810,89
6811,66
6812,89
6813,84
6814,95
6815,95
6816,89
6817,89
6818,97
6819,94
6820,89
6821,95
6822,97
6823,89
6824,87
6825,84
6826,87
6827,89
6828,97
6829,66
6830,89
6831,84
6832,97
6833,89
6834,94
6835,93
6836,89
6837,97
6838,84
6839,89
6840,89
6841,89
6842,95
6843,89
6844,86
6845,89
6846,86
6847,97
6848,89
6849,89
6850,81
6851,97
6852,89
6853,87
6854,89
6855,89
6856,87
6857,89
6858,84
6859,89
6860,82
6861,82
6862,89
6863,89
6864,94
6865,89
6866,95
6867,97
6868,89
6869,97
6870,89
6871,89
6872,89
6873,95
6874,89
6875,87
6876,89
6877,87
6878,86
6879,89
6880,89
6881,89
6882,87
6883,87
6884,89
6885,89
6886,82
6887,97
6888,43
6889,89
6890,87
6891,89
6892,89
6893,89
6894,89
6895,89
6896,89
6897,89
6898,97
6899,87
6900,89
6901,89
6902,84
6903,82
6904,87
6905,89
6906,66
6907,94
6908,89
6909,89
6910,89
6911,89
6912,89
6913,89
6914,89
6915,89
6916,87
6917,87
6918,89
6919,89
6920,89
6921,89
6922,89
6923,89
6924,86
6925,94
6926,94
6927,89
6928,95
6929,89
6930,89
6931,89
6932,89
6933,95
6934,84
6935,89
6936,84
6937,89
6938,87
6939,95
6940,97
6941,97
6942,97
6943,89
6944,89
6945,97
6946,89
6947,89
6948,87
6949,89
6950,95
6951,84
6952,89
6953,97
6954,89
6955,97
6956,89
6957,89
6958,89
6959,89
6960,82
6961,84
6962,89
6963,84
6964,89
6965,89
6966,95
6967,82
6968,89
6969,97
6970,89
6971,97
6972,89
6973,89
6974,89
6975,89
6976,89
6977,89
6978,93
6979,89
6980,84
6981,87
6982,94
6983,97
6984,89
6985,89
6986,66
6987,89
6988,97
6989,97
6990,89
6991,89
6992,89
6993,89
6994,82
6995,89
6996,89
6997,89
6998,89
6999,89
7000,89
7001,87
7002,89
7003,87
7004,95
7005,89
7006,89
7007,82
7008,89
7009,89
7010,89
7011,87
7012,89
7013,87
7014,94
7015,89
7016,43
7017,89
7018,89
7019,89
7020,89
7021,87
7022,89
7023,89
7024,89
7025,89
7026,94
7027,87
7028,89
7029,89
7030,89
7031,89
7032,97
7033,84
7034,89
7035,87
7036,89
7037,89
7038,89
7039,89
7040,87
7041,89
7042,89
7043,94
7044,89
7045,89
7046,87
7047,89
7048,89
7049,89
7050,89
7051,89
7052,89
7053,90
7054,89
7055,95
7056,97
7057,89
7058,89
7059,84
7060,84
7061,89
7062,89
7063,97
7064,89
7065,82
7066,89
7067,97
7068,95
7069,89
7070,89
7071,95
7072,97
7073,89
7074,97
7075,89
7076,97
7077,89
7078,87
7079,82
7080,89
7081,84
7082,97
7083,94
7084,66
7085,89
7086,89
7087,84
7088,89
7089,99
7090,89
7091,89
7092,89
7093,87
7094,89
7095,89
7096,89
7097,89
7098,95
7099,89
7100,89
7101,89
7102,89
7103,82
7104,89
7105,89
7106,43
7107,97
7108,89
7109,89
7110,95
7111,89
7112,89
7113,99
7114,89
7115,89
7116,89
7117,89
7118,89
7119,89
7120,89
7121,84
7122,89
7123,89
7124,87
7125,89
7126,89
7127,89
7128,89
7129,89
7130,94
7131,89
7132,89
7133,97
7134,85
7135,97
7136,87
7137,89
7138,87
7139,89
7140,94
7141,87
7142,89
7143,89
7144,89
7145,89
7146,89
7147,89
7148,89
7149,95
7150,87
7151,90
7152,89
7153,89
7154,89
7155,89
7156,89
7157,89
7158,90
7159,89
7160,87
7161,89
7162,89
7163,89
7164,94
7165,89
7166,89
7167,97
7168,89
7169,89
7170,87
7171,87
7172,89
7173,89
7174,89
7175,89
7176,89
7177,89
7178,89
7179,89
7180,89
7181,89
7182,89
7183,89
7184,89
7185,89
7186,89
7187,89
7188,87
7189,82
7190,89
7191,89
7192,89
7193,82
7194,89
7195,94
7196,89
7197,89
7198,89
7199,99
7200,89
7201,89
7202,97
7203,43
7204,89
7205,89
7206,95
7207,89
7208,89
7209,89
7210,84
7211,89
7212,99
7213,84
7214,97
7215,89
7216,97
7217,89
7218,82
7219,89
7220,89
7221,95
7222,89
7223,89
7224,95
7225,99
7226,82
7227,89
7228,97
7229,89
7230,89
7231,89
7232,87
7233,97
7234,89
7235,89
7236,84
7237,89
7238,84
7239,89
7240,89
7241,89
7242,89
7243,89
7244,89
7245,66
7246,89
7247,89
7248,89
7249,89
7250,89
7251,89
7252,89
7253,89
7254,87
7255,89
7256,89
7257,97
7258,89
7259,89
7260,95
7261,89
7262,89
7263,95
7264,89
7265,89
7266,89
7267,89
7268,89
7269,89
7270,89
7271,89
7272,89
7273,89
7274,94
7275,94
7276,89
7277,89
7278,89
7279,89
7280,89
7281,89
7282,89
7283,90
7284,90
7285,89
7286,87
7287,87
7288,89
7289,89
7290,89
7291,87
7292,90
7293,84
7294,89
7295,89
7296,89
7297,89
7298,97
7299,89
7300,90
7301,89
7302,97
7303,89
7304,87
7305,89
7306,89
7307,89
7308,89
7309,89
7310,89
7311,89
7312,89
7313,89
7314,89
7315,89
7316,89
7317,89
7318,89
7319,89
7320,89
7321,89
7322,89
7323,89
7324,97
7325,89
7326,89
7327,89
7328,89
7329,82
7330,89
7331,89
7332,89
7333,87
7334,89
7335,89
7336,89
7337,96
7338,89
7339,89
7340,94
7341,89
7342,89
7343,94
7344,89
7345,89
7346,89
7347,89
7348,89
7349,89
7350,89
7351,89
7352,89
7353,89
7354,89
7355,97
7356,89
7357,89
7358,89
7359,89
7360,89
7361,89
7362,82
7363,89
7364,89
7365,89
7366,89
7367,89
7368,89
7369,87
7370,89
7371,87
7372,89
7373,89
7374,89
7375,89
7376,99
7377,99
7378,89
7379,89
7380,89
7381,87
7382,89
7383,89
7384,89
7385,89
7386,99
7387,89
7388,99
7389,89
7390,89
7391,89
7392,89
7393,89
7394,89
7395,89
7396,89
7397,89
7398,89
7399,89
7400,66
7401,89
7402,89
7403,89
7404,89
7405,89
7406,89
7407,89
7408,89
7409,89
7410,89
7411,89
7412,89
7413,89
7414,89
7415,89
7416,89
7417,89
7418,89
7419,89
7420,89
7421,89
7422,89
7423,89
7424,99
7425,89
7426,89
7427,89
7428,89
7429,89
7430,82
7431,89
7432,89
7433,89
7434,89
7435,89
7436,89
7437,89
7438,82
7439,89
7440,89
7441,89
7442,89
7443,95
7444,89
7445,89
7446,84
7447,89
7448,89
7449,84
7450,89
7451,97
7452,89
7453,89
7454,89
7455,97
7456,95
7457,89
7458,89
7459,89
7460,89
7461,89
7462,95
7463,89
7464,87
7465,97
7466,89
7467,89
7468,89
7469,89
7470,84
7471,89
7472,89
7473,89
7474,89
7475,84
7476,89
7477,89
7478,89
7479,97
7480,89
7481,90
7482,89
7483,90
7484,89
7485,94
7486,89
7487,95
7488,90
7489,89
7490,89
7491,87
7492,89
7493,89
7494,89
7495,89
7496,94
7497,97
7498,90
7499,89
7500,89
7501,89
7502,89
7503,89
7504,89
7505,89
7506,89
7507,87
7508,82
7509,90
7510,84
7511,94
7512,97
7513,89
7514,87
7515,89
7516,89
7517,89
7518,89
7519,89
7520,89
7521,97
7522,94
7523,89
7524,87
7525,89
7526,99
7527,89
7528,66
7529,89
7530,89
7531,97
7532,99
7533,89
7534,89
7535,95
7536,89
7537,89
7538,89
7539,89
7540,82
7541,99
7542,89
7543,97
7544,89
7545,82
7546,87
7547,99
7548,89
7549,87
7550,87
7551,89
7552,89
7553,89
7554,89
7555,89
7556,89
7557,89
7558,43
7559,85
7560,99
7561,89
7562,90
7563,89
7564,90
7565,89
7566,95
7567,84
7568,90
7569,97
7570,87
7571,84
7572,89
7573,95
7574,89
7575,89
7576,97
7577,89
7578,97
7579,99
7580,84
7581,90
7582,94
7583,89
7584,89
7585,89
7586,89
7587,89
7588,94
7589,87
7590,82
7591,89
7592,96
7593,95
7594,89
7595,90
7596,87
7597,99
7598,82
7599,97
7600,89
7601,89
7602,89
7603,99
7604,97
7605,87
7606,94
7607,89
7608,84
7609,90
7610,89
7611,99
7612,89
7613,89
7614,87
7615,89
7616,97
7617,89
7618,89
7619,89
7620,99
7621,43
7622,82
7623,95
7624,90
7625,89
7626,97
7627,89
7628,89
7629,82
7630,97
7631,90
7632,90
7633,99
7634,89
7635,87
7636,89
7637,89
7638,87
7639,89
7640,89
7641,90
7642,85
7643,89
7644,87
7645,89
7646,99
7647,99
7648,94
7649,89
7650,89
7651,97
7652,97
7653,84
7654,95
7655,90
7656,89
7657,82
7658,94
7659,82
7660,87
7661,95
7662,99
7663,97
7664,84
7665,89
7666,90
7667,96
7668,89
7669,89
7670,87
7671,99
7672,94
7673,90
7674,87
7675,95
7676,87
7677,99
7678,94
7679,89
7680,97
7681,90
7682,89
7683,84
7684,89
7685,89
7686,97
7687,87
7688,90
7689,99
7690,99
7691,90
7692,99
7693,82
7694,89
7695,85
7696,95
7697,89
7698,97
7699,89
7700,89
7701,66
7702,87
7703,99
7704,90
7705,99
7706,94
7707,90
7708,87
7709,82
7710,90
7711,84
7712,89
7713,82
7714,99
7715,89
7716,97
7717,89
7718,90
7719,96
7720,97
7721,94
7722,99
7723,87
7724,97
7725,90
7726,89
7727,87
7728,95
7729,94
7730,97
7731,90
7732,84
7733,99
7734,96
7735,99
7736,87
7737,89
7738,90
7739,87
7740,90
7741,95
7742,89
7743,90
7744,97
7745,66
7746,99
7747,97
7748,84
7749,99
7750,89
7751,99
7752,87
7753,82
7754,90
7755,99
7756,85
7757,90
7758,90
7759,90
7760,97
7761,95
7762,82
7763,94
7764,89
7765,99
7766,87
7767,99
7768,82
7769,94
7770,99
7771,90
7772,90
7773,99
7774,84
7775,90
7776,90
7777,97
7778,96
7779,90
7780,94
7781,99
7782,97
7783,87
7784,99
7785,82
7786,87
7787,87
7788,97
7789,90
7790,99
7791,97
7792,95
7793,90
7794,99
7795,87
7796,87
7797,99
7798,90
7799,95
7800,97
7801,90
7802,99
7803,90
7804,85
7805,87
7806,84
7807,82
7808,94
7809,99
7810,90
7811,85
7812,97
7813,99
7814,90
7815,94
7816,43
7817,99
7818,95
7819,99
7820,82
7821,87
7822,90
7823,97
7824,99
7825,90
7826,82
7827,84
7828,90
7829,90
7830,96
7831,99
7832,90
7833,99
7834,90
7835,96
7836,99
7837,97
7838,87
7839,87
7840,97
7841,97
7842,99
7843,95
7844,90
7845,87
7846,87
7847,94
7848,97
7849,99
7850,90
7851,82
7852,97
7853,87
7854,90
7855,94
7856,94
7857,99
7858,85
7859,99
7860,90
7861,97
7862,90
7863,84
7864,85
7865,90
7866,82
7867,82
7868,99
7869,95
7870,99
7871,90
7872,99
7873,90
7874,99
7875,90
7876,99
7877,84
7878,96
7879,99
7880,90
7881,96
7882,94
7883,90
7884,97
7885,87
7886,87
7887,97
7888,87
7889,97
7890,82
7891,95
7892,97
7893,94
7894,99
7895,87
7896,87
7897,94
7898,99
7899,97
7900,90
7901,90
7902,85
7903,82
7904,99
7905,99
7906,99
7907,90
7908,90
7909,99
7910,87
7911,84
7912,85
7913,66
7914,90
7915,97
7916,90
7917,94
7918,99
7919,96
7920,96
7921,84
7922,90
7923,99
7924,97
7925,87
7926,87
7927,97
7928,99
7929,99
7930,94
7931,90
7932,82
7933,90
7934,87
7935,99
7936,99
7937,90
7938,97
7939,82
7940,95
7941,96
7942,87
7943,82
7944,90
7945,97
7946,85
7947,90
7948,99
7949,85
7950,94
7951,87
7952,84
7953,90
7954,99
7955,97
7956,99
7957,90
7958,99
7959,90
7960,99
7961,99
7962,90
7963,96
7964,97
7965,95
7966,87
7967,94
7968,87
7969,90
7970,97
7971,82
7972,82
7973,87
7974,82
7975,97
7976,99
7977,96
7978,90
7979,87
7980,97
7981,90
7982,94
7983,97
7984,85
7985,99
7986,85
7987,99
7988,90
7989,87
7990,84
7991,99
7992,99
7993,90
7994,94
7995,99
7996,97
7997,90
7998,82
7999,90
8000,94
8001,97
8002,96
8003,82
8004,99
8005,85
8006,87
8007,95
8008,87
8009,90
8010,97
8011,90
8012,90
8013,94
8014,96
8015,87
8016,99
8017,97
8018,99
8019,97
8020,90
8021,94
8022,85
8023,99
8024,85
8025,87
8026,99
8027,82
8028,90
8029,90
8030,87
8031,99
8032,97
8033,99
8034,94
8035,82
8036,87
8037,90
8038,85
8039,96
8040,97
8041,90
8042,95
8043,87
8044,94
8045,90
8046,87
8047,96
8048,94
8049,99
8050,99
8051,97
8052,97
8053,90
8054,82
8055,84
8056,99
8057,90
8058,99
8059,87
8060,85
8061,99
8062,87
8063,90
8064,99
8065,97
8066,82
8067,96
8068,99
8069,90
8070,94
8071,85
8072,94
8073,96
8074,90
8075,82
8076,87
8077,87
8078,97
8079,90
8080,96
8081,99
8082,99
8083,82
8084,97
8085,97
8086,90
8087,87
8088,87
8089,99
8090,90
8091,85
8092,99
8093,99
8094,87
8095,85
8096,82
8097,97
8098,94
8099,96
8100,99
8101,94
8102,90
8103,90
8104,85
8105,87
8106,95
8107,90
8108,97
8109,82
8110,99
8111,90
8112,90
8113,96
8114,99
8115,97
8116,99
8117,87
8118,82
8119,87
8120,94
8121,85
8122,99
8123,90
8124,90
8125,97
8126,85
8127,87
8128,96
8129,94
8130,99
8131,99
8132,85
8133,87
8134,99
8135,82
8136,97
8137,90
8138,97
8139,90
8140,82
8141,96
8142,97
8143,90
8144,90
8145,90
8146,94
8147,94
8148,99
8149,97
8150,87
8151,88
8152,99
8153,85
8154,87
8155,96
8156,96
8157,99
8158,87
8159,90
8160,82
8161,85
8162,90
8163,99
8164,82
8165,99
8166,97
8167,97
8168,94
8169,97
8170,99
8171,96
8172,94
8173,90
8174,99
8175,87
8176,87
8177,90
8178,90
8179,85
8180,87
8181,96
8182,90
8183,90
8184,96
8185,99
8186,85
8187,82
8188,94
8189,85
8190,99
8191,97
8192,97
8193,97
8194,99
8195,94
8196,90
8197,98
8198,99
8199,99
8200,90
8201,87
8202,87
8203,94
8204,96
8205,85
8206,87
8207,99
8208,90
8209,82
8210,96
8211,85
8212,99
8213,82
8214,97
8215,85
8216,90
8217,97
8218,94
8219,90
8220,90
8221,99
8222,97
8223,87
8224,94
8225,87
8226,82
8227,99
8228,99
8229,96
8230,87
8231,85
8232,82
8233,90
8234,85
8235,96
8236,97
8237,99
8238,99
8239,96
8240,97
8241,88
8242,90
8243,90
8244,94
8245,99
8246,97
8247,87
8248,82
8249,82
8250,90
8251,87
8252,90
8253,96
8254,99
8255,85
8256,90
8257,85
8258,98
8259,99
8260,90
8261,97
8262,96
8263,88
8264,94
8265,82
8266,87
8267,99
8268,97
8269,85
8270,99
8271,90
8272,99
8273,87
8274,99
8275,96
8276,94
8277,85
8278,85
8279,97
8280,98
8281,90
8282,96
8283,94
8284,82
8285,90
8286,87
8287,99
8288,97
8289,90
8290,85
8291,94
8292,90
8293,90
8294,87
8295,99
8296,99
8297,96
8298,90
8299,88
8300,85
8301,82
8302,98
8303,94
8304,96
8305,87
8306,99
8307,94
8308,97
8309,85
8310,90
8311,87
8312,99
8313,99
8314,99
8315,82
8316,98
8317,88
8318,85
8319,90
8320,96
8321,97
8322,94
8323,96
8324,87
8325,99
8326,97
8327,90
8328,90
8329,85
8330,90
8331,90
8332,82
8333,82
8334,99
8335,98
8336,88
8337,94
8338,96
8339,85
8340,97
8341,90
8342,87
8343,97
8344,96
8345,99
8346,99
8347,85
8348,82
8349,99
8350,99
8351,90
8352,85
8353,94
8354,99
8355,88
8356,87
8357,97
8358,98
8359,96
8360,88
8361,90
8362,96
8363,82
8364,85
8365,99
8366,90
8367,85
8368,94
8369,90
8370,90
8371,90
8372,97
8373,87
8374,98
8375,96
8376,88
8377,82
8378,99
8379,98
8380,90
8381,85
8382,99
8383,94
8384,85
8385,97
8386,99
8387,87
8388,99
8389,82
8390,98
8391,99
8392,94
8393,96
8394,88
8395,90
8396,98
8397,99
8398,96
8399,85
8400,90
8401,85
8402,87
8403,94
8404,82
8405,97
8406,90
8407,96
8408,88
8409,99
8410,90
8411,90
8412,98
8413,90
8414,96
8415,94
8416,88
8417,85
8418,82
8419,99
8420,97
8421,88
8422,96
8423,99
8424,90
8425,94
8426,98
8427,99
8428,99
8429,96
8430,99
8431,85
8432,97
8433,88
8434,85
8435,90
8436,88
8437,98
8438,94
8439,98
8440,90
8441,99
8442,82
8443,96
8444,90
8445,85
8446,88
8447,85
8448,90
8449,87
8450,90
8451,90
8452,94
8453,99
8454,98
8455,82
8456,98
8457,96
8458,85
8459,99
8460,87
8461,88
8462,85
8463,94
8464,82
8465,99
8466,98
8467,98
8468,99
8469,99
8470,90
8471,99
8472,85
8473,96
8474,88
8475,82
8476,88
8477,96
8478,90
8479,97
8480,98
8481,90
8482,85
8483,90
8484,88
8485,96
8486,82
8487,99
8488,96
8489,90
8490,88
8491,90
8492,90
8493,98
8494,94
8495,99
8496,88
8497,82
8498,85
8499,96
8500,96
8501,88
8502,99
8503,94
8504,98
8505,88
8506,99
8507,85
8508,99
8509,85
8510,99
8511,98
8512,99
8513,94
8514,96
8515,88
8516,90
8517,98
8518,85
8519,90
8520,94
8521,85
8522,98
8523,96
8524,88
8525,98
8526,90
8527,90
8528,85
8529,90
8530,90
8531,94
8532,90
8533,100
8534,88
8535,98
8536,88
8537,96
8538,99
8539,94
8540,85
8541,82
8542,88
8543,98
8544,88
8545,99
8546,96
8547,82
8548,99
8549,99
8550,96
8551,85
8552,88
8553,99
8554,99
8555,98
8556,88
8557,82
8558,96
8559,91
8560,96
8561,85
8562,98
8563,91
8564,82
8565,88
8566,90
8567,98
8568,90
8569,96
8570,98
8571,90
8572,85
8573,90
8574,90
8575,82
8576,88
8577,98
8578,100
8579,96
8580,85
8581,85
8582,88
8583,100
8584,94
8585,98
8586,96
8587,100
8588,99
8589,85
8590,88
8591,88
8592,99
8593,94
8594,99
8595,99
8596,98
8597,96
8598,88
8599,85
8600,94
8601,88
8602,91
8603,98
8604,96
8605,94
8606,85
8607,90
8608,91
8609,88
8610,98
8611,91
8612,90
8613,94
8614,91
8615,90
8616,96
8617,85
8618,88
8619,98
8620,96
8621,98
8622,100
8623,85
8624,88
8625,96
8626,100
8627,82
8628,99
8629,98
8630,85
8631,88
8632,100
8633,82
8634,99
8635,100
8636,100
8637,96
8638,88
8639,98
8640,85
8641,82
8642,96
8643,88
8644,82
8645,98
8646,88
8647,90
8648,91
8649,96
8650,91
8651,85
8652,98
8653,91
8654,91
8655,88
8656,91
8657,91
8658,96
8659,85
8660,98
8661,88
8662,98
8663,96
8664,85
8665,88
8666,100
8667,94
8668,85
8669,100
8670,96
8671,100
8672,94
8673,88
8674,100
8675,100
8676,100
8677,100
8678,85
8679,98
8680,94
8681,88
8682,96
8683,85
8684,98
8685,88
8686,91
8687,96
8688,88
8689,85
8690,98
8691,91
8692,91
8693,96
8694,91
8695,98
8696,85
8697,91
8698,91
8699,91
8700,96
8701,98
8702,88
8703,100
8704,96
8705,98
8706,82
8707,88
8708,98
8709,96
8710,82
8711,100
8712,88
8713,98
8714,82
8715,100
8716,96
8717,100
8718,100
8719,100
8720,88
8721,100
8722,85
8723,96
8724,88
8725,85
8726,96
8727,88
8728,91
8729,85
8730,88
8731,98
8732,85
8733,91
8734,88
8735,98
8736,91
8737,91
8738,85
8739,91
8740,91
8741,91
8742,98
8743,85
8744,94
8745,100
8746,98
8747,85
8748,94
8749,98
8750,96
8751,85
8752,100
8753,98
8754,96
8755,98
8756,88
8757,100
8758,96
8759,98
8760,100
8761,100
8762,88
8763,100
8764,100
8765,96
8766,88
8767,96
8768,88
8769,91
8770,96
8771,88
8772,96
8773,91
8774,88
8775,96
8776,88
8777,91
8778,82
8779,88
8780,96
8781,91
8782,91
8783,82
8784,91
8785,91
8786,100
8787,85
8788,98
8789,85
8790,98
8791,85
8792,98
8793,100
8794,85
8795,98
8796,85
8797,98
8798,100
8799,98
8800,85
8801,100
8802,98
8803,100
8804,98
8805,85
8806,100
8807,100
8808,85
8809,91
8810,88
8811,88
8812,94
8813,88
8814,96
8815,91
8816,96
8817,88
8818,96
8819,91
8820,88
8821,96
8822,88
8823,91
8824,88
8825,96
8826,100
8827,91
8828,88
8829,91
8830,91
8831,96
8832,96
8833,96
8834,100
8835,96
8836,98
8837,100
8838,98
8839,98
8840,100
8841,98
8842,98
8843,100
8844,98
8845,82
8846,100
8847,98
8848,100
8849,98
8850,85
8851,91
8852,85
8853,85
8854,85
8855,85
8856,85
8857,91
8858,85
8859,85
8860,91
8861,88
8862,88
8863,91
8864,88
8865,88
8866,91
8867,88
8868,91
8869,88
8870,91
8871,88
8872,88
8873,100
8874,96
8875,96
8876,100
8877,96
8878,96
8879,96
8880,96
8881,100
8882,96
8883,96
8884,98
8885,100
8886,98
8887,91
8888,100
8889,98
8890,98
8891,100
8892,98
8893,98
8894,98
8895,98
8896,98
8897,91
8898,91
8899,91
8900,85
8901,85
8902,91
8903,85
8904,85
8905,85
8906,85
8907,91
8908,85
8909,85
8910,88
8911,91
8912,100
8913,88
8914,88
8915,88
8916,88
8917,88
8918,88
8919,88
8920,100
8921,100
8922,100
8923,91
8924,100
8925,100
8926,100
8927,91
8928,98
8929,98
8930,96
8931,96
8932,96
8933,96
8934,96
8935,96
8936,98
8937,98
8938,96
8939,98
8940,98
8941,98
8942,98
8943,91
8944,91
8945,91
8946,100
8947,91
8948,91
8949,88
8950,88
8951,100
8952,88
8953,88
8954,88
8955,88
8956,88
8957,88
8958,85
8959,85
8960,85
8961,85
8962,85
8963,100
8964,85
8965,85
8966,91
8967,100
8968,100
8969,100
8970,91
8971,100
8972,98
8973,98
8974,91
8975,98
8976,98
8977,98
8978,98
8979,98
8980,91
8981,98
8982,96
8983,96
8984,96
8985,96
8986,100
8987,91
8988,96
8989,96
8990,91
8991,91
8992,100
8993,88
8994,88
8995,88
8996,100
8997,88
8998,91
8999,88
9000,88
9001,100
9002,88
9003,88
9004,85
9005,100
9006,85
9007,91
9008,85
9009,85
9010,100
9011,85
9012,85
9013,100
9014,91
9015,98
9016,98
9017,91
9018,98
9019,98
9020,100
9021,98
9022,91
9023,98
9024,98
9025,91
9026,98
9027,100
9028,96
9029,96
9030,91
9031,96
9032,88
9033,96
9034,100
9035,91
9036,96
9037,88
9038,88
9039,100
9040,88
9041,88
9042,91
9043,100
9044,88
9045,88
9046,100
9047,88
9048,91
9049,85
9050,100
9051,85
9052,98
9053,85
9054,91
9055,85
9056,100
9057,98
9058,85
9059,98
9060,91
9061,98
9062,98
9063,100
9064,91
9065,98
9066,91
9067,98
9068,91
9069,100
9070,98
9071,88
9072,96
9073,88
9074,96
9075,100
9076,88
9077,96
9078,91
9079,96
9080,88
9081,100
9082,88
9083,100
9084,91
9085,88
9086,88
9087,100
9088,88
9089,91
9090,100
9091,98
9092,85
9093,98
9094,85
9095,91
9096,98
9097,85
9098,100
9099,91
9100,85
9101,98
9102,98
9103,91
9104,100
9105,98
9106,88
9107,98
9108,100
9109,91
9110,88
9111,98
9112,96
9113,88
9114,100
9115,96
9116,88
9117,91
9118,100
9119,96
9120,88
9121,100
9122,100
9123,88
9124,91
9125,88
9126,98
9127,91
9128,88
9129,98
9130,100
9131,88
9132,91
9133,98
9134,85
9135,100
9136,98
9137,91
9138,85
9139,98
9140,88
9141,91
9142,100
9143,98
9144,88
9145,98
9146,100
9147,88
9148,91
9149,98
9150,100
9151,96
9152,88
9153,100
9154,91
9155,96
9156,88
9157,100
9158,88
9159,98
9160,91
9161,100
9162,88
9163,98
9164,91
9165,88
9166,100
9167,98
9168,88
9169,91
9170,98
9171,91
9172,85
9173,100
9174,91
9175,98
9176,98
9177,88
9178,100
9179,91
9180,98
9181,88
9182,100
9183,100
9184,98
9185,91
9186,88
9187,100
9188,96
9189,88
9190,100
9191,91
9192,98
9193,88
9194,91
9195,98
9196,88
9197,100
9198,98
9199,88
9200,91
9201,91
9202,100
9203,98
9204,88
9205,91
9206,98
9207,100
9208,91
9209,88
9210,98
9211,100
9212,88
9213,91
9214,98
9215,88
9216,100
9217,100
9218,98
9219,91
9220,88
9221,98
9222,91
9223,88
9224,100
9225,98
9226,91
9227,88
9228,91
9229,98
9230,100
9231,88
9232,91
9233,98
9234,91
9235,100
9236,98
9237,88
9238,100
9239,91
9240,98
9241,88
9242,100
9243,100
9244,98
9245,88
9246,91
9247,98
9248,88
9249,100
9250,91
9251,91
9252,98
9253,88
9254,91
9255,100
9256,88
9257,98
9258,91
9259,91
9260,100
9261,98
9262,88
9263,98
9264,91
9265,100
9266,88
9267,100
9268,98
9269,100
9270,91
9271,88
9272,100
9273,98
9274,91
9275,88
9276,91
9277,98
9278,100
9279,88
9280,91
9281,98
9282,91
9283,91
9284,100
9285,98
9286,91
9287,88
9288,100
9289,98
9290,100
9291,88
9292,91
9293,100
9294,88
9295,100
9296,100
9297,91
9298,91
9299,88
9300,100
9301,98
9302,91
9303,91
9304,98
9305,100
9306,91
9307,91
9308,98
9309,88
9310,100
9311,100
9312,91
9313,88
9314,100
9315,100
9316,88
9317,91
9318,100
9319,100
9320,98
9321,91
9322,91
9323,100
9324,98
9325,91
9326,91
9327,100
9328,100
9329,88
9330,91
9331,100
9332,88
9333,100
9334,91
9335,100
9336,100
9337,91
9338,91
9339,98
9340,100
9341,91
9342,91
9343,100
9344,100
9345,88
9346,91
9347,100
9348,100
9349,91
9350,100
9351,100
9352,91
9353,91
9354,100
9355,91
9356,91
9357,100
9358,100
9359,91
9360,100
9361,100
9362,91
9363,100
9364,91
9365,91
9366,100
9367,91
9368,100
9369,100
9370,91
9371,100
9372,91
9373,100
9374,91
9375,100
9376,91
9377,100
9378,91
9379,100
9380,91
9381,100
9382,91
9383,91
9384,100
9385,100
9386,91
9387,91
9388,100
9389,91
9390,100
