   53195894109.309029     
  -164676730597.30676     
   190900890140.53992     
  -120194942886.12819     
   85886109133.296463     
  -290634073536.43390     
   1292946017139.2505     
  -3705267134380.8755     
   5171186348208.4102     
  -3266776318970.6631     
   1025754917692.4722     
  -410011934642.72870     
   128744813906.64284     
   47440226725.042473     
  -15784965217.266983     
  -45010786191.147118     
   7641754659.5876732     
   28399707043.352440     
  -72440511875.568329     
  -286786756656.52673     
   923401167202.21582     
  -1106951817365.8506     
   822338010464.42554     
  -898887173807.39722     
   2820787601060.8179     
  -12759964687913.250     
   42003169611237.688     
  -64984317106489.547     
   44560351956386.453     
  -13097300513095.998     
   2960395563600.4395     
  -1795588739273.6086     
   1181242719700.5725     
  -531118761087.97211     
   558852604519.26868     
  -537431179702.90393     
   156981626697.42987     
  -278402610519.29358     
  -74756357439.730835     
   238726305305.46274     
  -310387313109.06757     
  -379582248001.85785     
   2009280175254.8711     
  -6059425709215.0332     
   23538649141960.848     
  -90724075393959.219     
   163368032367604.88     
  -127053377340162.92     
   40758229017176.602     
  -5997402188961.4521     
   1904254088966.7959     
  -2813391740355.3735     
   2496637088985.2920     
  -2166396681337.8157     
   2034271273779.4773     
  -859570070418.55798     
   1569844800575.9080     
   1075564009929.9989     
  -3284891739533.2725     
   3969878693452.7368     
  -1441472530799.3621     
  -3043277410035.0029     
   7981652154437.9863     
  -7341194936934.9199     
   52993677881234.984     
  -173164958524153.56     
   185161318682500.53     
  -73244692761129.047     
   9935499322647.5352     
   1756119084334.8884     
  -1065223229456.1041     
  -1837710121411.2891     
   4410317130590.4922     
  -4879524224072.3896     
   2368632795474.5830     
  -2254396733572.3257     
   5910093706640.9326     
  -21630378992474.613     
   29501536622512.074     
  -23286403743780.336     
   25513434800963.867     
  -58335912766263.273     
   18349234166856.402     
   121772504578644.02     
   29359825783325.078     
  -241540577485932.34     
   129436501738110.06     
  -16575693580076.500     
   6656815559164.3926     
  -15590957091211.512     
   18709139208639.328     
  -20496651445126.520     
   20753730157299.441     
  -10131163620274.803     
   1163572767635.1450     
  -30348659356480.105     
   115670761710353.56     
  -170506761916361.59     
   144333128716538.94     
  -136941510408817.95     
   309273424754941.06     
  -290497813911892.44     
  -349348779979910.06     
   284406222704740.69     
   320862504676237.19     
  -188275582644584.25     
  -12167432081987.432     
  -15282026960486.002     
   63561555736377.617     
  -78191119563300.734     
   77308316504354.750     
  -73531465748808.938     
   36168253533942.000     
   5276389039951.4463     
   37963699786528.430     
  -162098055364680.94     
   268864241574339.16     
  -259946636618396.88     
   256778819812971.41     
  -521030777194670.19     
   400153484156860.12     
   826583008964912.00     
  -834692242731306.50     
  -214752890490753.09     
   150340285157271.62     
   61458935309032.188     
   15335734343795.277     
  -86561671741365.391     
   111932793823610.72     
  -131428675015120.59     
   153796786186415.38     
  -93876274411675.766     
   31802352772042.496     
  -19589234866478.305     
   98631908526811.703     
  -184724712402857.81     
   198741313488742.84     
  -195232719778142.00     
   270386425563859.56     
   225384572204617.59     
  -1605246596587926.5     
   1541552863629042.8     
  -316728806815433.56     
   59793165096260.203     
  -77176204362307.375     
  -23133377284452.184     
   84078365169749.250     
  -106807357011992.25     
   177154298525205.25     
  -287021024869274.38     
   214661754427829.16     
  -175801846362814.41     
   9054277488098.8184     
  -41308169851775.672     
   68688048692791.078     
  -65047008525464.617     
   46776832738241.398     
   97851765107137.297     
  -821547313794625.12     
   1964286847848690.0     
  -1929999321621958.2     
   893322382010075.38     
  -303587939062480.19     
   84773296325550.938     
   11951714306413.793     
  -50170797409767.008     
   77680012552137.281     
  -211923961392684.97     
   414923967198008.94     
  -333015453393041.12     
   305537782033234.38     
  -122712315829.04323     
  -4514583612075.1309     
   28503661064420.594     
  -48558975488724.258     
   51236925363039.062     
  -250880662916591.50     
   993191591351110.62     
  -1988922637677186.0     
   2067675815489332.8     
  -1175648944294497.0     
   402430451385475.50     
  -74096702839021.562     
  -10226063192260.725     
   22455862914061.848     
  -30750472094734.625     
   169307303762252.38     
  -413901571652485.31     
   362049282826330.88     
  -334081020330035.50     
  -11439030366002.867     
   53433519723274.219     
  -123343269474201.41     
   150272816054668.44     
  -109675362616160.44     
   233450827510698.78     
  -768766557991160.38     
   1476069807249462.5     
  -1553099361635662.2     
   867094814182079.00     
  -232277046654377.44     
   6873427704581.6729     
   19617784721283.133     
   31767543804063.176     
  -117264291027044.92     
   130139525228244.73     
   46976237605613.656     
  -162098707177752.53     
   208807166860314.69     
   12247503576326.514     
  -69959358786748.539     
   168464423428270.41     
  -202760714644290.12     
   130452716258433.12     
  -129099527574665.52     
   307300087686577.12     
  -560666333894619.81     
   564243652252125.38     
  -222430267889439.44     
  -32151964177168.406     
   41748457260679.336     
   26480115765583.352     
  -230648043687842.47     
   470111206368786.19     
  -681585637496668.12     
   578600712570270.00     
  -169198784480221.66     
  -11365506507903.969     
  -3970307512295.6846     
   34201266517395.367     
  -90240017568800.516     
   109958909745877.14     
  -68587283475146.188     
   44002829540046.727     
  -66257357899849.305     
   110848534361227.72     
  -93900298687971.094     
  -15664923213122.504     
   60921508063831.328     
  -19994042298407.270     
  -37365271250332.547     
   197462812042164.81     
  -368711543387381.62     
   518793150131623.75     
  -463366036688290.12     
   163280459386088.81     
  -33472996477174.332     
  -94334901150.283539     
   294623046658.36877     
  -345008792213.49982     
   218400311856.99820     
  -151913368412.22974     
   482262577005.11609     
  -2057189313125.4963     
   5864492212754.3691     
  -8322363889461.7227     
   5357320805128.2148     
  -1654912330880.2363     
   611199568761.71094     
  -170669684233.56964     
  -107645034278.03961     
   40973582006.150070     
   73830417207.506210     
  -18797289306.199623     
  -41445644711.706345     
   116746258076.04471     
   521451757501.52686     
  -1689895290802.2166     
   2049477398667.2185     
  -1522633497468.0247     
   1595272194967.2786     
  -4773626476940.1602     
   20591892943743.457     
  -67061743888150.492     
   104743427015940.34     
  -72698218205142.609     
   21283113499945.539     
  -4402581333721.7100     
   2532737411049.0918     
  -1602507497950.1121     
   729510910688.84265     
  -923608186493.40186     
   925588077629.92236     
  -284090745229.49139     
   485482398105.58917     
   73677901772.706635     
  -233216247763.79276     
   313433516042.28284     
   794319725230.64514     
  -3530958918892.2339     
   10343668247695.570     
  -37668483789349.289     
   143217490801177.78     
  -261080217138278.75     
   205642639614178.59     
  -66129550920519.648     
   8990943988206.4395     
  -2251246004096.8218     
   3791272666534.8560     
  -3725883699832.1465     
   3615234360130.0498     
  -3491234570025.9053     
   1483254302530.0249     
  -2543222462442.0444     
  -1754500923377.1016     
   5407350875651.7861     
  -6632246781631.1924     
   2399102710743.9517     
   5389239164899.7656     
  -13823121946981.029     
   8754788126027.5439     
  -69445485569770.828     
   257652163358570.78     
  -287258526465791.81     
   115129535121940.39     
  -14656605012666.121     
  -3905091980394.3911     
   2595018620784.9404     
   2731231695496.0073     
  -7519607820733.0479     
   8413047315345.9121     
  -4065766025365.5039     
   2762477178350.9209     
  -10749187567034.752     
   38945165934699.242     
  -52701853627623.977     
   41454699662735.344     
  -45265970077408.445     
   100660265361882.41     
  -20127863134403.465     
  -275988078232238.34     
   88051083219410.859     
   295701001403139.56     
  -178206377666302.72     
   18968154812103.824     
  -7537988638244.6133     
   23172875811380.789     
  -30239659352330.684     
   34848258596425.273     
  -35457732313352.328     
   17179052088440.785     
   4797253548477.7930     
   54314826491978.203     
  -205161404291034.25     
   300210071788843.50     
  -252836296474554.78     
   238517704653823.81     
  -528644100997891.31     
   467561025180045.62     
   784431357399587.12     
  -906820373638483.38     
  -170813216828189.31     
   180894145743786.44     
   50051997654590.070     
   13327587768275.281     
  -94212081820717.000     
   124206914819523.38     
  -128969394730265.38     
   123597238937992.27     
  -60258600101935.336     
  -33973253477123.449     
  -68379235317347.562     
   287068347116100.50     
  -470957458687981.88     
   452740224515820.31     
  -444625361755067.38     
   889987074193479.12     
  -658966313873443.75     
  -1663032078571589.2     
   2080407568715363.8     
  -259002777520016.88     
  -15608854221332.740     
  -154816183145698.06     
  -7441585820723.6738     
   126728434976596.86     
  -176312705529828.69     
   217637862894172.06     
  -255301256750203.91     
   154180182337331.34     
  -10589915743898.627     
   35998393424177.602     
  -175204545644704.12     
   323081750070735.19     
  -346105813056724.31     
   338415712898243.44     
  -464587239468553.00     
  -381197578341676.56     
   2901797312037011.0     
  -3147573182712738.0     
   1064253882093367.9     
  -309624882810012.62     
   174133174414855.59     
   28100535744769.055     
  -132213469743786.39     
   174621638412133.84     
  -297210806481495.00     
   476951289081396.75     
  -352614244181235.75     
   257933557856639.34     
  -17087795669685.453     
   74960711927856.375     
  -122483010817154.66     
   115416904858201.41     
  -81840952799157.562     
  -167497729183438.28     
   1397093695020321.0     
  -3419583390964022.0     
   3532388663531027.5     
  -1768295751751142.2     
   610622837439991.88     
  -159741517650810.53     
  -22655009362443.387     
   93649451703348.391     
  -143162965408956.16     
   368026768704510.25     
  -697594838809891.88     
   550304300246307.38     
  -490760838396038.19     
   1784724581867.4351     
   3069966529829.2759     
  -42236221124717.109     
   77550785057694.031     
  -88045872307926.672     
   444167521288997.88     
  -1729648193485067.2     
   3471294233439363.5     
  -3664870031402036.0     
   2109517876787795.5     
  -704324454500526.25     
   115140260460589.38     
   36314616287172.633     
  -74120721011939.594     
   92120886183421.594     
  -316063753524512.88     
   707665167319235.88     
  -601852797867861.00     
   546599237688908.38     
   18317775067934.109     
  -87628545195467.094     
   203607741944005.44     
  -248123878619212.81     
   187692071014261.81     
  -432331005096184.00     
   1399706650009524.0     
  -2648850297781112.0     
   2783286279030178.5     
  -1553091884415696.8     
   400227834942348.06     
   3769443687998.9756     
  -54900299265614.094     
  -18148527362099.441     
   167118213710399.53     
  -206787559905846.19     
  -77600395299059.875     
   265691657073906.06     
  -345942399471136.81     
  -20929987366096.887     
   118678705855471.84     
  -282261786890958.06     
   336424397021056.38     
  -222880236570892.19     
   266942575502808.34     
  -652850870315808.38     
   1127936895863037.5     
  -1106060563461402.0     
   476809560930099.81     
   561388802128.78857     
  -50233266963653.875     
  -53331817136431.172     
   409531458070681.50     
  -831009858214331.62     
   1202420416609153.5     
  -1019471798991080.6     
   298743423091971.88     
   23135929036458.266     
   7285489557507.6787     
  -58889699856035.719     
   151873167260282.03     
  -182752853255944.19     
   117388205659454.56     
  -101909312160796.75     
   187727763994059.09     
  -286812370707778.50     
   241162034100721.59     
  -39808524171479.938     
  -52362396732197.062     
   7173506996975.8818     
   80787010146050.688     
  -365648486897499.44     
   665594234669165.25     
  -922722610868508.25     
   817528043148265.75     
  -285097565427742.25     
   53319384605708.445     
   57286815706.257942     
  -183039557178.22372     
   220633786444.77362     
  -143214601282.31454     
   93899177509.861679     
  -228960797910.34714     
   754335723481.36157     
  -2019753590498.2610     
   3083088778378.9268     
  -2121333169419.2810     
   594169220761.13403     
  -164530201616.85477     
   13516504669.966370     
   99879605377.113754     
  -43990058186.486992     
  -31612947720.245007     
   12975160903.971745     
   15506149451.250687     
  -68543353842.941269     
  -332166788145.43378     
   1090097911962.2241     
  -1358991965270.8635     
   1028389333831.7539     
  -995972970629.11951     
   2477300245113.7188     
  -8389168355269.8857     
   25566430415579.352     
  -41617870901768.203     
   30198161546639.574     
  -8456725868538.9697     
   1074420868814.6908     
  -473055688452.87390     
   166423555885.89853     
  -85748549031.803009     
   422796679472.24384     
  -474657762445.86035     
   156570203858.14996     
  -66241666399.144951     
   49197066622.491211     
  -128495091701.29118     
   85219213464.226624     
  -574539883322.02673     
   2080125776253.7434     
  -5622682975202.3047     
   15255015368981.604     
  -53418598583621.758     
   103376724983393.89     
  -85981517715238.391     
   27479932723433.852     
  -2146078086135.4812     
  -679740814439.75525     
  -190721731741.29190     
   1035905044029.1006     
  -1752035400966.6960     
   1841327219142.0820     
  -788143212814.26672     
   510057497365.49011     
   810215033840.84558     
  -2648007017670.2358     
   3542596852414.6650     
  -1384229948910.2417     
  -3270604675287.7837     
   8327030984522.5391     
   194747138734.09909     
   3711422654947.6528     
  -75385609132053.094     
   105514612713495.94     
  -44320317517929.516     
   3058800415234.7188     
   4608402885604.4990     
  -3628122890247.0537     
  -360118983163.79376     
   3936724562879.3237     
  -4597464364169.2969     
   2189094080005.1877     
   1306053214453.6570     
   6439299149129.2305     
  -22816525556680.801     
   30452201597800.492     
  -24434303520303.727     
   27673973293679.172     
  -58692874345359.867     
   4406359897296.9443     
   228623318505564.53     
  -231718188226567.91     
   5575397341039.7148     
   31149653882700.578     
   7777940160770.6953     
  -6404246752630.1494     
  -2580541797573.6128     
   11300318878873.209     
  -18059155375091.887     
   18968995387645.371     
  -8997973321334.6641     
  -15180446266508.797     
  -31457485737037.020     
   116774851472910.61     
  -168819462411928.56     
   141615104564254.59     
  -132703456471266.22     
   287324548954842.25     
  -250485628025660.22     
  -576541816639544.00     
   967226584588158.38     
  -397831491669378.38     
   105512442864769.58     
  -81312858890457.578     
   25479681809040.316     
   15942547351873.174     
  -46067094542955.320     
   63346876875138.961     
  -63070432139931.453     
   30010294511734.070     
   60918536745053.086     
   40229477266089.523     
  -163577708837280.56     
   263774248034464.00     
  -251685933883592.81     
   241371992080431.97     
  -476235838120809.50     
   395224667218520.94     
   1013329660966332.6     
  -1795848374758255.8     
   933751746085302.50     
  -338221971211717.75     
   172905870440599.53     
  -42262110852601.281     
  -20047850381045.652     
   64859003675252.641     
  -106026674389390.42     
   126882481147947.48     
  -74084331082034.141     
  -66121816604039.461     
  -22198622686658.508     
   101408005900678.89     
  -183017747076257.44     
   196292385936230.09     
  -186363417579605.38     
   251644277950933.75     
   133498769439988.50     
  -1581721533271701.8     
   2217086600386720.2     
  -1250988168219801.2     
   470609871358120.06     
  -168673690168792.22     
   13516332132879.641     
   45985071895274.312     
  -80625802904619.938     
   155765258392067.06     
  -241951541952873.03     
   171036776659828.06     
  -72892874859913.344     
   11081180867777.096     
  -45450261313783.016     
   73179396998892.641     
  -70185964269696.492     
   46808540020569.383     
   94588520677549.438     
  -722914125057753.25     
   1856743259855379.0     
  -2166572867848029.8     
   1282289213084911.8     
  -466830398182645.00     
   113614348541864.23     
   12273209205031.074     
  -63211111178515.961     
   97498777878830.391     
  -216479768541092.91     
   369402026284744.38     
  -273024524357905.81     
   219972010932967.34     
  -2967470871388.7788     
   4532502532954.2773     
   12813279723474.414     
  -31866965370579.848     
   48326715505839.492     
  -274471552499579.50     
   999195887217121.38     
  -1971828688727323.0     
   2144015847894706.2     
  -1270508517526216.8     
   401604390175707.19     
  -47194461747944.141     
  -49506707412817.453     
   103120682973325.16     
  -121519404228192.41     
   225948235506854.41     
  -397963658807686.88     
   305947654920136.69     
  -266655546942127.16     
  -7918442798562.7012     
   40596561088817.742     
  -95540446347949.141     
   115213876799996.66     
  -97793828838348.719     
   295288650183548.38     
  -915689839573045.75     
   1630165670113774.8     
  -1675000066460203.0     
   928790796708851.50     
  -222047930346910.84     
  -19055099670477.703     
   64296500762844.266     
  -61549739731966.164     
  -17325549686103.787     
   62527371050194.094     
   61692200361755.812     
  -136037194915360.94     
   186152233983418.88     
   10815683529392.908     
  -60149651451986.180     
   137842958641991.81     
  -157929411115514.50     
   112848256573792.33     
  -219506984179429.75     
   569285280612660.38     
  -874218855571021.50     
   796199156660048.12     
  -402081197860940.31     
   99780170942120.156     
  -20266163656730.258     
   43402353400820.312     
  -228172109208138.88     
   459994547152420.94     
  -665025975525216.75     
   558702627217587.38     
  -160624987919316.56     
  -39288546347580.078     
  -4378748816495.5176     
   30922730456821.477     
  -74989657458731.984     
   86139909692234.375     
  -59482386278312.141     
   96948291468944.219     
  -223422660049070.06     
   304158729579455.19     
  -245697699066377.34     
   126836247130651.42     
  -64796717784568.789     
   47777430279600.227     
  -72556272828912.516     
   233334263489481.91     
  -395974873377278.88     
   526657449670399.19     
  -455390898034358.00     
   153202478146957.72     
  -11039747204789.268     
  -27622520349.092712     
   92464991248.865677     
  -120597538144.78630     
   88010641276.818695     
  -57218625783.355225     
   48825456888.022514     
   202734122433.27823     
  -909147844581.04846     
   1193128668084.1318     
  -768552930492.53833     
   360997906241.66083     
  -121482304704.18184     
   50159683014.521561     
  -59163523852.960510     
   29184972751.520287     
  -1444659170.4896219     
   4994651055.1855335     
  -8413887803.3316278     
   56579727847.868568     
   160150358354.78445     
  -538076316568.85223     
   730620224331.64124     
  -655907202421.61426     
   637885855030.30066     
  -841644068165.86206     
  -516534215037.18689     
   5102668318609.3086     
  -7091428773250.1797     
   4646461382536.2852     
  -2570193785290.5400     
   1222174664993.3618     
  -576512571058.41980     
   517992360862.82080     
  -245972791515.16095     
  -33960557097.167980     
   74927640564.643051     
  -16063372666.259724     
  -488586161538.53925     
  -84797890414.069122     
   180010625408.86884     
  -68802075542.255493     
   264254780060.82227     
  -1099425656049.4368     
   2318208747775.8789     
   298062621824.40436     
  -9737336026741.5078     
   12196267817579.844     
  -6070216485395.2109     
   3733124818245.2642     
  -3030260906287.1826     
   2234826044753.3511     
  -1800917666489.2812     
   653488454913.57458     
   276314013127.26031     
  -438326274540.11456     
   188037347133.91461     
   1531399626042.8159     
  -203474283940.36505     
   948921970482.31714     
  -1743679214354.2295     
   829834843456.59082     
   2009762734521.4963     
  -5387736901644.9346     
  -1468256123763.7400     
   26732256246036.469     
  -33313132825399.684     
   13435601489494.422     
  -4959415091551.7217     
   5714434326330.1201     
  -5677137438799.6084     
   4946342316248.5938     
  -1795546560187.7800     
  -826590805008.89246     
   1309178752226.8149     
  -624784899046.22668     
  -3830515692004.8159     
  -1925038461007.7573     
   6532194782696.9473     
  -8926871755435.2598     
   9970141513117.1094     
  -16012228924779.881     
   33520679970679.406     
  -21089604221900.871     
  -91433162439522.719     
   167082321913032.81     
  -101415953226602.64     
   39440377543630.352     
  -25257482263098.926     
   19647229143711.641     
  -15864732298981.186     
   5107716862770.1377     
   3646045820243.9336     
  -5146572980189.7529     
   2442690749483.9185     
   13328823841633.654     
   9223371695815.9258     
  -33733928718543.766     
   49147993227629.969     
  -43342207949715.781     
   42939770047258.938     
  -105286940880095.78     
   169300151524742.88     
   52442960597466.523     
  -364152730591953.81     
   327553993639632.88     
  -163816855536032.22     
   89608723524002.641     
  -59340200809505.031     
   45435988419490.430     
  -13723200900363.498     
  -11315025545571.793     
   15282754719671.154     
  -7244160084940.6475     
  -42013691614060.391     
  -12265270382538.965     
   48913572551628.555     
  -79815372475154.203     
   74390060059822.359     
  -57598323253468.000     
   136335710205433.55     
  -301195274961975.75     
   81475023010586.266     
   467167459044175.12     
  -567361366110096.75     
   314630596053860.69     
  -147841264317746.78     
   81171471330031.828     
  -57631160540976.484     
   15130390942628.916     
   21849743474600.676     
  -31834587171683.035     
   17691047570053.254     
   58019739838230.961     
   7469194975120.5264     
  -32985019292463.055     
   62234740823344.078     
  -67445462500815.391     
   46128538699319.445     
  -55770092109178.914     
   107115541151573.09     
   125895641861660.70     
  -609413246597453.62     
   655287348253236.62     
  -333136510076843.50     
   122730445127101.89     
  -44077750425910.133     
   16267855052891.934     
   12770748394661.881     
  -49864573352952.453     
   72865886033220.250     
  -45355245798366.258     
  -10044253701571.281     
  -3960196395552.1865     
   15995141414971.270     
  -28729917101020.418     
   30627767232283.867     
  -10508115813456.029     
  -65465904306557.922     
   223769184155859.69     
  -504661697825709.12     
   735310035799631.12     
  -576085321250227.62     
   236863084758773.47     
  -61137433077849.555     
   1673679951485.4585     
   28690578557228.391     
  -49162531239168.297     
   90783258552169.656     
  -126289287601350.67     
   78306118736519.797     
  -51779265968128.445     
   1710977161557.1436     
  -4417965412310.7588     
   3159333084065.0742     
   1348116384925.1885     
  -22911109684855.027     
   170321381590035.62     
  -484928310164960.31     
   773304705683389.75     
  -795175331825972.50     
   483843267639791.56     
  -145370240050654.28     
   14307844782081.748     
   32477040193512.297     
  -81245648743428.000     
   96119494210484.219     
  -123321780553546.25     
   156473257567022.00     
  -95445803854975.938     
   88617248780339.797     
   1119967455580.0852     
  -6973941495524.0840     
   15714951288943.025     
  -15397250411668.391     
   25378726707403.699     
  -188231933192965.19     
   542691001062064.19     
  -772006964558869.75     
   671231284472695.12     
  -358600799875069.50     
   95448120572714.688     
  -5660629580403.4424     
  -37583857467276.352     
   82316730125303.641     
  -66859822047241.492     
   43008406449800.148     
  -66111936613674.820     
   55353202378781.148     
  -99668365565052.922     
  -2438672533901.2822     
   12862767232630.807     
  -25207000721077.020     
   19790541754944.766     
  -15627717035141.309     
   137444719131257.19     
  -409007302819631.00     
   528534927359771.12     
  -400147744470454.25     
   245468926733265.47     
  -144052256140944.91     
   72922629063472.891     
  -31791933201011.719     
   53671191916282.102     
  -109329018050492.88     
   162187728559280.38     
  -122841813689873.42     
   22307796117836.754     
   86086238456025.281     
   1214744923159.5425     
  -7015930742137.8936     
   13975851067629.438     
  -10700027895922.986     
   6886004294171.6836     
  -60253535872120.578     
   177937037120087.81     
  -218063909590013.62     
   158251037505408.56     
  -126334027936451.16     
   112031644181303.06     
  -69412516470870.492     
   46845288586079.422     
  -84212533545536.000     
   121670274584722.64     
  -145935914572308.50     
   113598846360577.59     
  -29553508112723.910     
  -40289394178132.344     
   23925360016.032558     
  -83945775614.255493     
   120322964836.35709     
  -102191243890.96475     
   73268526832.634430     
  -31860589680.751595     
  -419492493409.09021     
   1753600514357.0569     
  -2718848932695.8828     
   2036085875322.5728     
  -826760954810.74170     
   198550467838.21323     
  -40037684289.155022     
   32214702907.340942     
  -18737236574.813194     
   10928866244.573870     
  -17385241350.054718     
   14386832091.856796     
  -64762465620.502831     
  -127381412178.20642     
   450602322455.27008     
  -715573572830.33203     
   831866858389.08105     
  -881500657730.12842     
   804653262015.10364     
   2321720737286.3115     
  -13106762354064.723     
   22428243640118.285     
  -17820625243621.793     
   7501021011097.7070     
  -2033148867164.1758     
   647417427527.15369     
  -531321221267.64594     
   283096754795.33948     
  -77517076902.751816     
   52257635718.498756     
  -40705080187.879204     
   713863321145.55847     
   71657059263.744537     
  -111763906675.00700     
   16515001321.149141     
  -439975905790.22748     
   1488361201405.4839     
  -2483929414985.0005     
  -2754135962149.7539     
   24808715684219.668     
  -45568398691440.703     
   37110808575561.844     
  -16123168384409.457     
   5286352887969.5586     
  -2581627345582.9536     
   2171541288172.3140     
  -1061995740668.8458     
   185832662066.37619     
   432366449.33393848     
  -6929928413.5380087     
  -2169483187829.2612     
   160785882719.23267     
  -934778141969.01428     
   1823367373101.5261     
  -513949868726.50006     
  -3165121641447.1230     
   7656480397545.2295     
  -2457489145127.2051     
  -29048897858297.848     
   57137739316783.883     
  -44604076901625.953     
   20437836439947.363     
  -9900518248907.1914     
   7126015351538.8408     
  -6244201132212.1963     
   2951959785369.8921     
  -394395750972.16809     
  -156446198786.02908     
   140686245981.85858     
   3564341814616.3491     
   355583449469.27063     
  -1049834871990.9286     
   2491300792674.5845     
  -9017299638186.3555     
   21275002332416.246     
  -43086665669261.922     
   48853378947277.414     
   20527646898476.453     
  -99220757503106.531     
   88062847582188.188     
  -51002113599726.039     
   35344089752591.617     
  -28119508745109.531     
   24605970359118.855     
  -11778384387468.750     
   1810697927159.3276     
   310713927048.25677     
  -428544644891.62878     
  -3275666396099.1006     
  -2276559570416.0674     
   8524848145203.8037     
  -13873894668053.465     
   15953261176053.225     
  -20900969683356.586     
   72390971757287.688     
  -205815690959267.09     
   235010601811404.44     
  -29241062947498.180     
  -131571089228767.53     
   134742540769816.38     
  -101793398041488.02     
   79545482987987.344     
  -68538145214013.688     
   33082355621110.492     
  -5908889921977.9648     
  -76031842451.722977     
   933557664801.96667     
   1316489292687.4985     
   3360745896217.8774     
  -14455654479495.713     
   25069757655100.242     
  -13556233942844.340     
  -20280878253613.562     
  -13560422436221.695     
   318225185900002.44     
  -616967126038895.62     
   313928128472434.50     
   134223670537716.03     
  -205037101731645.94     
   139769379944875.00     
  -99972607252538.547     
   80987802400827.641     
  -37051329792562.852     
   3730482508712.5269     
   5032385015710.6621     
  -4317319795973.9819     
  -664122793460.84583     
  -2470765052972.4653     
   12629002298236.018     
  -27687620389985.758     
   21776281170204.219     
   24660421373085.820     
  -58940306026475.203     
  -138878533769999.00     
   402802854171695.94     
  -147207367242560.88     
  -214409138464187.28     
   192488784087556.72     
  -94465099131583.391     
   51666797473018.609     
  -30047091446496.875     
   4363135464390.4902     
   18230156948150.449     
  -28698869178691.996     
   17405066263841.846     
  -11353831808377.602     
   1387431204096.3726     
  -6905541244801.7236     
   16376403029096.490     
  -16443105393633.361     
  -17395758089185.914     
   123971593625170.22     
  -203514150091815.81     
   185797579394541.41     
  -262163452689787.75     
   277770097929018.69     
  -127719328375252.92     
   36958635793308.680     
  -6285275925777.6777     
  -14779755981756.168     
   27259902551862.340     
  -45782524234808.812     
   59162776764160.234     
  -33740452545288.625     
   33782373141759.285     
  -636730149502.68994     
   2370726303675.0449     
  -4637778496179.9307     
   1785969568385.5847     
   33790829437147.062     
  -234432920260479.78     
   551612463043629.75     
  -622031394346631.00     
   465060837780903.19     
  -259268281893797.28     
   81397940561312.297     
  -19334461288763.672     
  -9630286331359.1152     
   45377390413322.625     
  -55443616813159.367     
   67538145768190.352     
  -80923865041930.297     
   45961155552655.086     
  -69553923937764.570     
   39569125830.342796     
  -91868074770.227051     
   2195361932268.4055     
  -7140532827663.2051     
  -14931612376500.799     
   230625334431077.41     
  -629288708717957.00     
   713737986293851.50     
  -456635906019925.88     
   224445447426708.06     
  -92012669717152.703     
   42037514095242.023     
   2729240447774.9863     
  -52221141026400.766     
   55754029687619.258     
  -50328850875957.242     
   64538167368241.172     
  -43399074755762.750     
   115283920778133.08     
   217042356124.25064     
  -718716961605.12976     
  -2733597025015.2251     
   16038576479256.479     
  -15592754051618.541     
  -123624061174053.03     
   423629878205299.19     
  -497517266158027.56     
   309221837860657.69     
  -203365970262430.16     
   161914112938838.41     
  -95717608219775.328     
   32723892893628.734     
  -160066455412.01291     
   2528716796162.9585     
  -8274962227508.1133     
  -20792438574640.230     
   33518302269740.277     
  -150211337625662.38     
  -98630073455.642883     
   372956889434.31506     
   1628188208267.6582     
  -9491697473112.3418     
   12228312567870.871     
   41040389010766.211     
  -162905586093220.97     
   195962164977808.31     
  -127103924394250.30     
   112123537973695.78     
  -111814042891601.75     
   67177704750057.305     
  -30076459638107.309     
   22762683080309.426     
  -24176339709807.445     
   21336609288476.281     
   1037310300274.3840     
  -16621416359270.904     
   85146784557246.625     
  -22983635715.570396     
   82297643606.435318     
  -122345802200.89214     
   109330648757.89240     
  -81147120721.400970     
   37896231522.466972     
   415466112964.68951     
  -1803263534028.1831     
   2919926105951.0107     
  -2266675400217.4170     
   919228605475.24829     
  -209224203738.06479     
   33548233240.112469     
  -23134582931.942608     
   15206701874.704983     
  -12281860385.489820     
   19440384978.835106     
  -15512267755.494551     
   59821160416.167381     
   119520152600.63612     
  -436047286374.64551     
   741447197656.09875     
  -931148136227.01294     
   1003514714586.0386     
  -904414221081.06421     
  -2268540399013.1616     
   13701515982197.520     
  -24651375972443.949     
   20340263658699.324     
  -8538753417527.9951     
   2163665270378.2417     
  -616245837246.64978     
   492956862340.83203     
  -275158790696.68433     
   98422612399.925507     
  -75024986308.756195     
   50309961785.582939     
  -676133617117.02380     
  -64699222408.618126     
   101473700430.94518     
  -67112606191.048698     
   620310164399.87732     
  -1750570556973.7971     
   2793328679177.0737     
   2347561015762.1924     
  -25743214810227.883     
   50563410024857.750     
  -43218668840101.812     
   18824002898944.656     
  -5697705456432.9219     
   2528461945701.9468     
  -2132924313292.9724     
   1109947779297.0972     
  -294515313710.13818     
   99818201903.317734     
  -31010645709.723957     
   2034124214348.2551     
  -163174489717.34109     
   943249755502.67993     
  -1771302636880.5149     
   203195240773.40164     
   3843972694519.5601     
  -8815095026192.2734     
   4489308079630.9697     
   27184364513269.848     
  -59926485386363.875     
   50659658860657.984     
  -23908839497360.711     
   10773482348217.133     
  -7207415930272.2031     
   6263021538226.4922     
  -3120189787032.3770     
   732127360725.96741     
  -168497526941.78677     
  -13054355109.527311     
  -2857798114284.8628     
  -56357866538.878952     
   32867918531.685043     
  -1502461827515.5386     
   9808956150858.0996     
  -24347041821641.609     
   47923546607391.289     
  -56381959779795.859     
  -5686298952946.7070     
   84706781053993.500     
  -84980831087918.984     
   53745201926123.023     
  -37444579136243.328     
   29123239259673.203     
  -25393259035216.391     
   12764721163997.016     
  -3256543727538.3643     
   1075702284597.4164     
  -126091599900.28474     
  -1546007113572.4617     
   1002079320950.5940     
  -3810436059762.7549     
   7051615570642.9160     
  -10520941262801.867     
   16718709092867.816     
  -64529282625714.883     
   202592567203568.62     
  -269125578111882.25     
   89766321908324.578     
   95006464150091.531     
  -127130638199807.75     
   102731746520800.27     
  -80847158237157.203     
   69926688619916.750     
  -35765464890477.367     
   10329204604078.492     
  -4150651330081.6729     
   756723620863.21033     
   15677832549949.342     
  -1676499623661.9663     
   7629425109673.4346     
  -12726268295155.236     
  -3687871900773.0503     
   45116226313635.547     
  -29059479271545.082     
  -282284302861283.75     
   660473886958874.12     
  -425449533641227.81     
  -48922307914135.375     
   172518493976426.06     
  -131848709696718.20     
   98302638676293.344     
  -80493627635158.375     
   39812029136082.383     
  -10831517906789.527     
   2809296342983.6025     
   657369788177.16943     
  -23026764896107.695     
   1461877913484.8936     
  -8253651863479.3086     
   18620333556307.539     
  -5944074016683.2236     
  -51076291597484.555     
   105941715369388.27     
   99635819144502.000     
  -449435746818396.69     
   268742728856306.59     
   114935455258138.72     
  -147304841768237.31     
   80093522939444.516     
  -48254534569539.867     
   29637479514468.492     
  -8197633361547.6748     
  -7315757519827.8223     
   14240427590965.125     
  -9303336297354.9180     
   22496453782789.148     
  -880867664918.34070     
   5004730004302.7314     
  -12979355720949.211     
   10391599802024.990     
   29846086266060.305     
  -153996873494027.41     
   234103412649747.41     
  -151201978881103.44     
   167056988009732.00     
  -200971542560031.16     
   93530934203050.641     
  -26780743057698.418     
   5708320495334.7305     
   10632200526445.719     
  -18572054544520.105     
   28230772511371.898     
  -35900796875633.891     
   20386426210883.836     
  -31087631489647.426     
   439635194634.65479     
  -1958167688101.7932     
   4479484854795.1426     
  -527658404801.41064     
  -41327180893066.109     
   268190151365562.50     
  -607693101622461.50     
   623009374973106.50     
  -398811669556464.88     
   206673193059757.22     
  -66258674303313.359     
   20827725035526.348     
   974060227515.49585     
  -28752366087139.496     
   35951260224178.586     
  -43122066994937.148     
   52626405072428.969     
  -30514893654859.492     
   65852307052656.383     
  -239574106922.50778     
   1283768053196.4170     
  -4959530272872.4971     
   9660666393565.2559     
   17163174835320.914     
  -256250541125057.41     
   685388636307666.50     
  -735935886057229.25     
   423999288973284.19     
  -200475579788366.22     
   93936950678699.219     
  -51870486333444.547     
   10862129986845.982     
   32921318476296.664     
  -39578738052615.016     
   39576162373892.047     
  -54342864007515.938     
   37705230902103.023     
  -123398892455082.19     
   168286841457.64224     
  -1348970805270.2324     
   7280495800545.0605     
  -21477643286243.074     
   20024061305831.719     
   125290974725588.80     
  -440222592028455.69     
   509405492533722.12     
  -301778887546181.19     
   195513830259657.59     
  -159519720543798.94     
   95449345207155.578     
  -32342534489645.855     
  -7819998023170.2441     
   14301742398092.459     
  -18066527038865.066     
   47753427602943.977     
  -45732741835352.008     
   177864714039947.03     
  -92500514966.034058     
   756253698284.17078     
  -4186385550996.7910     
   12704613198324.096     
  -15613859609950.090     
  -36640235798374.375     
   160644122422251.47     
  -196098291959648.75     
   124551836663436.84     
  -106027800333965.97     
   103849015290051.25     
  -60575745312977.969     
   22860544042797.508     
  -6801293222311.5205     
   2883925822982.8467     
   3556781245667.5532     
  -24863027406520.285     
   27361373156772.652     
  -104911433213959.16     
   21410834674.278687     
  -74959734155.618576     
   107008660771.37778     
  -90385572241.084000     
   64692161971.878845     
  -29747116397.511002     
  -358619634610.47833     
   1497586972993.1638     
  -2306159889901.5200     
   1722883981238.0337     
  -706185380037.15417     
   172342044514.57388     
  -35225294461.472458     
   28295850842.259148     
  -16239640637.223230     
   9372119813.9386311     
  -15174048192.472589     
   12655029469.960913     
  -58227869383.440399     
  -114316706675.56760     
   403026820075.86353     
  -635039809678.02124     
   731429087093.09814     
  -774603155225.59509     
   728733676709.19324     
   1910056071858.4912     
  -11006348836144.254     
   18746496079899.367     
  -14849839547344.857     
   6299738900336.5527     
  -1741536867150.2893     
   565627951831.78540     
  -464922376385.99329     
   246510820110.70676     
  -66038538556.143791     
   44309439890.238243     
  -35285836877.736404     
   640845859984.52820     
   64783632851.193001     
  -101243729460.16647     
   10103034402.092697     
  -374214391972.85596     
   1303870925664.9734     
  -2251862649681.4028     
  -2037822574581.9402     
   20434040136844.816     
  -37519632865397.555     
   30450346817830.164     
  -13356673955827.598     
   4517511835455.7207     
  -2267621761218.5493     
   1910858683710.3950     
  -930546661556.14221     
   156830896526.51831     
   7410720485.1296835     
  -9136292338.3643150     
  -1950474127241.1799     
   142284401668.44733     
  -829970694837.90125     
   1627638107144.1223     
  -487269618612.85291     
  -2762203475953.1812     
   6850238910408.1963     
  -2757857788118.5698     
  -23794418441724.172     
   47121832528622.094     
  -36471784499374.188     
   16933007503246.406     
  -8581303900983.4521     
   6306400675636.6035     
  -5537975654876.5332     
   2614062745965.1797     
  -333608679893.41968     
  -159212119389.22821     
   134710028680.99309     
   3256614658544.3291     
   346569886695.04382     
  -1035630862789.4955     
   2316216186891.5659     
  -7950987123874.0088     
   18643417773010.406     
  -38034157397901.727     
   43339250834595.953     
   18834238096128.105     
  -88282833355820.125     
   76981961363585.875     
  -44469758500481.031     
   31375502475144.625     
  -25056857982231.066     
   21920979670596.758     
  -10477720479310.697     
   1547902345166.5686     
   358336626611.06964     
  -419786600791.64099     
  -3441488520393.1338     
  -2150106124098.8135     
   8040982547956.2139     
  -13000663407353.646     
   14699829039479.402     
  -18894026687959.477     
   64630414978102.117     
  -180474115470670.34     
   195548258622598.41     
  -7884274258814.6592     
  -124796878858257.64     
   120533554665093.38     
  -91051922169899.062     
   71221556000326.375     
  -61379660907939.773     
   29608944262996.629     
  -5122136234233.7803     
  -276857729779.75989     
   924119578243.86108     
   2991334490035.7241     
   3155522253104.8369     
  -13521600293326.188     
   23499583437546.453     
  -13714295383034.797     
  -15828146555581.725     
  -15014859117745.490     
   280383629029902.81     
  -524413360277467.19     
   243888596303155.50     
   137008016580618.47     
  -185473109562764.09     
   125646766568293.22     
  -89982684316784.266     
   73141078106588.922     
  -33560589562038.215     
   3157067569016.3643     
   4877275837222.1807     
  -4053116596489.6421     
  -3043575170019.8975     
  -2301972861782.8525     
   11672837222058.553     
  -25544024899893.891     
   20960599286174.660     
   19410173612276.902     
  -48272473538801.648     
  -124577332186837.19     
   342378256967033.81     
  -103557124949110.53     
  -207296723600424.62     
   176068412258170.34     
  -85880636218758.094     
   47000084579940.352     
  -27696008773760.008     
   4239413739051.4971     
   16907851103854.152     
  -26678196763918.523     
   16138277274610.090     
  -9271612737263.1875     
   1293482158916.6221     
  -6355356491387.4609     
   14946223963714.920     
  -15286649667052.299     
  -14183681266936.725     
   106982046608268.78     
  -176873112900232.41     
   168417577555286.44     
  -245271506411114.56     
   257930496122714.97     
  -118669891375750.12     
   34630589349723.977     
  -6053647304033.1914     
  -13219215478102.699     
   24957210925185.113     
  -42484014644763.047     
   54914081264814.297     
  -31258428292979.340     
   31350951320235.742     
  -612805225575.91736     
   2221416425554.1904     
  -4229861324036.6616     
   1798623234803.0737     
   29240711030926.387     
  -204910799017726.09     
   483569343004972.62     
  -549927197979591.25     
   418558660903946.19     
  -237472232221528.88     
   75953080883438.219     
  -17957877557869.938     
  -9222816688966.3965     
   42183657519277.688     
  -51598014172381.875     
   62844071802742.914     
  -74989097274580.609     
   42406682830332.547     
  -66381945657197.094     
   52456331379.971001     
  -65982596464.841446     
   1817497285192.0764     
  -6251647730897.2930     
  -12946941217830.596     
   202516988512348.53     
  -553342663461059.44     
   629747498100143.38     
  -406983621883613.75     
   202899091552638.75     
  -83541241635679.859     
   37281516697919.578     
   3686198489851.8882     
  -48723812385605.555     
   51678180168473.477     
  -46239234906670.305     
   58698319266789.750     
  -39237252390119.852     
   115176923105673.97     
   225891254202.10489     
  -812005018840.63977     
  -2079133120025.8342     
   13891703405874.951     
  -13560007041685.598     
  -109919459220618.06     
   375390758895925.00     
  -440670554238447.06     
   275562177776166.56     
  -183703159683837.03     
   146563301967380.38     
  -86150500540690.766     
   29326041229783.773     
  -795437308518.52295     
   3689887498998.8750     
  -9736591901032.1523     
  -16068696988716.020     
   28743973979974.203     
  -158656372960003.47     
  -119755545028.05760     
   462696747621.37140     
   1219212927137.8176     
  -8202033761930.3457     
   10603019675598.357     
   37055709621920.234     
  -145498754993324.78     
   174601878309402.12     
  -114066313820747.91     
   102018894508897.92     
  -101730165862193.00     
   61021292070476.562     
  -27631523693916.352     
   21872817126876.879     
  -23600259098291.773     
   21374749017336.793     
  -1320766967287.6067     
  -13808754699516.789     
   92402767213371.000     
  -26675541643.709808     
   89155796809.956284     
  -115847729042.24590     
   84053083257.085007     
  -54927271441.798058     
   53029920954.932426     
   153755653135.96176     
  -736945304364.95898     
   938746010480.30908     
  -594072293828.53625     
   303560044727.84619     
  -111479736366.07013     
   47623218626.887955     
  -55555007991.394943     
   26909978321.364304     
  -778706007.48899496     
   4253566405.0434566     
  -7732847795.3489971     
   54180595625.862160     
   155280749656.34921     
  -520601698347.07886     
   702115948343.36584     
  -622371122522.48804     
   605938745473.41687     
  -857311706302.35242     
  -130817017223.04677     
   3619222598455.2549     
  -4702207260862.0908     
   2829415203389.3535     
  -1883647023586.2581     
   1070339545631.2014     
  -534471015591.22552     
   476938309810.54492     
  -222434917723.83597     
  -37112932363.030266     
   74622476716.391235     
  -16951534102.687298     
  -465617699787.96783     
  -83109824904.387634     
   178041985943.60663     
  -67858059709.758560     
   242684297533.48648     
  -1044706158239.5447     
   2343205349746.7422     
  -487363925049.26221     
  -6675147826703.5117     
   7050048983442.2510     
  -1952940194259.5085     
   2103982634127.8328     
  -2636613887100.9214     
   2093881686465.4812     
  -1680430950869.1411     
   597249346814.17029     
   274814218005.32828     
  -427035615148.80273     
   184103627095.37027     
   1465256191124.8530     
  -193860014592.49442     
   904522391237.66504     
  -1668784826541.0854     
   814824453195.22083     
   1895471579509.2070     
  -5304512072963.2900     
  -836628398086.50464     
   24418250638467.270     
  -29449095845776.422     
   10161420973987.277     
  -3585433393303.8408     
   5330993073703.0938     
  -5432807003469.6484     
   4724693219659.3340     
  -1711211320956.6460     
  -800611201030.85437     
   1269106789670.4661     
  -608692971231.08728     
  -3739009211059.0444     
  -1908101927578.9656     
   6474078775970.0615     
  -8797104350897.6445     
   9575732509553.0078     
  -15137539071299.049     
   31855582213972.883     
  -17179949799940.854     
  -103387393372455.28     
   185369873307264.75     
  -113300824861586.52     
   42626783649920.367     
  -25604328880813.852     
   19273558741210.477     
  -15458182495135.047     
   5023384063882.2715     
   3483317386233.1812     
  -4964898440772.7207     
   2365010783556.0195     
   13396878445382.316     
   9105058739917.2637     
  -33267670260912.469     
   48387715380847.375     
  -42485483317186.383     
   41728157185003.922     
  -100571229226368.17     
   146724555047537.28     
   124870259074398.91     
  -468160969863805.06     
   392120849337616.06     
  -180475489636878.81     
   91947348691201.016     
  -58976787248314.195     
   45065939365763.000     
  -14056106910920.473     
  -10609914916621.516     
   14635180731424.295     
  -6959576615548.2666     
  -42585058019275.539     
  -12103457698382.697     
   48166594698768.539     
  -78516909597890.469     
   73549340989330.500     
  -57793812586176.320     
   132476010638721.48     
  -265152555669928.06     
  -42742717250780.938     
   641664338171754.25     
  -671312632184882.62     
   339852513235433.69     
  -151610043978415.16     
   81599759294706.562     
  -58501822010848.227     
   16627822632812.453     
   20365868642936.641     
  -30508200038239.090     
   17028139410178.566     
   58910435132779.297     
   7369724257727.6943     
  -32407779580614.945     
   60998152496646.984     
  -66507436611357.383     
   46909117940987.180     
  -56899899317499.000     
   89611837872039.891     
   204029678531853.88     
  -724020759959058.50     
   723675239032537.75     
  -349918273505684.31     
   125824541055984.77     
  -45365255376833.602     
   18360590381352.520     
   10591317577923.303     
  -47914003067217.688     
   70691690187280.266     
  -44012999771902.023     
  -11054499683171.801     
  -3915970202944.8667     
   15727921922697.707     
  -28101563084339.020     
   30074865901006.695     
  -11379408408623.590     
  -59471338157414.859     
   214243453711293.88     
  -509737552327702.06     
   758674956932094.50     
  -594957859545309.88     
   243526115173919.19     
  -63115969858285.531     
   2773780046373.1665     
   27103918278422.000     
  -47614563374272.242     
   88804540237961.891     
  -123362717618828.30     
   76272121292266.266     
  -50780974938619.852     
   1730271672832.2732     
  -4458142476929.7510     
   3205625326735.6841     
   1122496469320.9844     
  -21234368202531.832     
   159613085949024.62     
  -458415737745610.50     
   744935350224245.12     
  -783018683387350.00     
   484736591418007.06     
  -148305040732573.03     
   15427326213294.582     
   31929779944584.309     
  -80236797990468.578     
   95057790132344.234     
  -121447170278180.97     
   153215546013390.66     
  -93020904267586.062     
   89721306297962.641     
   1048801568299.9955     
  -6733112808344.4795     
   15342606586757.881     
  -15101508309259.732     
   24329848938253.355     
  -178358670545734.03     
   515066858064376.50     
  -739673604907089.88     
   653850784030370.75     
  -355379005390632.31     
   96032992447203.297     
  -5363819504577.7959     
  -37739765325561.852     
   81677165129775.781     
  -66320874079854.750     
   42248300851248.648     
  -64061477019927.547     
   53430680224427.594     
  -109541566420443.81     
  -2403061389575.2798     
   12665683548860.879     
  -24837125533753.195     
   19738921473199.043     
  -15823123841664.041     
   132950764656418.08     
  -393480392250764.06     
   510219293677190.12     
  -391553248990584.25     
   243946867756184.69     
  -142734662044997.91     
   71056097956621.406     
  -30644337270882.254     
   52896685078079.430     
  -108128371286845.39     
   160699562736860.56     
  -122715074473112.25     
   23331201786760.562     
   110785122869649.72     
   1223531373630.5527     
  -6965883473149.4482     
   13822979396123.807     
  -10724694526554.436     
   7178542698967.3193     
  -59089117712781.797     
   173022006625798.56     
  -212548925270974.62     
   156637145645503.69     
  -126439580667519.67     
   111000156251847.09     
  -68111461078215.453     
   45981589695242.594     
  -83249120909517.828     
   120381755559357.11     
  -144513330640033.16     
   113047867910663.16     
  -29953181797765.027     
  -57510753467807.141     
   56075180886.729103     
  -179186884202.75262     
   215827580621.32837     
  -140023819257.85916     
   93327922449.119492     
  -239610554019.44278     
   817114049248.31787     
  -2173610709916.8699     
   3237968427229.5420     
  -2182679356784.9949     
   597128177162.14465     
  -156150266794.17029     
   11790308540.070053     
   94195719418.217957     
  -39606165519.066780     
  -32312328757.231934     
   13878661950.376528     
   14255445234.113020     
  -65665960489.703659     
  -326122670089.49652     
   1069808342273.3572     
  -1331127417921.8528     
   1003282411466.8800     
  -980427314064.79773     
   2539988965188.9434     
  -8808304587840.6836     
   26549283885580.910     
  -42584783782743.625     
   30616825588685.965     
  -8537040902922.3037     
   1052856714336.0010     
  -455050273085.63782     
   191702711695.52374     
  -113917759526.11407     
   421254345528.91382     
  -466469745240.22089     
   155547744720.22018     
  -75282495538.698792     
   50957779817.416473     
  -134326303052.94533     
   89571177927.883636     
  -557520576710.06726     
   2046641957453.0034     
  -5718941382614.6445     
   15756898745624.367     
  -53780684003231.812     
   102585529501367.67     
  -84726163189224.641     
   26790874181977.500     
  -1895220356533.2852     
  -735877389882.85559     
  -206758061267.00287     
   1047884542508.7225     
  -1717269827875.2139     
   1799295253532.5120     
  -774040960736.29883     
   520431360409.21893     
   786494510050.04456     
  -2573093296551.4390     
   3452080574132.3540     
  -1360069906474.4490     
  -3218966528451.8223     
   8328528139560.8818     
   1260783283937.1863     
  -4206241631810.9014     
  -59146318107322.641     
   91381126365743.297     
  -38087529559398.977     
   1218382872954.6040     
   5020572718666.6729     
  -3764298546599.2266     
  -273189566629.32001     
   3812362851617.9253     
  -4479764818168.0654     
   2144612459118.6230     
   1300169691517.2930     
   6353599118409.4072     
  -22487978267296.262     
   29964736583310.641     
  -23944611673435.805     
   27087138508101.980     
  -57127328548720.695     
  -7286516499623.6240     
   285863798859596.56     
  -340520129757301.25     
   96843310082357.062     
  -6709859981653.6777     
   18403725103614.461     
  -9612113856525.6855     
  -494395206104.16345     
   10037815811700.041     
  -17275218430888.887     
   18339428411913.355     
  -8738735863005.8184     
  -15280990097960.785     
  -30988397732594.914     
   114897227223261.73     
  -165930347712094.97     
   139080967685240.31     
  -130349719190287.16     
   280112901374856.75     
  -207737241833111.28     
  -768435511258243.38     
   1327038992595650.8     
  -695395590737693.25     
   224447310469234.50     
  -113923236882485.94     
   36550090603816.094     
   7367336658782.1582     
  -40334233623745.500     
   60010273336308.117     
  -60601201246288.367     
   28972585631539.695     
   61370123111526.539     
   39658257268251.844     
  -160898573679504.41     
   259099807951977.78     
  -247308277447815.84     
   237670155918795.66     
  -466185804542513.19     
   337472372209081.19     
   1283335563258942.5     
  -2312150532104743.5     
   1360623427174779.2     
  -505362231097347.94     
   218778031857218.31     
  -59725135641169.445     
  -5155017842947.6113     
   54634689533843.125     
  -100041793742610.69     
   121989682057880.94     
  -71581628474529.375     
  -67757520782964.680     
  -21921675720132.887     
   99733733046199.781     
  -179640262671159.72     
   192839160147620.25     
  -183838102024429.16     
   248509347698510.47     
   158387846327054.69     
  -1744313708454782.2     
   2557592326106196.5     
  -1540236524136925.2     
   583458904343933.12     
  -200147813080854.56     
   27154608777794.629     
   33278916561065.102     
  -71685725609092.078     
   149381066784726.22     
  -234405346881650.84     
   165874990908814.28     
  -68420226741577.398     
   10969069434902.080     
  -44798529600764.172     
   71958989679792.125     
  -69078309373234.711     
   46644860977368.367     
   89645670128845.250     
  -711979841009917.62     
   1886735322423317.8     
  -2272907629413381.0     
   1385180329688654.2     
  -508838286800661.88     
   125680352498214.78     
   6727231117685.2793     
  -58000910875443.406     
   93608477629915.047     
  -211125037027571.56     
   359715275468232.12     
  -265302438905179.69     
   213245122247434.19     
  -3041489396439.5015     
   4833620764160.0059     
   11994347053968.305     
  -30632894595343.578     
   46581290878448.852     
  -265615585926321.06     
   974108528289374.62     
  -1950078987661907.8     
   2156036436195508.0     
  -1296899793743961.0     
   414699951315528.31     
  -51258127616394.414     
  -48038238271592.297     
   102558091643387.61     
  -121373925808859.75     
   222486227492508.50     
  -388524481571724.12     
   297527003677357.62     
  -260907401592186.38     
  -7634557239092.4062     
   39401689598611.047     
  -92914971534895.297     
   112054997763275.25     
  -95307131081620.016     
   288082918809595.25     
  -895576995019815.25     
   1607619029012694.5     
  -1669893541785882.8     
   936233261014051.38     
  -227576131299226.62     
  -17191171213029.387     
   64197427731823.555     
  -63026064936555.852     
  -14506310823963.551     
   60650934591369.883     
   59144202042827.242     
  -131608517515041.98     
   188421768850416.03     
   10590303151737.945     
  -58823001905131.766     
   134529142127057.02     
  -153935508136935.44     
   110576465114421.88     
  -217405521629543.28     
   565250742928297.00     
  -873429398038197.12     
   803476115294354.50     
  -412288616054528.50     
   105905421235023.12     
  -21804758052862.949     
   42376861223437.203     
  -223612024780831.47     
   451987403500568.88     
  -654284346567783.50     
   550176990509824.25     
  -158647581744955.22     
  -54413101735029.727     
  -4338757810228.1631     
   30337754216797.539     
  -73271079803158.406     
   84019125787662.297     
  -58392920962100.461     
   96960395536298.812     
  -224951206261719.78     
   309253463720295.62     
  -254109274636638.16     
   134697926008900.39     
  -68905894370803.055     
   48660945229090.258     
  -71711449460179.578     
   229821938734090.19     
  -389927097248192.50     
   518451858775967.00     
  -448229695492978.31     
   150818444231096.66     
   188942158560.46576     
  -86949543087.766037     
   272430227877.31381     
  -319901590348.38446     
   202782867832.04877     
  -142258803949.74625     
   459890078307.77087     
  -1956800050594.8157     
   5504981133368.3330     
  -7715064627878.4297     
   4907135274929.2109     
  -1474273729801.6340     
   518678191541.89832     
  -138756481042.73163     
  -99085359969.929520     
   35020927833.844551     
   69763082215.556946     
  -22254372865.148876     
  -33288289213.887566     
   99807416435.754471     
   485526316082.22113     
  -1576585120289.3164     
   1916339896742.3943     
  -1419173812653.1719     
   1481124449530.2998     
  -4504232349396.5498     
   19277021530434.105     
  -61732738070237.578     
   95424068546329.891     
  -65705295029069.250     
   18930472055506.266     
  -3703184627496.6890     
   2117869964547.4573     
  -1381695595010.2966     
   664932467791.77869     
  -851038408196.74341     
   857328224394.01270     
  -272384877038.18185     
   488589795052.39258     
   50481881354.600319     
  -157929215453.95667     
   221614711979.20337     
   756057951328.05554     
  -3258023056848.4482     
   9659097765992.5293     
  -34315319380608.461     
   127291490239437.41     
  -230331953035596.72     
   180391146458425.69     
  -56917579387304.930     
   6986146813330.0449     
  -1561318174211.1255     
   3164122070486.1113     
  -3284701862797.7124     
   3276855336391.4819     
  -3192452108251.7949     
   1368289580582.1316     
  -2409847204937.0464     
  -1574268983765.6284     
   4870999203201.3662     
  -6017438252541.8223     
   2201710086086.8755     
   4975709514614.5117     
  -12620234415349.131     
   3358767928827.0996     
  -38563756463107.367     
   188791766778119.19     
  -223227896711187.38     
   88206510572069.906     
  -8438623039457.1240     
  -4881832554794.7939     
   2980983773814.8677     
   2223835871166.6626     
  -6756786233806.4580     
   7647488791900.6963     
  -3717539329755.0581     
   2478297774696.5742     
  -10073544044659.803     
   36323652751023.812     
  -48924901496600.789     
   38306013994321.680     
  -41853223815122.047     
   91354171143988.750     
   5821136977137.9658     
  -380398252974505.19     
   326185713888391.00     
   61232231643301.992     
  -74575416827749.047     
  -7351425094898.7432     
   584465900422.88562     
   16507867755145.584     
  -25246643138440.754     
   30891577381576.227     
  -31825324933626.277     
   15479872523886.496     
   5502180836262.8291     
   50634792653113.727     
  -190359416324983.38     
   277397329006465.03     
  -233004931348233.12     
   219968944984252.09     
  -482544952948520.75     
   365850176817735.31     
   1084548103227437.2     
  -1574097880496318.2     
   491882508232445.81     
  -105330764295655.02     
   120272973141892.17     
  -12821895234268.988     
  -67200315886826.516     
   102122366108964.53     
  -112809051636401.08     
   109751542417310.52     
  -53678645005479.883     
  -36046973233025.742     
  -63942005852049.828     
   266125649874885.56     
  -434031301521099.75     
   416377575306527.12     
  -409808311977727.62     
   816310722411293.25     
  -535051830421870.88     
  -2015023115726722.0     
   2967122544312124.0     
  -1180374639467139.8     
   375772658112972.50     
  -247985870818203.34     
   31704646888647.723     
   84083460329886.391     
  -141037346450972.53     
   189203819566672.69     
  -225742703785693.84     
   136634349833353.14     
   1106656538235.8823     
   33935805055880.656     
  -162499710918419.00     
   297247801068906.12     
  -318079063178514.81     
   312322705762698.00     
  -430796562707898.44     
  -378364167682879.88     
   2982941460072600.5     
  -3638948210904041.0     
   1657814300072199.5     
  -561913823791410.88     
   233925650849402.34     
  -2662889171141.7808     
  -96123554697587.641     
   143550424647628.81     
  -261789913583232.16     
   423538023155358.25     
  -312892167608812.44     
   221061031072410.66     
  -16292254916793.377     
   70222325727504.219     
  -113724201448077.67     
   106997893881069.31     
  -76478543192819.375     
  -148185930433266.09     
   1280180431400252.8     
  -3252916088922004.0     
   3545738797493512.0     
  -1903900014303322.0     
   671862175325922.62     
  -174431734408558.28     
  -11354020909058.139     
   78967377007464.688     
  -127568706353387.47     
   330985141940729.31     
  -623218901986201.25     
   489508454955886.94     
  -433117675883611.50     
   2357706043485.7720     
   627411806480.50085     
  -35472052753482.156     
   67999631107851.445     
  -79100271197782.531     
   404889169836681.38     
  -1583780574919641.0     
   3227735376761242.5     
  -3481535887198793.0     
   2042121962307750.5     
  -682825253509181.00     
   111041092189854.31     
   35198707399059.211     
  -75100942505464.219     
   92979639141617.375     
  -290159238923317.69     
   634786443356015.12     
  -536023601427336.38     
   485411803808639.88     
   16128186830629.830     
  -78188666241466.469     
   182353685363773.78     
  -222174583034027.66     
   169893332859620.94     
  -400662152456046.50     
   1299827314741505.2     
  -2476747776447588.5     
   2630139130294048.5     
  -1482273591261842.0     
   383699494217939.31     
   3573511064136.1270     
  -54704105241810.828     
  -8702944517257.0264     
   146615733836713.34     
  -190873373947825.94     
  -60490483693790.938     
   232856842215374.62     
  -309953985704701.44     
  -19098238410812.211     
   107879317253090.47     
  -254959181224595.50     
   302303407087023.19     
  -202205177406814.25     
   256821517566328.91     
  -639938128268032.88     
   1107072609257805.8     
  -1091373275712512.4     
   491062425122087.94     
  -25596458209545.562     
  -37687119645757.945     
  -51026151566555.117     
   380060171672688.88     
  -771358533734338.88     
   1116309844483241.8     
  -947158738943521.00     
   278872898241780.31     
   26005107445473.391     
   6891312009295.4580     
  -53959478393880.758     
   137534049556960.83     
  -164397704931783.31     
   106637721001107.20     
  -101381119119356.12     
   199088433018722.69     
  -307833438962269.50     
   265789687173995.22     
  -69765358171545.484     
  -27719588791479.961     
  -2079753185958.1929     
   78173206278863.516     
  -342256975731651.31     
   620173378365540.75     
  -857155363253460.75     
   757761440134376.88     
  -263443157209224.62     
   44011691840771.781     
   46677079343.312340     
  -145174572014.69604     
   169016014987.40598     
  -106571737320.85019     
   76401424967.406509     
  -261154939447.98700     
   1156036639292.3833     
  -3273405662370.9307     
   4519307368482.1152     
  -2823853782240.7285     
   861491137749.88586     
  -328044674805.87567     
   99367831576.374207     
   42562606783.171768     
  -12938374294.893688     
  -40452893280.640427     
   10402818108.161657     
   21216594581.183571     
  -57522366259.846863     
  -255168290116.19345     
   824293003468.60181     
  -992310461461.37463     
   733933497397.77563     
  -792467122435.13904     
   2510382395162.3213     
  -11230325709462.178     
   36374637768964.453     
  -55724029628773.109     
   37891571773508.125     
  -10933407538379.105     
   2337555889767.9863     
  -1413526214952.0371     
   953709474453.90906     
  -449872355751.05267     
   488019417914.28931     
  -475464969066.63757     
   146032342757.16452     
  -278462873914.99512     
  -53434328762.645958     
   168876376951.28632     
  -222519452684.46100     
  -351755687899.20898     
   1755790729900.4805     
  -5322242925627.1943     
   20073961762364.902     
  -75698062407232.344     
   135403407410648.39     
  -104624664001436.61     
   32847290914663.125     
  -4379465208918.7217     
   1316944497105.1895     
  -2213915775261.7402     
   2062927383676.5337     
  -1856137051352.3950     
   1766817363607.8782     
  -754956207277.05334     
   1441737368813.3176     
   914114764160.72119     
  -2804780094494.6958     
   3418339799375.7993     
  -1261635363118.9521     
  -2654791427698.3735     
   6809596914870.6270     
  -3206873417886.7500     
   30059835265592.020     
  -120403274303998.59     
   135324622677303.64     
  -52628866796220.320     
   5549668423987.8438     
   2287212253218.1123     
  -1270623442472.4905     
  -1423717348735.7964     
   3741334353914.9409     
  -4199092780638.8145     
   2052606926517.5132     
  -1985485199496.9087     
   5307104175616.6328     
  -19288448939985.434     
   26129430869345.641     
  -20484821328988.832     
   22427151277339.230     
  -50051504231349.219     
   1332353181202.7454     
   181156462417358.19     
  -120755517078075.66     
  -83406975310649.750     
   58659737282728.969     
   348973508396.55609     
   1448663987342.7842     
  -10830301802767.141     
   14804920941704.016     
  -17146533773039.805     
   17593648353015.957     
  -8627101634704.8291     
   533239110844.88214     
  -27059415108995.316     
   102430504652308.23     
  -150079136269438.91     
   126525585468544.58     
  -120103443963137.89     
   267906192226007.03     
  -217158759311602.16     
  -513037788527471.06     
   681148710039573.00     
  -106292055882235.70     
  -1356158548040.2053     
  -54333067190082.961     
   1133870400823.1487     
   44052460516873.773     
  -60909696492124.516     
   63764913262270.336     
  -61583275297931.625     
   30386801598952.648     
   7075452998772.4668     
   33998464345812.473     
  -143361713664420.38     
   235769125343860.72     
  -227193847687308.38     
   225033836655524.44     
  -454116288390229.62     
   311367775403988.25     
   996501159498067.62     
  -1344887159333013.2     
   375007089284475.62     
  -103038793213484.00     
   115507733328069.59     
  -8717947453955.5498     
  -56581651050016.773     
   85004610323759.109     
  -107660419049794.61     
   128050180791279.67     
  -78310121609074.062     
   21368716193597.828     
  -17751486961778.656     
   87281032731315.156     
  -161590875034427.75     
   173500205846425.69     
  -171361291913048.44     
   238823034216281.69     
   209382513950687.00     
  -1578978708521323.0     
   1785018989787200.5     
  -685517704441851.12     
   219226074110419.41     
  -110346006190200.58     
  -3955277754669.4741     
   58501402626503.281     
  -82857931489383.906     
   146716574278460.81     
  -239628858727780.44     
   179133417352744.62     
  -142706198940197.72     
   8350275482458.3389     
  -37092203260845.680     
   60872366318411.086     
  -57472818196680.227     
   41712621841718.219     
   81605077234190.281     
  -712713359282720.25     
   1776313082847030.0     
  -1862182167801094.2     
   947525581145227.38     
  -330715145522753.31     
   89558347061871.062     
   5242366802774.5508     
  -39675803509872.406     
   65101081077871.906     
  -179104960772223.22     
   348385652918153.44     
  -278546415843334.56     
   253740148866287.12     
  -639144026553.73853     
  -2316523865439.9268     
   22437359951035.789     
  -40037821637204.898     
   43455296488458.047     
  -216911628841846.88     
   862950025967619.38     
  -1757749413068692.5     
   1872236764639006.2     
  -1087163215527686.9     
   371044138915221.56     
  -66921024969237.742     
  -10268414238727.229     
   23763928717933.176     
  -31554676720967.684     
   146053572819683.28     
  -348608428470278.81     
   303087436195666.56     
  -278738138108745.34     
  -9479286501734.0176     
   44981985748655.328     
  -104306467177422.05     
   127027223323167.08     
  -93826296588792.141     
   205891375470680.06     
  -680083308037175.00     
   1315987970407106.5     
  -1400980198014839.5     
   790388217697268.50     
  -211898361537323.81     
   5604962912940.2119     
   19543814718988.836     
   23680042647093.793     
  -99299176563195.859     
   116043382823696.67     
   31640712893452.230     
  -132730982243346.05     
   174748815339998.31     
   10607088950668.305     
  -60286958153061.758     
   143996669526514.75     
  -172134188879588.69     
   111815509179414.42     
  -119881959733717.56     
   294570666798845.06     
  -536547507185954.31     
   542088836543544.44     
  -228817775440084.75     
  -10752083041575.328     
   30715753387068.527     
   24818093271058.734     
  -204950192655960.91     
   417219893413744.69     
  -604659969416206.38     
   513824178102769.88     
  -151308289205286.56     
  -9987656571065.3164     
  -3615963874268.2842     
   29781543508725.781     
  -77384066397300.734     
   93472822442360.797     
  -58859820914258.195     
   43251152768328.539     
  -75316888092447.641     
   126420507951870.19     
  -111403186799716.55     
   8267665511374.1240     
   39591640937203.047     
  -11661764030983.711     
  -35301821953511.633     
   176919437341061.47     
  -328329200383192.44     
   460181513770048.00     
  -409826878722081.50     
   143823802818204.00     
  -27825682419994.305     
