  -3540435383.9774342     
   7704874062.0855112     
   73332896.300047264     
  -62829997459.168983     
   166062166099.09042     
  -359270522402.41949     
   467366582410.42822     
  -211995636358.42545     
  -23510015047.676437     
   91750662705.288483     
  -207985795137.56815     
   710777600725.45508     
  -2430635898797.4243     
   85094367375.798828     
   9617682968822.6641     
  -8062804156671.7461     
  -540507122634.85889     
   748425840981.33667     
   547799315572.43036     
   3340488850.1630311     
  -9306619013.7915688     
  -39016202145.208199     
   462164243000.89532     
  -1254201704527.4407     
   2782059116520.5103     
  -3005265914223.0020     
   541927378406.48730     
   793779860313.45740     
  -579039600467.98901     
   1118980716775.9143     
  -3558602845140.7212     
   9346371273987.4395     
  -4057071204283.1343     
  -30436952199200.688     
   35734193594202.961     
  -7763992975830.2480     
   92309432018.289017     
  -3521738760864.8633     
   39020452020.655220     
   31639129842.769234     
   697347934571.12366     
  -9789085800417.4316     
   22761920119310.496     
  -31738870333007.996     
   9724985538578.2285     
   23904879898953.168     
  -24205286384694.570     
   17070181320850.570     
  -19364245511256.613     
   38421317692566.477     
  -89636540576751.781     
   127159715678930.08     
   267454914151440.47     
  -619596166926137.75     
   358791853201196.31     
  -78030539051956.469     
   83100887984734.469     
   2580422110490.0400     
  -6108003638678.6992     
   5551698539588.5117     
   37542143917858.133     
  -93827741842130.250     
   92075425603459.438     
   48816856501017.375     
  -177003962681196.69     
   156021915669996.56     
  -143133795509992.22     
   160925411114786.88     
  -240111874362995.19     
   494861859330518.25     
  -950014051940721.12     
  -663528713240643.75     
   2655780410229034.0     
  -1742838420349192.2     
   390930252871597.44     
  -470125732159572.31     
  -6987833430851.8945     
   15604668073531.756     
  -16178800406066.254     
  -52077991073938.359     
   139432341192246.02     
  -131582823987963.45     
  -85828504603380.312     
   309690143101322.94     
  -318995186815190.38     
   329266337165310.50     
  -389681846306743.94     
   664342833443020.00     
  -1582209093768560.2     
   4070268117992652.0     
  -2274704790358890.0     
  -2772732098268914.0     
   2689358873525668.5     
  -631077833593262.50     
   871098428464968.12     
   4937487345189.3262     
  -10598125440473.494     
   10292592296633.104     
   28021756068386.668     
  -76736119263762.328     
   93051304452775.547     
  -24362202905.247818     
  -166733328073340.59     
   230377217848519.28     
  -257317755765743.09     
   341619821028740.25     
  -780016056536682.88     
   2216257322127609.2     
  -6547554465784396.0     
   6579204940386108.0     
  -553583551319957.69     
  -1472767471610012.0     
   389268581717617.88     
  -583420912128243.62     
  -1083631436254.1200     
   3195740875141.1650     
  -7816661181598.1680     
   14319367670385.025     
  -23063872448558.777     
   3516749837783.5801     
   33423699511057.043     
   12328647139983.674     
  -72804908130898.656     
   96687548461516.938     
  -305769452769304.69     
   1516156649147491.0     
  -5107144275919283.0     
   15572627175196452.     
  -18203955092220412.     
   6319543940615517.0     
   321562955264746.62     
  -188574196209042.41     
   158677723867101.75     
   29529955534220.590     
  -99018488090071.281     
   291232315788938.06     
  -489713170942070.94     
   560525941413244.00     
  -652265498672543.88     
   545885672033581.81     
  -255155987446351.62     
   124823479812917.47     
  -180293061729923.41     
   1489256693050233.8     
  -8545252149397631.0     
   26327399090625452.     
  -69121366789838352.     
   71967644254678560.     
  -19842431737703424.     
  -2888516630069174.5     
   794493654289635.12     
  -202435813939684.38     
  -87493663905699.047     
   292167999548658.12     
  -845922008416090.00     
   1307162385397503.0     
  -1275927983348748.8     
   1465864594677693.2     
  -1481753138089383.2     
   790684605932841.62     
  -282078157762076.94     
   416972891441335.56     
  -3069071919080217.0     
   15911010687284754.     
  -44808048630677544.     
   1.0416707481266802E+017
  -96013553437896336.     
   17210929262826256.     
   7753985985216839.0     
  -1542421644955859.0     
   319318816814198.94     
   79193396557020.750     
  -266140816623648.84     
   766506531383165.00     
  -1107853319424649.9     
   936362121062202.00     
  -1062241966486048.0     
   1269603755553356.5     
  -780764707363064.88     
   284592273619058.94     
  -446781638537161.94     
   2557196321320218.5     
  -11513539109480578.     
   29567544494640996.     
  -61264637166388704.     
   49686916204841272.     
  -3410620455823730.0     
  -6351721018392434.0     
   1110245635023115.4     
  -198778436619067.97     
  -23596150729015.141     
   81981235376256.766     
  -237438046004399.41     
   307628219094548.50     
  -206933515509825.03     
   264968918793290.44     
  -407166480484179.06     
   291409831266481.38     
  -132118954829367.11     
   239431909835416.41     
  -1052190422714811.6     
   3977960923080894.0     
  -9650180414546106.0     
   21124728216925664.     
  -20186469939383568.     
   4735333269709255.0     
   1158475448460407.2     
  -296620500142823.50     
   27619928954024.629     
   2479040354017.2402     
  -13024653625574.773     
   42510101050430.547     
  -41031459174177.906     
   18295113270574.754     
  -56519199489340.320     
   69647214021349.148     
  -44374264812520.555     
   55159838786232.180     
  -121908637025907.73     
   478457794772600.50     
  -1697350551478094.5     
   4392463591999148.0     
  -12890830785614276.     
   16949917170068528.     
  -7753012498001646.0     
   517684411689210.94     
   93806662310665.297     
  -5544112098600.9053     
   772750048316.75525     
   1574668226936.1401     
  -9648364134998.7188     
   4941604976379.7549     
   1303834925809.4487     
   10637922206220.033     
   6130301801039.6572     
  -8376937247234.3945     
  -23540798390474.848     
   54714641276882.141     
  -207859222194030.94     
   726417945382394.75     
  -1917903443754268.8     
   6256765324688348.0     
  -8898623813931891.0     
   4417026048600935.5     
  -366228261427697.56     
  -49091352558174.859     
   2856803337815.4395     
   5770539126.0435610     
  -12830844665.188597     
  -1468687497.9502428     
   126609567563.48723     
  -388439042439.27771     
   909227165936.04248     
  -1002153465053.3224     
   271475580857.95111     
   152426606182.61105     
  -175137769744.69574     
   365948584937.02985     
  -1605697600666.4019     
   5084138315474.5977     
  -302141931149.18463     
  -17827776195303.520     
   14909308885727.408     
   746042295217.78369     
  -1244654737748.9199     
  -818871950214.32947     
   3039591623.1333852     
  -1833306226.2682898     
   98427082478.000305     
  -933834628542.54346     
   2835738392188.2549     
  -6791428979505.2900     
   6061950302595.1211     
   591207365812.15381     
  -2580161471204.5103     
   1216204262664.0413     
  -1786523268216.6936     
   6753158618507.9219     
  -18230659949823.656     
   8024016882495.9561     
   53976129925568.906     
  -62479365127929.289     
   13056746431031.994     
  -80929704988.615524     
   5058410613298.8604     
  -268829207480.15695     
   391984853769.57336     
  -1878072925268.2817     
   17905196338426.969     
  -44180097720066.555     
   70816206842526.719     
  -17514037003325.430     
  -64457819279566.797     
   57349929955762.367     
  -34133875935551.258     
   35071590791031.543     
  -69209235185806.086     
   165194974024993.00     
  -249794072318273.34     
  -402321124944530.38     
   1007804757629737.4     
  -587529588740606.38     
   126848918883694.16     
  -128070736970814.72     
  -4649644267882.3975     
   10946787227954.182     
  -10689731383665.477     
  -60555318666396.711     
   163334215504461.53     
  -179094284417288.41     
  -114678286226101.22     
   386206414927284.31     
  -317041746821401.56     
   272987220884783.28     
  -304777974095137.88     
   449169755848013.19     
  -914363562931750.75     
   1784718418094051.8     
   861885164129410.25     
  -4280962498283834.0     
   2845444646185984.0     
  -632855814122344.50     
   745346660231787.62     
   13733441437913.555     
  -30560833119067.246     
   34681868019888.406     
   73843395370918.828     
  -223709218135248.34     
   211695886706824.66     
   240563870910217.81     
  -663580845159259.50     
   619351864430026.50     
  -620586409797137.88     
   737766608987197.62     
  -1228546528423929.2     
   2843194379467340.0     
  -7234942220455126.0     
   4319993376616850.5     
   4360499081942936.5     
  -4414857716419848.0     
   1031202185893905.0     
  -1398046745786729.8     
  -10027941322977.803     
   21571273519743.047     
  -23653367187171.117     
  -35274025505722.859     
   114716413935383.62     
  -131204487159310.91     
  -82759955545344.047     
   379310436865122.88     
  -442553458726879.19     
   479303758099646.94     
  -633131693883696.75     
   1409789641066953.0     
  -3911007874646235.5     
   11416066673804152.     
  -11549158546126454.     
   1153752577703349.5     
   2451663211571111.5     
  -652567889840218.25     
   944802154155753.75     
   2152731700768.7771     
  -6174833305531.2627     
   14877901542725.406     
  -28197446489795.734     
   45521067958402.867     
  -21421608809347.836     
  -16525080816508.105     
  -59075788764303.453     
   133633714453174.48     
  -147908919064660.66     
   483795975621271.38     
  -2616326023940883.0     
   8859010387060475.0     
  -26788414054688124.     
   31346858802490744.     
  -10986421183087198.     
  -520924575600447.12     
   335496394396181.50     
  -264844951196624.66     
  -55383885809404.820     
   181852064417077.62     
  -523715369767224.69     
   865334353165593.62     
  -960125299504242.50     
   1098862426883490.0     
  -944010140273627.75     
   443383249257434.06     
  -163101535851175.81     
   103888167452334.50     
  -2146047545812754.2     
   14496762420515618.     
  -45119897388977288.     
   1.1677262135993832E+017
  -1.2190986955242194E+017
   34910080223112948.     
   4147028353124772.5     
  -1291457662035673.5     
   331472069653225.94     
   163601815946122.19     
  -535487409123996.56     
   1519976494510737.0     
  -2310752391501332.5     
   2176548294545271.0     
  -2412770491072150.5     
   2426139933466760.0     
  -1266358170039136.0     
   362621256768268.06     
  -319838713170239.75     
   4431230831757933.5     
  -26744400342335140.     
   76229879173552880.     
  -1.7402943838507149E+017
   1.6071874832314774E+017
  -31271330734419256.     
  -11407028407978934.     
   2406104857293151.0     
  -484673801991346.94     
  -147469540243250.81     
   486250143401544.81     
  -1375518541107398.5     
   1960421518699727.8     
  -1594278014849426.8     
   1700823092908773.8     
  -1964633705148991.8     
   1170237108726047.2     
  -385714809288408.06     
   489927762140332.44     
  -3736027092478901.0     
   19061131166193672.     
  -49742072431141088.     
   1.0123093317306306E+017
  -82054257352602864.     
   7050450670762279.0     
   9446500846124420.0     
  -1667408789009881.5     
   266073569598997.38     
   43639838480321.898     
  -148831147376177.56     
   424960959393130.44     
  -545215213235409.88     
   348106046098334.00     
  -366511825535260.06     
   477011226460752.62     
  -327738447179817.25     
   187404330948987.91     
  -338818972049774.19     
   1582610386643078.2     
  -6401237620608271.0     
   15852276256269032.     
  -34682357958559848.     
   33283155947845016.     
  -8189038361482694.0     
  -1593075929859437.8     
   400262884711393.19     
  -8516457965444.6523     
  -4924394038215.0117     
   23735383665914.414     
  -75999778372232.188     
   73057670353406.812     
  -24105320060683.207     
   9674015331547.9180     
   111865200423716.05     
  -86110662460776.547     
  -87859853367964.781     
   205048508987827.72     
  -776958179445732.50     
   2750016646520191.0     
  -7138272685523194.0     
   21174684983132368.     
  -28045303152533296.     
   12993698102813472.     
  -997305787461717.62     
  -103679755308594.19     
  -7486847299057.1338     
  -980449170085.49512     
  -3171146271579.3896     
   17343760132705.379     
  -9033341674815.4160     
  -6632231445762.6475     
   33731588120440.531     
  -144178932974497.06     
   102115337361138.50     
   42912470663435.930     
  -99177997825139.125     
   356543781314756.44     
  -1208975444906762.0     
   3141398045440606.0     
  -10306063102092278.     
   14754898948919006.     
  -7401263343794326.0     
   672342066638323.00     
   58022065394016.805     
   788911090074.59131     
  -2486591812.7706771     
   5466302244.5353889     
   10019277503.749796     
  -153792222709.67224     
   630234570566.33545     
  -1702072110085.7910     
   1611990813433.5979     
  -98356524118.373199     
  -406822569530.29047     
   153883719838.12704     
  -192814701754.19974     
   1412187242156.6169     
  -4040606697130.1562     
   374084976505.69495     
   11293443418316.080     
  -9302541306667.5723     
  -207374523499.34775     
   615590133207.13635     
   183892986296.29938     
  -18539326201.210648     
   37422475639.485764     
  -143327003886.56937     
   1066134414258.4417     
  -4221056206516.3706     
   11603155899746.740     
  -7961532020482.8496     
  -4694352722577.4609     
   5582706999749.4346     
  -1627604437711.8005     
   902086912971.17065     
  -4549475222997.7090     
   12829886518859.268     
  -5646415924712.3066     
  -30975199552156.094     
   34343465850949.766     
  -6315242772116.9961     
  -113348264452.88190     
  -748777408013.89685     
   599137230286.91809     
  -1217265224645.5513     
   2748375394066.2124     
  -14685337654394.184     
   45836602764274.344     
  -104243345474717.42     
   28844772371599.922     
   104466479769735.97     
  -83946449042302.328     
   35968566979453.547     
  -27730958854655.906     
   44708858027983.148     
  -103858304208619.75     
   174137561225486.12     
   138109792852862.39     
  -459657393005623.31     
   273109782205990.41     
  -57507567181849.023     
   42109030233725.961     
   2004110882943.9023     
  -4768612216938.8115     
   4403343228681.9043     
   35030856297913.816     
  -120858416836852.86     
   210293782962471.75     
   87494563457071.859     
  -424438843891352.25     
   319900093523131.00     
  -234436048086596.78     
   262341365542787.69     
  -340607285752765.94     
   593475930258723.00     
  -1131042123295691.5     
  -144723353268490.25     
   1943512992129809.0     
  -1324448182046644.2     
   285203194180361.75     
  -296367507091426.62     
  -8628387387154.1152     
   19132400970393.980     
  -24612856557810.613     
  -22630137302794.395     
   113674441524800.94     
  -136856711908734.25     
  -307963291744944.38     
   689251938208429.25     
  -540081386563393.62     
   509700910920060.38     
  -630920853389810.12     
   896362067346469.62     
  -1704969759213098.8     
   3990067022761230.0     
  -2514769857262959.5     
  -1994870078086334.8     
   2122673622999029.8     
  -483673431885828.25     
   595962960833534.62     
   6938011371239.4424     
  -14983049512071.217     
   19518342171172.043     
   211785694452.28387     
  -34656404521997.836     
   23654441816261.539     
   230658255867403.75     
  -444824752624507.62     
   377111406960363.06     
  -383234466108803.50     
   505763701471076.00     
  -926179824366986.62     
   2185835700057776.2     
  -5950032465614534.0     
   5922517185732518.0     
  -565320935884945.88     
  -1267167754418858.2     
   335512986609068.88     
  -420860554054400.81     
  -1422237608209.7341     
   3942804822329.3843     
  -9634649589289.7109     
   21365147297114.879     
  -36422254153687.500     
   39738611801422.867     
  -81015797224116.094     
   132773433097490.36     
  -109355151235940.03     
   54681774300987.047     
  -179479087102422.72     
   1338191498004929.0     
  -4559283031389713.0     
   13233851953322184.     
  -15240337136994102.     
   5207712021887133.0     
   381095831718925.31     
  -215293076278154.59     
   133484343891807.58     
   35814073108250.625     
  -112204498124511.58     
   307481116867989.25     
  -488722037275543.94     
   501777901191292.12     
  -539075839445153.00     
   536771169799603.50     
  -342299365208012.50     
   103613368687654.08     
   262398491571296.31     
   310969603986987.31     
  -6751497032244730.0     
   21786450617756164.     
  -52215470371068600.     
   52516292358503112.     
  -14607603328546380.     
  -1960578725168208.8     
   709978792700264.88     
  -175410696678572.66     
  -105406850166929.12     
   329573043624498.88     
  -891418828943633.62     
   1301990151027116.8     
  -1111511226217985.1     
   1065916097144394.6     
  -1105506913242141.1     
   731778585656930.62     
  -280182841276728.19     
  -318558186841598.31     
  -740345708560253.12     
   11893433508631488.     
  -35338584811656828.     
   72529912491721888.     
  -62097407033035848.     
   10340601008302794.     
   4901521677447902.0     
  -1172382538643068.2     
   215891679595790.09     
   94186583621473.359     
  -297190755812866.00     
   804280595900619.88     
  -1105354004177569.6     
   801366132460994.38     
  -632665557290714.25     
   613617040706249.00     
  -458033743426319.88     
   295842920327425.75     
   6677702749146.1084     
   754195383591176.12     
  -7901724565523404.0     
   21910267728400148.     
  -39700766099877144.     
   28425488505581088.     
  -453115622111308.56     
  -3844927241687680.0     
   708434947515128.75     
  -75214948019562.828     
  -27409899512629.070     
   89557961564345.156     
  -246715147365907.12     
   306674907279219.88     
  -160154445215392.16     
  -17956680814670.395     
   263319034195842.81     
  -169055862454838.25     
  -113600601223920.61     
   131297288369838.53     
  -415050666410035.94     
   2350719694473423.5     
  -6480700415987883.0     
   14196878988094118.     
  -13594008468919024.     
   3530754571315515.0     
   465185990323201.81     
  -100465869333328.77     
  -36728908005456.234     
   3489579018258.2222     
  -14360037231549.840     
   43853037173507.719     
  -39173014212986.969     
  -9242447161641.1152     
   204072351203727.16     
  -602677741753731.62     
   413583304108353.44     
   56888242447427.211     
  -133282977009160.56     
   338521402071050.81     
  -1105581745810001.9     
   2927499293189861.5     
  -9292440050191538.0     
   12743822028734704.     
  -6138488115750868.0     
   610671343626092.62     
  -14353507261392.330     
   24684574202790.457     
   71709417398.613861     
   2296347960475.6392     
  -10084046083840.564     
   3893627277714.4541     
   16343119544097.781     
  -140198308242537.03     
   385689269244474.56     
  -253717204240265.56     
  -36780927991461.000     
   77849671056037.094     
  -199108343748080.59     
   559823631739835.19     
  -1345110355900828.5     
   4594258043973695.0     
  -6784479458183744.0     
   3511734414263086.0     
  -382039341684423.38     
   1999717791387.2378     
  -7547179610003.0361     
  -93340841.911468521     
   521521590.20232093     
  -16832755356.188593     
   184688673267.23187     
  -884595180498.21521     
   2690136567435.4419     
  -2965310428538.8164     
   624646073617.99121     
   495093303430.15448     
  -148931994256.19110     
   63091604539.106293     
  -721592792958.60181     
   1890151837658.0674     
  -268586334546.21915     
  -3848976288411.0269     
   3006114621126.5342     
   48089097734.845253     
  -154203363856.90872     
   186128671944.68915     
   21011276885.546131     
  -45728155076.518768     
   155541859627.75812     
  -1265518271486.8594     
   5986342456742.6445     
  -18193807416933.676     
   13956644744947.715     
   5842783000532.3594     
  -8285994528189.0420     
   2375007631061.0190     
  -749305968405.55811     
   2014262034828.1008     
  -5315811782935.6963     
   2387347286906.8853     
   8855823398763.1992     
  -8866944881087.7852     
   939832666492.55261     
   204040573579.94144     
  -1504585272237.7224     
  -656389376764.01880     
   1420592559852.4370     
  -2907011711771.3506     
   13701002791527.883     
  -56214268242495.594     
   160555107567408.31     
  -71387074401359.312     
  -132767449489500.81     
   115690339259127.45     
  -43925081493103.812     
   29018297958096.914     
  -26417122008775.430     
   39069326458200.102     
  -67407205370785.938     
   3856378612385.7178     
   79859580308927.812     
  -50524843448294.898     
   9479329540984.0820     
   8501514846243.7090     
   937117774814.02356     
  -1954674901661.9426     
   4027861093167.2109     
  -25914269940539.020     
   115478476715338.12     
  -314497914471250.88     
   44219370987971.492     
   411298098545947.75     
  -334745519416377.50     
   225385147013980.28     
  -266078826547767.59     
   265593104009046.62     
  -260633781850840.34     
   358811757107872.69     
  -44335190563135.898     
  -391598274677769.38     
   260696385677214.38     
  -48174482395264.609     
   14218958443055.752     
   1149190249108.2307     
  -2615871237887.3164     
   4402080187706.7383     
   4277457778771.5059     
  -61374326018298.094     
   167566781066653.53     
   190855128871160.31     
  -593100874203718.50     
   465611745019244.81     
  -456657244769936.19     
   623046199127813.75     
  -650533173148258.75     
   618112047470643.00     
  -814515315123718.12     
   249164060588697.66     
   651855001753480.25     
  -491552320619003.75     
   97489311147083.953     
  -74699615158740.469     
  -1700251492376.0979     
   3706602072386.0776     
  -6668530582994.6240     
   13077914320161.531     
  -10672712532027.262     
   10698692392376.855     
  -227864059498568.59     
   401075024689065.69     
  -310814472494249.31     
   333971939660965.12     
  -462282605021468.19     
   530689678503221.38     
  -595272943291388.38     
   920173984643185.50     
  -561066369432209.62     
  -338407107800532.44     
   387005005035990.38     
  -90158883974189.875     
   70436045733602.547     
   315220121469.93890     
  -916540855824.90930     
   3028410988550.2158     
  -11320304845751.566     
   20317163170583.383     
  -16498648486278.271     
   75868287419995.812     
  -139617187439947.17     
   95110863671984.500     
  -5802150788430.1328     
  -26858297852611.070     
  -223203868120330.06     
   718590766132954.88     
  -1324464713605110.2     
   903898760089004.50     
   200841983736624.09     
  -363622356715754.25     
   103124504271993.56     
  -37054406604184.719     
  -12655178556499.438     
   36838784638059.766     
  -91769054256953.031     
   129770680064750.39     
  -89689544422232.828     
  -9145036703564.8691     
  -57958286106176.906     
   301011690598231.69     
  -290485893457907.81     
  -217020404164510.44     
   777934976124387.25     
   151647082563196.19     
  -1509403744391307.8     
  -1969014754337424.2     
   7349717671884007.0     
  -5913142710188287.0     
   1783693849570471.5     
  -404855246586353.19     
   90126207035995.000     
   37410857105495.836     
  -108685182712210.00     
   267354405702728.31     
  -343185663927872.50     
   170977477896446.19     
   130243509846476.27     
  -20253643883462.027     
  -666823928265378.00     
   906029690645862.75     
  -87589175958051.469     
  -1190624983480675.0     
   390495047751845.19     
   377821856360512.19     
   10491732685452282.     
  -21043375074539152.     
   13090437753153478.     
  -3004304817875424.0     
   654071166743368.50     
  -136615988666872.08     
  -33025805803442.312     
   97008898450451.969     
  -240608459061645.91     
   292602122254281.75     
  -104720720665230.16     
  -263722019245601.06     
   376342662973746.44     
   324223859063317.94     
  -858259488345281.62     
   405368965338942.06     
   685685433992903.38     
  -874259976374587.00     
   1150775576145958.2     
  -9005467275346601.0     
   14928286246892648.     
  -8200557404058363.0     
   1668292855384134.2     
  -372680189772043.88     
   69441021746288.023     
   9321844392424.3730     
  -28416069319558.434     
   72837767045249.719     
  -78603564498008.219     
  -6238884083252.2744     
   307165241974657.75     
  -728293767451798.00     
   355323642083682.44     
   257574100755468.19     
  -214753085378075.94     
  -184294353299479.84     
   553146967395291.62     
  -650694176551183.62     
   1120804289466147.8     
  -1110756047868123.8     
   431129952256863.31     
  -148777893887742.59     
   42216534444709.172     
   5020905185125.0127     
  -1313842261821.1492     
   4548583222811.3613     
  -12579113478899.699     
   4663069339912.8301     
   38735358270007.977     
  -328265618307122.75     
   840221819218921.75     
  -544581394365899.19     
  -72066749439261.438     
   124374925789105.58     
  -54674282391529.828     
  -75836810931577.344     
   115223943010940.27     
   599127896595940.75     
  -1370970497102720.5     
   808778124765409.88     
  -90723882314571.953     
   19454652443298.168     
  -13382128392204.305     
   175086525036.18323     
  -883627926612.31531     
   2836713450739.0923     
   2475141398064.2100     
  -24266662030008.090     
   191082521430554.66     
  -479123252609201.38     
   304249530803299.88     
   39658963081225.961     
  -73027201598773.859     
   82069064122792.344     
  -58582216282596.414     
   10851631388191.572     
  -354987817575591.06     
   773986675531394.50     
  -459758457615131.94     
   51621905928990.984     
  -10174500017633.121     
   5480376220213.0469     
   463873280.70432806     
   101037524.33201508     
   167021153.58681250     
  -95865523506.328384     
   589260254213.14258     
  -2288325832661.9058     
   3619706474463.5820     
  -1809339880508.4587     
  -89757894145.173340     
   115654460193.91661     
  -94327373480.723068     
   367599200648.95087     
  -822774731279.03735     
   384838453860.00049     
   684702870629.99731     
  -483713290596.66760     
  -111390957874.83064     
   42258846522.991852     
  -88399104990.471390     
  -11682769425.270643     
   22062063708.002167     
  -71204268505.633041     
   923295100516.37109     
  -5016357623864.4541     
   17491333968053.164     
  -18743665432710.973     
   844381358512.39648     
   6097791181235.5156     
  -2229317265382.3911     
   1104741278845.2646     
  -1303116778216.5999     
   2334695207432.8423     
  -1962935241144.2859     
  -149301117134.77994     
   297249386763.48157     
   523265677823.18372     
  -193919451327.86121     
   609360777069.87415     
   396614171502.11829     
  -854796139357.93567     
   1902043908390.5955     
  -11667349613034.781     
   54415233433460.445     
  -170192313139799.91     
   110128859300389.02     
   96422823008428.531     
  -106733170543111.56     
   43596388975037.281     
  -31567437813109.164     
   23204105728833.676     
  -17634079934566.953     
   28698015462953.555     
  -30287202062403.770     
   10507460693321.557     
  -944166965204.74365     
   963932074701.90588     
  -4802472288465.4922     
  -1326689048906.8596     
   2828273511494.7583     
  -4306934565228.9302     
   19550922642439.875     
  -107278622225121.08     
   350630431736526.94     
  -190556981684670.09     
  -264015580503978.69     
   281618218403774.31     
  -207349860658679.28     
   262933649127991.75     
  -235437959855008.97     
   134518896518732.56     
  -83546062786335.688     
   49201658618612.758     
  -8676104288667.3525     
   5863332292764.9707     
  -6452834244948.4199     
   7422205051541.8242     
   1335453670334.8416     
  -2788591855715.3223     
   1104511100030.4814     
   5891891460568.4004     
   39857953446757.945     
  -218432235906152.41     
   93870285662938.250     
   263784831701909.38     
  -318753789362518.81     
   394044012770645.12     
  -593188056484147.00     
   546148008548860.56     
  -240233221143095.97     
  -167426216361493.72     
   351279268585435.81     
  -156741841434469.12     
  -8278345790656.6221     
   11445745572687.379     
   904883793608.88196     
  -437115510234.56921     
   890517568972.09363     
   1896180998209.3132     
  -20339454705342.461     
   28047183994992.211     
   25108833315373.160     
  -3650622629442.9263     
  -121669408399621.84     
   181730010895780.84     
  -275975640512026.56     
   423435133624804.25     
  -389832168397161.44     
   102554218094594.91     
   492776432784874.19     
  -745069971418745.38     
   310165673924734.88     
  -7434661861189.0068     
  -3338111716361.6416     
  -6510436045430.8281     
   92477274902.504150     
  -179556888157.33954     
  -767132362971.54395     
   8162590033524.4727     
  -11329086478637.785     
  -35768880205375.789     
   72897214912342.828     
   4844686235143.2510     
  -53594615282988.438     
  -15688750050748.545     
   77165363822103.969     
  -61152566120901.203     
   226670293782930.97     
  -1362128049063188.2     
   2044870832724338.0     
  -1009172823136284.2     
   136201629889677.11     
  -24182144344841.160     
   9189351981900.7656     
   3455693320589.0142     
  -9515181151148.4473     
   19386935561271.840     
  -936542765901.24817     
  -90355455179957.438     
   381916618855715.75     
  -480074425941179.75     
  -91004329300202.875     
   426622180923551.44     
   87459156394762.297     
  -901637408877625.62     
   1265633720131332.5     
  -2447224160710388.0     
   10015192716075904.     
  -14440946358929626.     
   7199288890025520.0     
  -1122602088495967.2     
   211491729810829.31     
  -65341616602434.117     
  -10370478499458.145     
   28715212453283.371     
  -59585601930093.398     
   9125463260399.4570     
   217947446679198.94     
  -848486924078483.00     
   959298685388575.88     
   466650076473121.25     
  -1389419598514546.5     
   580200785850888.62     
   1159233545525373.2     
  -2622205292598442.0     
   5455468600850422.0     
  -18830823178903864.     
   24956923879549228.     
  -11481910354543864.     
   1782838729709891.5     
  -427733098763981.56     
   148050143659596.62     
   9042155104633.0723     
  -25459483626953.941     
   55078613269703.500     
  -16844476611598.445     
  -168202078519360.44     
   729664384426198.25     
  -963390783639491.38     
  -274663905719704.78     
   1293447120454672.2     
  -874443321896302.00     
  -483233808152834.94     
   2042215478373032.0     
  -4222447370167291.0     
   11689790505071096.     
  -13511901568109798.     
   5295226440429509.0     
  -837785203412777.12     
   302773374637359.56     
  -116730980765660.75     
  -2459046722412.0742     
   7248835580738.6123     
  -16846981450105.920     
   4120413351685.9873     
   63524995981542.133     
  -376934646669062.62     
   772695250676997.25     
  -302603987740730.94     
  -361342111897479.50     
   321701658709672.31     
   123344660740661.48     
  -735082935323022.38     
   1252916299831262.8     
  -2017807283670015.2     
   1419345248302777.0     
  -176271256722150.72     
   92002575222409.141     
  -75860953460635.906     
   27964010359642.801     
   334569864678.02728     
  -1145380798185.3267     
   2776627396581.0015     
   5705662114349.8418     
  -43005382461886.375     
   287294438503326.62     
  -693041628311565.62     
   436806330801648.12     
   67013099498792.867     
  -101360086605404.61     
  -10935304387861.588     
   214150481274055.81     
  -397009445546279.56     
   485049025652555.75     
  -334909166032821.44     
   159785355417467.16     
  -93403917147179.844     
   15135077925693.094     
   2431890699718.9775     
  -47069579543.997971     
   239235875039.85214     
  -586281181650.57520     
  -3991043366492.7754     
   22829775780658.391     
  -154078130511039.97     
   369311829880808.69     
  -232349022067163.56     
  -30505069368191.547     
   56177467836158.078     
  -34269167251205.523     
  -44146114094869.750     
   164068971169288.88     
  -280936183237683.03     
   276203276751556.38     
  -162279650431372.69     
   60059720827552.375     
  -4649868697686.9287     
  -3369526209065.8833     
   200437182.27201018     
  -4787948042.4655046     
   36275665177.453270     
  -97373568112.137115     
   151422493647.80276     
   571917460111.20728     
  -2864095549963.3066     
   2713152437362.9785     
  -533088823990.93024     
  -37409034594.413811     
   174552427699.10242     
  -403211479729.27399     
   782170367239.15967     
  -870080574443.08533     
   700449522678.51953     
  -540679318202.41791     
   217397228216.54153     
  -12397244628.090014     
  -96091818556.050400     
   786986914.67934906     
   13190866854.541729     
  -89759074444.602234     
  -26631161830.909340     
   1392269458459.0942     
  -8763080727086.4512     
   17666591883618.535     
  -10432969734340.314     
  -222625392254.84729     
   1009486833579.5605     
  -1110929880775.3188     
   1448373859794.7532     
  -2371343210930.9941     
   3777791404306.8584     
  -4900712989738.2744     
   3911778569673.8472     
  -1507949403653.6318     
   282317647753.45020     
   786220100350.42139     
  -111405716830.11412     
   170793487997.67188     
  -433989823291.26581     
   6265515886757.1270     
  -32822438051822.383     
   115096168107726.23     
  -114913084645929.06     
  -12221246300329.354     
   54108502402084.664     
  -27511427833774.199     
   23590817802398.469     
  -18352895358437.145     
   13533994880814.350     
  -32420603579986.094     
   69798760189209.766     
  -65783312928352.359     
   28028836044607.406     
  -7033968129191.4189     
  -5826508609882.7920     
   523480888579.79742     
  -907630142633.48206     
  -1101176735672.2278     
   1035844863022.3827     
   52747893133374.578     
  -249199513434064.62     
   264366619726728.34     
   15728137755345.910     
  -129977710368628.66     
   125721675114259.31     
  -177224524284551.56     
   157927079220116.19     
  -73223988754985.047     
   50903428576577.273     
  -225658742182413.38     
   328150496272276.44     
  -179231153837473.12     
   44526058032518.312     
   925898690458.26282     
  -736488910794.98718     
   1278943772448.4192     
   6758976615298.8906     
  -44757025918375.898     
   35774974584221.406     
   154844309854875.78     
  -344700918579250.50     
   186817910609215.53     
   55416625739555.141     
  -207064612695158.16     
   374911286654719.00     
  -347397995391157.75     
   82167045029598.969     
   289265138811484.31     
   16146178717385.363     
  -597181810242347.12     
   429306126928004.81     
  -100524491291594.28     
   21635061327582.324     
   371802415968.85492     
  -659134270020.14160     
  -6416405915138.1904     
   49645875774308.258     
  -80876550787687.094     
  -9366741108366.8867     
   243904806983566.66     
  -246570861241243.66     
   27255965605865.641     
   122822375206027.31     
  -250187996138738.59     
   239999626511207.34     
   16395038092543.926     
  -585159947107638.50     
   361667492504624.75     
   443496671586352.62     
  -407725321122337.19     
   88602936740692.547     
  -23061747921798.238     
  -45351272452.369118     
   184491063022.25089     
   1458860908046.0034     
  -16904368656891.525     
   29849556909212.574     
   29061193688986.402     
  -158959191909451.97     
   123542988577242.05     
  -13099567069196.346     
   61542558427676.625     
  -114064252259730.25     
   35641845151360.758     
  -95059276612815.250     
   846777535117812.62     
  -815135454430572.62     
  -225392946644811.31     
   380208570171074.25     
  -73325170326252.000     
   13396935180742.736     
  -1495715917677.7190     
   3653096682954.4380     
  -3389863307974.7202     
  -35055255696231.977     
   175144836030252.69     
  -634916512452753.62     
   913812461795660.25     
  -200840626038181.97     
  -306517248033886.88     
  -324221313401962.88     
   1115491329581495.6     
  -745822291577671.75     
   106799330926213.61     
  -2113065590823784.0     
   2237446416624550.5     
   844018520058657.00     
  -1221991239878178.8     
   190603433868613.94     
  -7931125707086.3711     
   3980736458650.3652     
  -10742696812341.500     
   12531502400485.285     
   96543909020604.031     
  -444043701633049.44     
   1513013458796333.0     
  -2186345557953741.5     
   439060261789697.94     
   989813888342414.00     
   83813250264148.875     
  -1781122884655087.5     
   1466623383977967.0     
   173231794480986.91     
   741098677777771.25     
   263077559320501.59     
  -3010822878828837.0     
   1864961082433469.8     
  -198949103998798.97     
  -38670962504647.227     
  -3148222117198.0415     
   9125714350133.2461     
  -13290457993632.449     
  -68740945193619.961     
   328527412374104.88     
  -1207374504739475.5     
   1987434821562340.5     
  -618177170890832.38     
  -825742764058700.50     
   230594473440824.84     
   1054233751146338.9     
  -1061718367624195.5     
  -490578974219880.00     
   2255811409415143.5     
  -3916139553344157.0     
   3258739343696787.5     
  -967109033199391.88     
   28128035566525.559     
   59654493679133.727     
   732920194368.23254     
  -2418932800680.5503     
   4859145190119.4053     
   14511712643987.189     
  -83461012980023.062     
   402377983270686.88     
  -885292645487624.25     
   517228397455939.19     
   127707425153104.42     
  -29972600593580.695     
  -360976193551773.69     
   371132266289681.12     
   379667993259155.94     
  -1932584539506343.5     
   2394098270324982.0     
  -924919020980967.50     
  -33236158512561.332     
   47397657837801.266     
  -23380677270510.992     
  -81550263942.372559     
   425408716028.78052     
  -1626600756718.1587     
  -3690527016963.6494     
   30723800900569.371     
  -188439701330729.41     
   465359284013050.81     
  -336226038937380.19     
   31045245063984.289     
  -45758760551244.961     
   158546666121558.00     
  -143845344198833.22     
  -136910968294210.73     
   582991986301019.00     
  -338802499273728.00     
  -246959944102358.38     
   205384957099802.62     
  -32387789541996.281     
   776162139348.99316     
   4886561203.9223347     
  -122607495196.78999     
   790016964654.88428     
   1286751420098.7732     
  -14121905369821.455     
   90217570936927.625     
  -215692693263529.84     
   149472910558665.12     
  -8356330130374.8281     
   6822071893514.5635     
  -40288513753100.562     
   45502891545963.570     
   20900723883819.441     
  -93442761381508.531     
  -67784935151514.766     
   216398055820596.47     
  -105893984247724.61     
   13673276829288.311     
   2147227429793.9939     
  -1315473401.0028055     
   11251785614.215612     
  -68499232469.115814     
   205143677956.07025     
  -507732101797.45483     
   499653001701.30469     
   1560042240790.8528     
  -2313517739584.8999     
   681040864544.73145     
   8225202178.8607006     
  -202838241014.51273     
   359965626385.62421     
  -699943776736.32153     
   1213694548101.4385     
  -1694790357001.8015     
   1454394204938.8987     
  -573693822661.88989     
   98489398546.970352     
   116671595427.69850     
   13364824678.523026     
  -69274160148.174469     
   303996127522.34814     
  -672854601134.79419     
   1017512755345.5101     
   1591936529117.3367     
  -11738523295128.352     
   12197150360377.391     
  -2855755418670.7700     
  -152446394303.31360     
   866681388382.52161     
  -1189791860265.8882     
   2166118947432.6387     
  -4936717851121.3311     
   8210035431453.1641     
  -7351977952870.7422     
   3285818442390.2373     
  -859135677850.12012     
  -915562788582.09607     
  -130801545662.94318     
   585633213307.26526     
  -1723466203048.8748     
  -323315819753.62915     
   11855460344561.006     
  -53428856485288.641     
   86235930132885.188     
  -37563124527750.891     
  -10864226475634.795     
   12038816975642.027     
  -13396778175975.652     
   11638299559521.906     
  -10736959246057.846     
   34160512463956.184     
  -88475928765263.656     
   100557135380122.97     
  -55146599044196.070     
   17463233189417.455     
   4037422846287.1470     
   208868809891.08804     
  -1223591016668.1191     
   7631139793054.6133     
  -20506560626863.066     
   1104794895619.4946     
   115571530007904.64     
  -223239210207835.28     
   118991356813740.95     
   15944534443528.389     
  -51025320344595.766     
   84763457457789.328     
  -80088385617499.734     
   39371147138613.609     
  -56350553635502.070     
   332353038618264.94     
  -520727876955258.62     
   315937030993076.81     
  -90561771207024.812     
   13911552917707.787     
  -54102507075.115128     
   892684045427.50366     
  -15017602157211.893     
   76886312394597.969     
  -106336767886658.88     
  -26440729299763.906     
   324529536575267.75     
  -338848605141316.31     
   87341634485124.562     
   56388424998341.125     
  -160315042623351.44     
   176957534587145.25     
  -52021556872224.516     
  -123910517067650.89     
  -473273413373928.00     
   1132023553643196.5     
  -719915434559846.50     
   180513974983347.06     
  -50141759457007.031     
  -19431274136.970814     
  -221119763632.61319     
   10886092189937.529     
  -73592052304614.469     
   131546072633853.97     
  -71304357432558.375     
  -213380902751456.94     
   315260773047646.38     
  -115162764705649.17     
  -12025114866340.439     
   98400012267019.906     
  -149802944533253.47     
   52469283917733.789     
   212047946139897.91     
   349635544502811.88     
  -1075101344807800.6     
   676719475336182.12     
  -149585963111575.38     
   43286575556386.656     
  -244580908272.27206     
   296438968415.41486     
  -3026072719084.5381     
   30625462947467.285     
  -68105920831224.984     
   70651917980860.141     
   2506725039112.1890     
  -41502995451215.234     
   19829590409441.184     
  -70650309306446.766     
   80004012553899.953     
   154031914323645.84     
  -375502216346117.44     
   363029387285773.25     
  -924563304029305.38     
   1356262507223257.5     
  -720599664836627.38     
   136337488485852.53     
  -31224488021192.508     
   2321552775884.6562     
  -4071948101282.5293     
   2487644466913.9194     
   11433955618149.199     
  -108625901886930.62     
   438580702166879.56     
  -502208476961340.31     
  -36047702390753.938     
   191310525080693.31     
   528088739320777.44     
  -980255658918242.50     
  -775223654117957.00     
   3958282984204648.0     
  -7761905896729128.0     
   9897925757103002.0     
  -7136857280229514.0     
   2734018915669421.0     
  -490491609936994.69     
   105144673166555.97     
  -3954712700566.2139     
   8175518452058.9072     
  -3831224824539.0146     
  -80432898956216.812     
   399027765633036.44     
  -1429168378278236.8     
   2124087125380793.2     
  -699925944818793.12     
  -368202347510007.62     
  -932414787007631.25     
   2048210013218429.2     
   1330493033633570.0     
  -9005771541461732.0     
   20842718992418444.     
  -24276726160426552.     
   13207044832412604.     
  -3796327563308133.0     
   679540294686948.75     
  -143416121896852.75     
   1946050768323.6619     
  -5112674807317.4814     
   4332151016755.0049     
   68435675725378.242     
  -324879116926370.69     
   1253317384123011.2     
  -2312436784662261.0     
   1255984054649451.0     
   87449830621883.750     
   692374891166810.25     
  -1648346696434392.2     
  -716559042372737.88     
   7364394136567328.0     
  -19236076388050332.     
   20706793649218960.     
  -8277930678763661.0     
   1333657906538454.5     
  -264620727125029.12     
   57555336043934.633     
  -56889036506.369751     
   944269514048.29382     
  -4279229176512.4102     
  -8856602367428.9824     
   71034276340693.750     
  -363883574518317.69     
   914108381070175.25     
  -728821858741714.12     
   177275247781195.72     
  -342309074222355.62     
   692527746636295.38     
  -14317334248955.885     
  -2468642662462098.5     
   7178880406411084.0     
  -6515874368260527.0     
   938544959070221.00     
   532012188484643.44     
  -60996434568470.617     
   9518055953339.9316     
  -59447281387.920746     
  -422078499768.89893     
   5346711841566.6162     
  -9890643545621.4531     
  -7869859575369.3262     
   102816223850758.59     
  -291696957020697.69     
   271535086973305.38     
  -122086691007629.20     
   179376433619625.25     
  -303975875318154.50     
   107485028039304.92     
   704564761870726.62     
  -2009567270338708.8     
   1219135011654401.5     
   585155072697932.25     
  -500879310303244.44     
   74979973893212.859     
  -12936280849965.279     
   43936279335.854828     
   230218108113.68918     
  -3454557047080.7910     
   7733012568133.3955     
   324876705410.51984     
  -41532479956704.109     
   108215095612844.80     
  -93772880592547.094     
   40649677829948.727     
  -61396744011672.859     
   105002597263523.09     
  -45481404678042.266     
  -215540420245174.66     
   577754187991975.12     
  -229651095770431.50     
  -327184643249719.00     
   210361057889920.59     
  -33881519222750.000     
   5116011489377.9746     
   5008025639.3321075     
  -33817339341.081097     
   151696320583.56036     
  -276086785406.14551     
   388657905163.62244     
  -430028108591.80164     
  -605732525491.09900     
   1140015807711.2600     
  -379448290176.04559     
  -16535310356.050613     
   115840389868.11237     
  -1339614305.4178629     
   27598637438.070858     
  -978932050110.89709     
   2552907219554.6738     
  -2821621629736.1890     
   1584582049697.1719     
  -498992120672.26270     
   84063760174.053238     
  -65465855510.310768     
   293941655912.56390     
  -1068308734639.0715     
   1684033855084.6228     
  -1552619519340.3638     
   373568068144.37592     
   5374066724196.2490     
  -6854146621495.6631     
   2020266393405.9744     
   247070471.10218298     
  -345021969805.44458     
  -136195705491.83089     
  -15464321329.360996     
   3511897029838.8574     
  -9576424862789.9512     
   12192561605953.633     
  -8673684089738.2568     
   3427911922042.1880     
  -997618051061.33472     
   820553503719.44373     
  -3188271827085.8979     
   10132895647922.541     
  -12529895583895.422     
   2672601378457.3696     
   19062288742583.609     
  -46955819472266.461     
   33112019449201.594     
  -1105021896265.5808     
  -5247459102068.2578     
   5107295339883.1855     
  -1301192796743.4226     
  -1560708203577.8088     
  -8589555740876.6006     
   65545628175425.008     
  -137776324868215.78     
   129069110033610.86     
  -57693641698773.430     
   26852890161472.750     
  -1809494008591.5112     
   7128467099648.7939     
  -24978599640241.758     
   39869670857546.547     
  -20431379883177.473     
  -43978947977827.773     
   133552357593372.45     
  -104218672804509.62     
   9074842037832.2949     
   20772945832088.328     
  -29714637532220.793     
   20848449415423.262     
   3238713027409.4009     
  -23081629818344.551     
  -215746186749416.09     
   580076146529607.38     
  -533839127430895.19     
   220865902768472.75     
  -109350899382037.28     
   1407783432570.5347     
  -5706633052150.9805     
   25533736416690.574     
  -71160956671105.547     
   89281256925316.266     
  -27348254345202.266     
  -161466163448070.97     
   210748006819441.81     
  -67505923490717.875     
  -11839717853533.586     
   53152580645539.547     
  -79852238352939.516     
   57492504209448.109     
  -7711216098275.3408     
   516946726586083.00     
  -1153198774571096.8     
   899069693126135.62     
  -315801314384366.50     
   149101940686287.41     
  -637071937529.42578     
   2258366981651.1973     
  -12919392640814.482     
   59440697924464.289     
  -107583819499756.86     
   104670826101244.30     
   41071614846885.820     
  -143688378662693.12     
   70109607684434.914     
  -8869887177368.3086     
  -38764921009806.961     
   122980606969379.53     
  -175012410679851.88     
   248794785955811.06     
  -780842216837780.50     
   1136794985135863.0     
  -683661713781828.38     
   189560422650952.94     
  -77025420052888.938     
   1719915200228.6755     
  -4173456083604.9927     
   11636186352240.086     
  -46266239714526.211     
   94874349405338.984     
  -165941813495452.59     
   221566514916976.09     
  -132602862743443.98     
   16197455650728.588     
   34174752762516.742     
   14237708917603.656     
  -358446418369191.00     
   840527767869536.38     
  -1684500956174937.5     
   2431740080188753.5     
  -1820224484152267.5     
   657177837080156.50     
  -122131376927735.81     
   34292966354944.297     
  -9979288312619.7715     
   23552737383722.539     
  -54036377609866.250     
   136353773053006.47     
  -151725899538382.34     
   102973125706410.27     
  -382306088401479.88     
   527111174966842.31     
  -167440576623439.97     
  -368051522320375.31     
   228527350741658.00     
   2543650026814323.0     
  -7596790085126273.0     
   16779457817267256.     
  -19592280256676192.     
   9966678489675028.0     
  -2366731935205571.5     
   421829657929319.62     
  -135409170882155.75     
   14723858109976.398     
  -36990740418203.758     
   93190606532784.188     
  -199151575002921.56     
   74765118161622.734     
   545840744519789.88     
  -834081808266518.75     
   183680631673167.94     
   57919014199948.344     
   893534966278493.62     
  -837706998725337.75     
  -4891738609797411.0     
   17220901030474512.     
  -41448438279475400.     
   45391557687675608.     
  -18480972991914052.     
   2742655495568926.5     
  -555521059523496.69     
   218879226316096.72     
  -6398215889632.5264     
   19521062843507.527     
  -65633626948889.945     
   129042735850382.19     
   26960863350099.746     
  -767035768839505.38     
   1635170582566674.2     
  -1091933843565963.5     
   268405191765115.81     
  -844605676246794.38     
   1031574529451682.4     
   3184623799868372.5     
  -14066412972070614.     
   36973357339883704.     
  -38308841703982320.     
   11913235502256102.     
  -140171635744654.00     
   139696605166292.41     
  -101273395484035.08     
   189675039366.16870     
  -3782072533352.1704     
   30963152387679.961     
  -70600582262889.688     
   13594434320024.092     
   269851895949954.53     
  -736496710528753.38     
   656114829751393.50     
  -271253445565124.66     
   413016719604243.88     
  -629547292909664.50     
  -506024874829067.31     
   4491135968682018.5     
  -13313055366424002.     
   12428232525817494.     
  -1706864545873668.8     
  -1226076046075039.0     
   171105522609128.88     
  -35211707410987.070     
   133438853819.91698     
   2103755150061.2126     
  -27923312283712.109     
   74884213983535.812     
  -52940151129671.781     
  -50532888332283.461     
   171181752716445.62     
  -179491629624589.56     
   122856994223932.31     
  -188985250161732.38     
   323654293512383.88     
  -114489545186738.72     
  -1003999151251032.4     
   3249162996604911.5     
  -2264544089036582.0     
  -789325293958493.38     
   879359085053642.25     
  -167583886002505.25     
   54628695167356.734     
  -161311431525.54953     
  -1048600351807.8475     
   16895343975079.729     
  -46839053733178.578     
   36217878651348.023     
   12766599886360.900     
  -48448795075053.781     
   48968135667391.945     
  -40707636530861.172     
   69580759063932.672     
  -127531695544594.28     
   87530692414394.016     
   234241245536264.44     
  -782223982859255.62     
   317923132258442.75     
   525165382085866.25     
  -371815252242732.56     
   77268344513565.516     
  -25705292775975.383     
   29665688058.895130     
  -34556769008.509995     
  -61586225962.905624     
   106985314601.58118     
  -105002471399.26501     
   248482543450.88599     
  -40822530793.471687     
  -285086403248.18860     
   164556885793.34995     
  -20506294371.192715     
   79616065705.992844     
  -401743849759.95392     
   622477296778.90466     
   224048534212.12112     
  -2792193414486.9780     
   4817421758998.2842     
  -3852895635052.0645     
   1548214021201.0549     
  -627769233914.66260     
  -47264651635.918236     
  -110200019505.40729     
   1023334748798.4663     
  -1574261767929.0032     
   1070700160132.9297     
  -997984062530.77698     
  -419536356691.00903     
   1844661200666.9243     
  -914983599525.84485     
   208234808040.47632     
  -724795440609.48926     
   2309526906457.2012     
  -3057720491044.0439     
   614398908632.76599     
   8576286216943.1797     
  -22665097506135.957     
   24265854308792.668     
  -11456421916069.943     
   6163072700587.7227     
  -754094529616.36243     
   3763557743066.3457     
  -14172770120680.969     
   18137662393888.742     
  -5439317284668.4082     
  -5618435034563.1113     
   10324903782403.469     
  -6121237351941.6836     
  -2106762312635.8115     
   1657064645180.5447     
   8346846095780.3447     
  -24714146812062.348     
   39751891789997.266     
  -74060004715349.578     
   8383191014461.9707     
   261772539800784.91     
  -376115758859392.19     
   193734921980134.22     
  -119336967419426.52     
   2077500504229.7283     
  -9465240819421.7812     
   31396362857630.043     
  -19522964312264.398     
  -45083973958441.891     
   119360520552977.53     
  -155344339774178.84     
   79539549158394.297     
   5139651925974.8271     
  -9364054536618.4551     
  -24153809463918.059     
   81078922957788.594     
  -152044743497047.25     
   423855700271977.25     
  -348512672282584.00     
  -707212617578722.12     
   1267745954995967.8     
  -665534644142285.12     
   414389302905573.25     
  -2456921860827.1079     
   10488022296257.250     
  -28828555204858.297     
  -8225470020688.1445     
   108254108187375.67     
  -238441339857288.41     
   337261625313710.38     
  -206690091093329.91     
   26908074418513.402     
   41206474963.555885     
   26841266407107.895     
  -68654019746534.609     
   133106767205001.38     
  -545335026218904.25     
   575172982652295.62     
   755376506643557.25     
  -1518760993820938.0     
   791050139823016.62     
  -486785297173909.50     
   2704665420985.5225     
  -9682635284940.1621     
   24186125770112.301     
  -9565674392439.1992     
  -38482286833943.930     
   102051761610361.75     
  -170030625974299.84     
   127312095187436.83     
  -35771634621030.094     
   13705281481370.641     
  -4363759156221.1958     
  -44802024842546.969     
   117235353785501.50     
  -119778704341999.91     
   187552417933710.06     
  -586526832223137.12     
   729188327464922.00     
  -345998956157955.06     
   202886279739362.31     
  -9437533559493.5703     
   29723750009382.000     
  -83215592557986.047     
   143952666840384.56     
  -147486285370194.47     
   163309166706807.41     
  -211596987217393.56     
   131601155970950.61     
  -12982916777758.895     
  -17443383127659.615     
  -52979053841171.562     
   392307299923990.69     
  -996147503682271.50     
   2466565989599548.0     
  -3136394505769151.5     
   1609284547971446.5     
  -320141141461352.56     
   59474023054002.914     
  -27908123306366.598     
   61780731465754.531     
  -196130949419285.81     
   568680595390754.50     
  -997162305931400.00     
   867548739215361.75     
  -224577077443265.12     
  -515297113654357.12     
   535944588588281.81     
  -158104848794512.81     
   185800767476028.53     
   351075400963143.12     
  -3224771889616534.0     
   8935441071850367.0     
  -22240373720827084.     
   25067762333582180.     
  -9158473489864144.0     
  -40466425067168.531     
   185818004270493.75     
  -12217490829776.916     
  -107909432535565.00     
   354380611571103.38     
  -1074367558492203.0     
   1894646859853503.2     
  -1460547292637733.8     
  -676441017160572.12     
   3594299474273550.0     
  -3123084247262111.0     
   807751791372762.38     
  -566528383668111.62     
  -476665656633408.38     
   6927374696889845.0     
  -21742798412118316.     
   57616699902959336.     
  -63024739528886768.     
   20092478603843048.     
   1546484720825527.8     
  -606550272570367.88     
   79088621757937.266     
   64330988509640.836     
  -224890998239500.25     
   748453549005431.50     
  -1370517697181067.2     
   943075478013363.62     
   1158489891258383.2     
  -4114796385979707.5     
   3489821112059696.0     
  -931755444726927.25     
   615205914554306.12     
   22451718164059.031     
  -5237102668414569.0     
   19305328484210808.     
  -55068667413742208.     
   59613490770680272.     
  -17340543045316970.     
  -2271836633245091.5     
   639431581945938.38     
  -129595978063483.30     
  -11739398059185.926     
   51735092558167.125     
  -252533671065793.16     
   557942500595158.62     
  -387955550837591.31     
  -444707553402241.44     
   1418667370545989.8     
  -1182069448441935.2     
   366510140002843.06     
  -310775181814044.62     
   295183990262840.75     
   1239400582395567.2     
  -6674873776505451.0     
   21212547696362576.     
  -22546246262456288.     
   5456962929410726.0     
   1573632630244966.2     
  -405056825591872.38     
   144066377557284.34     
   1101043102680.2952     
  -16033312222801.588     
   163712088197592.28     
  -445898679432727.50     
   364612867998727.94     
   40634884812469.195     
  -271457455265648.31     
   207664015192180.38     
  -91647474199871.719     
   140448545393820.02     
  -264233089717755.53     
   109348543160860.41     
   1092536298645890.0     
  -4101352172035296.0     
   3546082795652410.0     
   361102479404329.12     
  -1083123270365039.1     
   281956754485904.75     
  -117758074952632.70     
   627898920534.67432     
   6674040316108.0557     
  -95164825090564.359     
   269153769310949.09     
  -226254836279149.91     
   9471177501890.4883     
   86418759201396.609     
  -61727795613599.359     
   28993348249223.496     
  -57057072328581.523     
   129780595268463.00     
  -171739988625462.47     
  -29764384139936.586     
   367849765868638.25     
   171071523103079.47     
  -825764626821991.50     
   507322453026128.94     
  -124618285911340.92     
   48739578446679.586     
  -98793099325.557251     
   213327464181.68173     
  -330835276486.85510     
   440970420636.47662     
  -266433670102.10333     
  -311004150953.51825     
   690482972798.16467     
  -261415189704.14188     
  -101577495974.54051     
   69915799669.213913     
  -231891134227.47495     
   505844044301.91565     
  -652189833105.84180     
   514703464087.49921     
   1912317894799.8093     
  -5595818642021.7451     
   5494112356325.5400     
  -2410193388913.1055     
   1165921039668.2229     
   376332722801.69061     
  -799466000037.22864     
   1103182502370.7241     
  -1270467621790.7100     
   528715329218.05670     
   2260245118591.7925     
  -4162835805553.7642     
   1488797697191.4248     
   654441478427.25879     
  -521022559038.18121     
   1627205373343.7305     
  -3666613898560.7070     
   4519017519387.0498     
  -4624990275442.9648     
  -4538558130525.2891     
   29445215845489.805     
  -37689484007084.219     
   18738020514122.965     
  -10910097753119.197     
  -1107132370197.6147     
   1967953755074.1799     
  -746125410222.77710     
   2468698411369.9771     
  -7071466270123.5947     
  -3336980975739.7773     
   24542777126310.680     
  -19002338301487.461     
   3729442058910.4248     
   2484326682884.6572     
  -21584147000725.770     
   50068795603854.812     
  -77143593420321.188     
   160175457136383.81     
  -98466416452568.672     
  -360288470539882.19     
   603045270688594.50     
  -321486734996586.75     
   204215454701820.09     
   1397985836162.7737     
  -1512065880110.2251     
   2365247674451.0557     
  -57746900669747.617     
   155726508226406.62     
  -249622158815027.44     
   241355293822214.84     
  -86380791487375.125     
  -13624983604029.988     
  -4413888277388.7139     
   75972109911163.500     
  -182041587404380.62     
   309931824785491.94     
  -879398470874793.50     
   1026857236042368.1     
   725362235046842.50     
  -1939415093215413.2     
   1085084719797095.2     
  -697776453319616.25     
   1036060033537.0165     
  -6610836754112.6816     
   7003916979661.5068     
   124004861567132.61     
  -355404653296058.38     
   633649946115590.12     
  -720518996856503.12     
   333238410532132.38     
  -14327057009817.164     
   19942976802694.121     
  -104008084749046.22     
   225653317951545.66     
  -388266563477257.31     
   1368269650401686.8     
  -2058131076272767.2     
  -153675563471049.19     
   2094526996438192.0     
  -1248403996236255.0     
   806135603515206.62     
  -4660204528466.6943     
   17113177569519.672     
  -37204522675764.477     
  -38142056856189.664     
   203901841044624.25     
  -410790624636288.94     
   497479359999366.94     
  -252580806340115.59     
   34283753831626.578     
  -28526652020815.898     
   53187382423704.008     
  -64357634421323.891     
   61710022981791.883     
  -448119446469410.94     
   973752743722087.38     
  -179171655799920.81     
  -787989058417687.25     
   507983090306312.75     
  -326236834204671.50     
   18785470615317.125     
  -62584885936025.242     
   180163340896390.19     
  -274169601506728.53     
   203770754885398.16     
  -86705191408535.375     
   19408163290823.355     
   10435889949847.383     
  -20546636856581.660     
   24734492840477.777     
   28310585784392.254     
  -267297281844467.81     
   782304527203836.88     
  -2153941366569603.5     
   2419669181232752.5     
  -782335492086582.00     
  -41835691692017.398     
  -4273806639256.7456     
   20622948468392.652     
  -129019015268574.92     
   432017207433525.88     
  -1287042689291960.2     
   2101792823163085.8     
  -1608493527523931.5     
  -171934820684588.25     
   2733465190534801.5     
  -2625387540797396.0     
   681665171452048.62     
  -183346610128182.12     
  -366845989447155.81     
   2487364647292729.5     
  -7218114813128753.0     
   19891753430821036.     
  -21101625064687592.     
   4258849157236291.0     
   2909247712711643.0     
  -870431387419476.50     
   214007279857260.44     
   234460950933300.16     
  -801242901545217.50     
   2457887420913492.5     
  -4074228821720131.0     
   2910287065128918.5     
   1861618288463588.5     
  -9165798674330388.0     
   8277674413571466.0     
  -2072575745531096.2     
   539690536299454.25     
   750127640263769.00     
  -6097445568430476.0     
   19568536907753392.     
  -56542497559587488.     
   60999809078469808.     
  -14179454984047384.     
  -6454378742190646.0     
   1941855650240768.5     
  -501294389593116.19     
  -147016641967377.81     
   521224584523968.94     
  -1708718725196992.0     
   2964915213838778.0     
  -1998419156186042.5     
  -2257734008033551.0     
   8619672592576324.0     
  -7513817107222441.0     
   1871023015519913.8     
  -541759886756121.44     
  -474097885718885.19     
   5381266632019176.0     
  -19361241386599920.     
   59023944866297408.     
  -65645704455357856.     
   18006036361421766.     
   4613163038081051.0     
  -1484248613335092.0     
   429974965457560.12     
   29474355140762.496     
  -121318278392516.73     
   549477424943884.75     
  -1175927740473310.8     
   842990818863617.62     
   743365249443697.25     
  -2561326188027631.5     
   2094967708393546.0     
  -524271837582909.25     
   225212185259971.97     
  -13380723677543.812     
  -1662633274764432.8     
   7428598602756435.0     
  -24414622810234140.     
   27947394331877196.     
  -8445696268694349.0     
  -1428597938033457.0     
   553927673580127.31     
  -224020309910436.47     
  -3090714153996.1426     
   34673135597179.492     
  -335817545267804.62     
   913748602889410.62     
  -759633127184684.12     
  -33263442760293.895     
   461116794391379.69     
  -315001708454081.94     
   72837400711295.000     
  -91609285494692.125     
   166717563319034.00     
  -46634336709417.305     
  -957181644979071.12     
   3777895263289264.5     
  -3766283848475725.5     
   242215246496205.19     
   889483551960306.75     
  -289043807841605.75     
   128988699024776.73     
  -1192546469837.5029     
  -14033254395365.637     
   194127004593475.06     
  -550301704701519.75     
   467226705927835.25     
  -33447229302235.613     
  -163274426960179.78     
   108456388351950.70     
  -21654511264927.203     
   42181362524011.062     
  -106771266117564.03     
   206960016173766.53     
  -205843908821665.75     
   367985669317521.94     
  -922844398342971.25     
   989412748869245.62     
  -460400465866172.69     
   116694225977896.17     
  -43802453950443.914     
   65115989994.855919     
  -152372792650.21326     
   280991271233.25330     
  -378468945873.46643     
   226595702016.23462     
   171256284832.19333     
  -471446653248.87421     
   230403242517.70151     
   41092676415.612282     
  -40899067338.183594     
   130795869987.22511     
  -222851695032.86545     
   239684318948.52634     
  -376859392558.37726     
  -597224187716.32959     
   2619739249322.1558     
  -2804780678604.4502     
   1267651302067.3870     
  -653286341722.35583     
  -274910955760.29053     
   669170711985.82935     
  -1272876742454.4463     
   1608065929653.9768     
  -787266823646.91150     
  -1355779890205.6338     
   2971927503041.8887     
  -1369368381079.2842     
  -289445618084.87463     
   300194752219.95294     
  -902901498909.98975     
   1878030732142.4065     
  -2204592839728.1587     
   2913148772829.1128     
   954597541608.47485     
  -14555995772357.566     
   19877288658837.719     
  -10040710834066.742     
   5981058273345.8154     
   1173284387317.3269     
  -3071706203354.3018     
   6380893565004.4404     
  -9486008569892.3320     
   8191594324653.5674     
   3023747196295.3613     
  -19029471974148.637     
   14226805582398.381     
  -1917939613688.5654     
  -1996883343418.5667     
   12507775751421.371     
  -28044509973966.547     
   43016340351016.250     
  -92075538948681.703     
   66530379573310.633     
   182402248385526.59     
  -321673075849005.75     
   173236252746448.41     
  -110782312366449.58     
  -1943431480335.8049     
   5035654101379.0498     
  -14299573866398.166     
   51231357265335.125     
  -100941825677274.36     
   148488474510773.44     
  -136000330540405.02     
   44294448208263.445     
   7695479115509.4170     
   4851737990262.5879     
  -44981009821369.703     
   103660751765530.61     
  -175121334672039.38     
   505228411519112.19     
  -628454778995286.38     
  -322664548735217.25     
   1023488023625259.5     
  -582889497865239.25     
   377403417319081.00     
   201416355485.09366     
   887095711578.82825     
   5153335649611.5723     
  -86076395869129.438     
   220599645460844.78     
  -388706804926757.75     
   433436091310623.88     
  -191319276619287.75     
   5023036487426.8281     
  -13225406921135.600     
   62382356951847.266     
  -134449589566296.17     
   233562902249416.31     
  -824035413595199.62     
   1293126232487391.8     
  -73038184383786.969     
  -1080569276162772.6     
   667540771018885.62     
  -435121533794013.12     
   2530240362517.2354     
  -9396366524021.8574     
   20082303278736.512     
   26528953570848.383     
  -129232453071394.81     
   263468690894640.59     
  -315445478259590.50     
   153125650749006.69     
  -16558306663932.365     
   16137284252471.609     
  -33662623687843.492     
   51497658701730.992     
  -71064968126726.000     
   360589489058697.44     
  -738546021390855.88     
   254860708295987.91     
   381550352090515.19     
  -269128729455825.22     
   175646539992457.94     
  -10832363359164.414     
   36685803329651.688     
  -106704270532334.55     
   158433339795047.09     
  -107929380744106.44     
   20055403597005.820     
   42450058095336.500     
  -42745196015623.242     
   17610754200192.777     
  -14323434249620.463     
  -4379356883194.9097     
   90164820635298.875     
  -294196735572981.94     
   831183322660184.62     
  -826884621764496.38     
   129437516436122.17     
   91228341205273.500     
  -6726302846756.1621     
  -8595835565333.2773     
   75631266798060.203     
  -256974678501362.38     
   770695774508239.00     
  -1233142973694502.5     
   904133434146826.00     
   209406245312088.06     
  -1847957958000395.2     
   1743256490183849.5     
  -442379584411525.25     
   105288952867302.73     
   121612708371985.00     
  -902882299226418.50     
   2778203202339546.5     
  -8039324901064261.0     
   8005432866523181.0     
  -515241090982419.06     
  -1975437024246423.0     
   543382871560580.94     
  -142084013646610.34     
  -139044644708009.42     
   480144557658278.19     
  -1475850109311142.2     
   2398393713390152.5     
  -1657770071883901.0     
  -1215224789282372.5     
   5689559346122556.0     
  -5133207422603559.0     
   1268306968125395.8     
  -289269068894714.69     
  -293409902347169.94     
   2437023585545588.0     
  -8132329218135560.0     
   24462443436177932.     
  -25865876594259464.     
   4471156238509430.0     
   4074336390555229.5     
  -1178719118093253.2     
   323587035271100.69     
   88360985500574.844     
  -314343982092691.75     
   1025150797436252.4     
  -1746191141824679.0     
   1154379334893772.2     
   1348175502339614.8     
  -5146273175589552.0     
   4496987376200232.5     
  -1099268768396510.9     
   267427069783093.38     
   236483521263134.41     
  -2364816377931652.5     
   8585507398873074.0     
  -26897906845458596.     
   30069296818256820.     
  -7832553855562456.0     
  -2651330204574071.0     
   860749807416378.12     
  -261212708587464.12     
  -18097676552135.215     
   73301847797064.703     
  -325295453860710.00     
   688344642739390.12     
  -494543753693374.38     
  -417645167710836.50     
   1472651278021341.0     
  -1204686989238063.8     
   286103513330629.62     
  -94020254651996.938     
  -38284301151844.109     
   827170245891470.75     
  -3480077162708521.5     
   11527672609648158.     
  -13519206672347626.     
   4349183058626602.5     
   609105073993663.25     
  -276047440772337.16     
   113695954684179.36     
   1931716968710.9790     
  -20500926969014.059     
   195749664466266.22     
  -532374607492026.88     
   444432192743789.00     
   12494926472874.715     
  -260455752450158.81     
   176159679371386.88     
  -32132150241457.539     
   33648469788827.973     
  -55089421227279.617     
   2602919826741.8325     
   401499798199510.44     
  -1576328785280308.2     
   1664206388582154.8     
  -224003228211186.31     
  -337187493624736.81     
   121761316793381.77     
  -54402297205961.461     
   685817660575.82739     
   8244310816349.0723     
  -113055203313754.56     
   320679547111839.81     
  -272969532708327.53     
   21362109666306.848     
   94925766483937.625     
  -63302388321152.844     
   9327077613996.7090     
  -16662942302735.494     
   42418790296989.289     
  -97253168902725.594     
   142519111003244.06     
  -346132985347514.88     
   607990680682319.00     
  -482846583635732.62     
   184674356310028.22     
  -45264075646514.586     
   15292546515968.105     
