Id,Group
1,59
2,59
3,59
4,59
5,59
6,59
7,59
8,59
9,59
10,59
11,59
12,59
13,59
14,21
15,21
16,21
17,21
18,21
19,21
20,21
21,21
22,21
23,21
24,21
25,21
26,21
27,21
28,21
29,21
30,21
31,21
32,60
33,21
34,35
35,35
36,35
37,35
38,35
39,60
40,35
41,35
42,35
43,35
44,35
45,60
46,35
47,35
48,35
49,60
50,18
51,35
52,18
53,60
54,18
55,18
56,60
57,18
58,18
59,60
60,18
61,18
62,60
63,18
64,60
65,18
66,18
67,60
68,18
69,18
70,60
71,18
72,60
73,18
74,18
75,60
76,18
77,60
78,52
79,18
80,60
81,62
82,62
83,62
84,62
85,62
86,62
87,52
88,62
89,62
90,62
91,2
92,62
93,52
94,62
95,62
96,62
97,52
98,60
99,13
100,62
101,13
102,52
103,13
104,2
105,13
106,52
107,13
108,2
109,13
110,52
111,13
112,13
113,52
114,2
115,13
116,13
117,52
118,2
119,13
120,52
121,13
122,2
123,13
124,52
125,13
126,2
127,52
128,13
129,13
130,52
131,2
132,13
133,52
134,13
135,2
136,13
137,52
138,24
139,24
140,24
141,24
142,24
143,24
144,48
145,24
146,24
147,2
148,24
149,24
150,52
151,13
152,24
153,24
154,24
155,2
156,48
157,19
158,52
159,24
160,19
161,48
162,19
163,147
164,2
165,19
166,48
167,19
168,19
169,52
170,48
171,2
172,19
173,19
174,48
175,147
176,19
177,2
178,19
179,48
180,147
181,19
182,48
183,19
184,2
185,19
186,147
187,48
188,19
189,99
190,19
191,147
192,48
193,19
194,48
195,2
196,147
197,19
198,71
199,48
200,147
201,99
202,19
203,46
204,46
205,46
206,48
207,46
208,46
209,46
210,46
211,71
212,46
213,46
214,147
215,46
216,48
217,46
218,99
219,71
220,46
221,46
222,26
223,71
224,147
225,48
226,46
227,26
228,99
229,71
230,26
231,48
232,26
233,147
234,71
235,26
236,26
237,99
238,48
239,71
240,26
241,147
242,26
243,71
244,142
245,26
246,99
247,26
248,147
249,71
250,26
251,48
252,71
253,26
254,99
255,147
256,26
257,142
258,71
259,26
260,147
261,26
262,99
263,71
264,142
265,26
266,71
267,26
268,142
269,147
270,99
271,77
272,71
273,142
274,26
275,61
276,61
277,147
278,61
279,61
280,61
281,71
282,61
283,99
284,61
285,77
286,61
287,61
288,61
289,142
290,61
291,71
292,77
293,61
294,147
295,61
296,34
297,99
298,77
299,61
300,142
301,71
302,34
303,77
304,34
305,102
306,34
307,15
308,142
309,77
310,34
311,99
312,34
313,147
314,71
315,77
316,34
317,142
318,34
319,77
320,99
321,34
322,15
323,102
324,34
325,77
326,142
327,34
328,15
329,34
330,77
331,99
332,102
333,142
334,34
335,15
336,77
337,34
338,34
339,99
340,77
341,142
342,15
343,102
344,53
345,77
346,34
347,15
348,142
349,99
350,102
351,53
352,77
353,53
354,15
355,55
356,55
357,55
358,55
359,55
360,142
361,55
362,77
363,55
364,55
365,53
366,102
367,55
368,99
369,55
370,15
371,55
372,53
373,77
374,55
375,55
376,142
377,43
378,53
379,43
380,102
381,77
382,15
383,43
384,79
385,53
386,43
387,142
388,43
389,119
390,43
391,53
392,15
393,102
394,43
395,79
396,53
397,43
398,77
399,142
400,43
401,15
402,53
403,43
404,119
405,102
406,43
407,39
408,53
409,79
410,15
411,43
412,119
413,43
414,53
415,102
416,43
417,142
418,15
419,119
420,53
421,79
422,43
423,43
424,53
425,102
426,15
427,119
428,39
429,150
430,53
431,79
432,43
433,119
434,15
435,150
436,102
437,39
438,53
439,150
440,130
441,130
442,130
443,119
444,130
445,130
446,130
447,130
448,53
449,79
450,87
451,130
452,150
453,130
454,130
455,39
456,130
457,102
458,119
459,150
460,130
461,69
462,130
463,15
464,130
465,150
466,130
467,79
468,53
469,129
470,119
471,39
472,130
473,150
474,102
475,129
476,87
477,69
478,129
479,150
480,119
481,129
482,39
483,79
484,129
485,150
486,69
487,102
488,87
489,129
490,119
491,150
492,129
493,69
494,129
495,39
496,150
497,79
498,87
499,129
500,119
501,102
502,69
503,129
504,150
505,129
506,39
507,119
508,87
509,69
510,150
511,129
512,79
513,102
514,129
515,150
516,69
517,119
518,129
519,39
520,87
521,150
522,129
523,79
524,57
525,69
526,119
527,129
528,82
529,87
530,39
531,20
532,129
533,20
534,20
535,20
536,20
537,69
538,20
539,20
540,150
541,20
542,29
543,92
544,20
545,102
546,20
547,79
548,20
549,87
550,20
551,129
552,69
553,39
554,82
555,20
556,30
557,119
558,29
559,20
560,30
561,82
562,69
563,57
564,30
565,87
566,29
567,79
568,30
569,39
570,92
571,30
572,82
573,29
574,69
575,30
576,30
577,87
578,29
579,82
580,57
581,30
582,92
583,39
584,79
585,69
586,30
587,29
588,82
589,30
590,87
591,29
592,30
593,92
594,69
595,57
596,39
597,30
598,82
599,29
600,79
601,30
602,87
603,69
604,29
605,30
606,82
607,92
608,30
609,57
610,39
611,29
612,82
613,30
614,110
615,79
616,87
617,92
618,29
619,30
620,82
621,66
622,39
623,57
624,110
625,29
626,33
627,92
628,33
629,33
630,30
631,33
632,87
633,33
634,33
635,126
636,33
637,82
638,33
639,29
640,33
641,66
642,110
643,33
644,33
645,39
646,33
647,66
648,57
649,92
650,33
651,82
652,29
653,87
654,47
655,33
656,66
657,110
658,79
659,47
660,29
661,47
662,82
663,66
664,92
665,93
666,47
667,57
668,47
669,87
670,29
671,66
672,110
673,47
674,82
675,47
676,66
677,126
678,29
679,92
680,47
681,39
682,110
683,47
684,87
685,66
686,82
687,57
688,47
689,131
690,66
691,47
692,92
693,110
694,90
695,126
696,47
697,29
698,93
699,66
700,121
701,47
702,57
703,47
704,66
705,82
706,92
707,131
708,110
709,47
710,66
711,93
712,87
713,126
714,143
715,131
716,90
717,57
718,110
719,92
720,47
721,66
722,131
723,143
724,90
725,66
726,121
727,93
728,49
729,49
730,49
731,143
732,49
733,49
734,126
735,110
736,49
737,49
738,92
739,49
740,131
741,49
742,66
743,143
744,57
745,49
746,49
747,90
748,49
749,143
750,49
751,121
752,66
753,131
754,110
755,80
756,93
757,92
758,80
759,143
760,80
761,126
762,90
763,66
764,80
765,57
766,143
767,131
768,80
769,110
770,121
771,80
772,143
773,66
774,133
775,93
776,80
777,90
778,131
779,80
780,143
781,126
782,80
783,66
784,110
785,57
786,80
787,143
788,90
789,121
790,131
791,92
792,80
793,135
794,93
795,143
796,80
797,110
798,80
799,131
800,90
801,66
802,143
803,126
804,57
805,80
806,121
807,133
808,80
809,143
810,93
811,135
812,131
813,110
814,90
815,80
816,143
817,149
818,133
819,135
820,121
821,126
822,131
823,57
824,80
825,143
826,90
827,110
828,93
829,149
830,135
831,143
832,131
833,50
834,50
835,50
836,50
837,149
838,50
839,133
840,50
841,121
842,50
843,90
844,50
845,50
846,135
847,110
848,149
849,143
850,57
851,126
852,50
853,50
854,50
855,131
856,93
857,149
858,50
859,94
860,96
861,135
862,133
863,90
864,96
865,149
866,121
867,96
868,110
869,131
870,96
871,94
872,149
873,57
874,96
875,135
876,126
877,93
878,96
879,90
880,149
881,94
882,133
883,96
884,131
885,27
886,96
887,121
888,135
889,149
890,96
891,94
892,96
893,90
894,57
895,149
896,131
897,93
898,126
899,135
900,96
901,133
902,27
903,94
904,96
905,149
906,121
907,96
908,90
909,135
910,76
911,94
912,149
913,96
914,101
915,133
916,27
917,93
918,96
919,149
920,126
921,94
922,135
923,96
924,121
925,90
926,131
927,89
928,64
929,94
930,27
931,135
932,133
933,96
934,149
935,101
936,93
937,76
938,90
939,64
940,126
941,94
942,121
943,37
944,89
945,37
946,37
947,37
948,37
949,135
950,64
951,37
952,37
953,37
954,27
955,37
956,76
957,133
958,64
959,94
960,37
961,89
962,125
963,37
964,37
965,93
966,101
967,135
968,37
969,64
970,56
971,121
972,89
973,94
974,56
975,126
976,64
977,76
978,27
979,56
980,56
981,125
982,133
983,89
984,135
985,64
986,56
987,94
988,56
989,93
990,64
991,101
992,56
993,76
994,89
995,121
996,27
997,56
998,135
999,125
1000,94
1001,126
1002,64
1003,56
1004,133
1005,89
1006,56
1007,64
1008,76
1009,56
1010,135
1011,94
1012,93
1013,89
1014,121
1015,27
1016,56
1017,101
1018,125
1019,64
1020,56
1021,133
1022,94
1023,126
1024,76
1025,64
1026,89
1027,56
1028,135
1029,56
1030,64
1031,125
1032,27
1033,10
1034,121
1035,89
1036,56
1037,94
1038,101
1039,135
1040,76
1041,133
1042,64
1043,100
1044,89
1045,56
1046,95
1047,28
1048,64
1049,125
1050,27
1051,44
1052,100
1053,76
1054,10
1055,93
1056,89
1057,38
1058,38
1059,38
1060,38
1061,97
1062,38
1063,100
1064,133
1065,38
1066,94
1067,38
1068,101
1069,38
1070,38
1071,38
1072,100
1073,125
1074,64
1075,89
1076,135
1077,38
1078,27
1079,38
1080,76
1081,95
1082,38
1083,100
1084,28
1085,83
1086,121
1087,97
1088,38
1089,10
1090,89
1091,133
1092,100
1093,83
1094,44
1095,83
1096,125
1097,101
1098,97
1099,100
1100,76
1101,83
1102,28
1103,27
1104,89
1105,83
1106,100
1107,83
1108,97
1109,95
1110,44
1111,10
1112,83
1113,133
1114,10
1115,28
1116,125
1117,100
1118,109
1119,83
1120,76
1121,97
1122,83
1123,27
1124,101
1125,100
1126,83
1127,44
1128,89
1129,28
1130,97
1131,83
1132,100
1133,10
1134,125
1135,76
1136,133
1137,95
1138,83
1139,10
1140,100
1141,83
1142,109
1143,97
1144,27
1145,44
1146,28
1147,83
1148,101
1149,100
1150,76
1151,97
1152,83
1153,125
1154,109
1155,10
1156,133
1157,28
1158,100
1159,83
1160,44
1161,10
1162,95
1163,27
1164,97
1165,83
1166,100
1167,109
1168,76
1169,83
1170,101
1171,125
1172,28
1173,78
1174,78
1175,78
1176,97
1177,44
1178,78
1179,78
1180,100
1181,78
1182,83
1183,10
1184,78
1185,10
1186,78
1187,109
1188,78
1189,27
1190,78
1191,105
1192,10
1193,78
1194,100
1195,97
1196,78
1197,95
1198,28
1199,11
1200,78
1201,83
1202,125
1203,44
1204,86
1205,109
1206,86
1207,148
1208,101
1209,97
1210,105
1211,86
1212,10
1213,86
1214,10
1215,27
1216,28
1217,86
1218,100
1219,105
1220,11
1221,109
1222,44
1223,86
1224,10
1225,97
1226,125
1227,86
1228,105
1229,95
1230,148
1231,86
1232,28
1233,105
1234,86
1235,10
1236,109
1237,101
1238,97
1239,27
1240,11
1241,10
1242,44
1243,86
1244,148
1245,105
1246,86
1247,125
1248,10
1249,28
1250,97
1251,86
1252,109
1253,148
1254,105
1255,86
1256,95
1257,44
1258,11
1259,10
1260,12
1261,105
1262,86
1263,148
1264,97
1265,101
1266,10
1267,28
1268,109
1269,125
1270,146
1271,105
1272,86
1273,148
1274,10
1275,44
1276,97
1277,11
1278,146
1279,105
1280,109
1281,12
1282,28
1283,10
1284,95
1285,146
1286,148
1287,125
1288,10
1289,105
1290,140
1291,101
1292,146
1293,44
1294,45
1295,45
1296,45
1297,45
1298,109
1299,45
1300,148
1301,11
1302,45
1303,105
1304,146
1305,45
1306,28
1307,10
1308,45
1309,45
1310,97
1311,45
1312,12
1313,146
1314,10
1315,45
1316,105
1317,125
1318,45
1319,148
1320,45
1321,109
1322,95
1323,146
1324,44
1325,10
1326,63
1327,28
1328,45
1329,11
1330,101
1331,140
1332,105
1333,63
1334,146
1335,148
1336,63
1337,10
1338,63
1339,12
1340,109
1341,146
1342,105
1343,12
1344,10
1345,63
1346,44
1347,140
1348,28
1349,148
1350,63
1351,146
1352,11
1353,10
1354,105
1355,63
1356,95
1357,63
1358,109
1359,146
1360,101
1361,140
1362,148
1363,63
1364,105
1365,12
1366,44
1367,12
1368,28
1369,146
1370,10
1371,63
1372,10
1373,11
1374,63
1375,148
1376,16
1377,105
1378,146
1379,140
1380,63
1381,10
1382,63
1383,95
1384,28
1385,146
1386,44
1387,105
1388,101
1389,148
1390,12
1391,12
1392,63
1393,140
1394,16
1395,12
1396,146
1397,11
1398,10
1399,63
1400,105
1401,148
1402,63
1403,144
1404,146
1405,10
1406,44
1407,140
1408,16
1409,63
1410,105
1411,12
1412,12
1413,146
1414,95
1415,148
1416,11
1417,106
1418,6
1419,67
1420,67
1421,67
1422,12
1423,67
1424,67
1425,67
1426,28
1427,6
1428,105
1429,67
1430,140
1431,63
1432,108
1433,67
1434,44
1435,67
1436,16
1437,67
1438,148
1439,67
1440,106
1441,10
1442,67
1443,108
1444,12
1445,105
1446,67
1447,12
1448,106
1449,11
1450,85
1451,140
1452,67
1453,144
1454,108
1455,85
1456,95
1457,16
1458,9
1459,12
1460,106
1461,6
1462,144
1463,65
1464,85
1465,10
1466,85
1467,106
1468,108
1469,140
1470,85
1471,12
1472,10
1473,148
1474,85
1475,11
1476,65
1477,144
1478,106
1479,12
1480,16
1481,85
1482,108
1483,144
1484,85
1485,106
1486,12
1487,140
1488,85
1489,65
1490,9
1491,95
1492,6
1493,108
1494,106
1495,85
1496,6
1497,144
1498,16
1499,12
1500,11
1501,85
1502,6
1503,12
1504,65
1505,106
1506,108
1507,144
1508,140
1509,85
1510,9
1511,85
1512,106
1513,12
1514,108
1515,16
1516,144
1517,65
1518,85
1519,6
1520,9
1521,11
1522,12
1523,106
1524,95
1525,140
1526,85
1527,6
1528,144
1529,108
1530,12
1531,85
1532,10
1533,65
1534,106
1535,16
1536,85
1537,9
1538,144
1539,108
1540,140
1541,12
1542,106
1543,85
1544,11
1545,58
1546,65
1547,58
1548,58
1549,12
1550,58
1551,58
1552,58
1553,144
1554,58
1555,85
1556,58
1557,106
1558,6
1559,108
1560,58
1561,6
1562,9
1563,114
1564,16
1565,12
1566,58
1567,58
1568,140
1569,85
1570,144
1571,6
1572,65
1573,58
1574,106
1575,58
1576,108
1577,36
1578,85
1579,12
1580,144
1581,36
1582,9
1583,144
1584,12
1585,36
1586,8
1587,16
1588,104
1589,65
1590,36
1591,140
1592,108
1593,36
1594,144
1595,12
1596,104
1597,6
1598,6
1599,106
1600,36
1601,95
1602,9
1603,6
1604,36
1605,65
1606,104
1607,108
1608,36
1609,144
1610,16
1611,144
1612,140
1613,8
1614,12
1615,12
1616,36
1617,104
1618,144
1619,36
1620,9
1621,108
1622,65
1623,8
1624,12
1625,36
1626,104
1627,36
1628,140
1629,6
1630,16
1631,6
1632,6
1633,144
1634,104
1635,144
1636,8
1637,108
1638,36
1639,114
1640,65
1641,9
1642,12
1643,144
1644,12
1645,36
1646,104
1647,8
1648,36
1649,108
1650,140
1651,12
1652,16
1653,104
1654,36
1655,65
1656,9
1657,144
1658,144
1659,8
1660,139
1661,6
1662,144
1663,104
1664,6
1665,6
1666,108
1667,12
1668,36
1669,114
1670,140
1671,12
1672,65
1673,8
1674,16
1675,104
1676,9
1677,139
1678,54
1679,54
1680,54
1681,54
1682,54
1683,72
1684,54
1685,12
1686,54
1687,144
1688,54
1689,139
1690,104
1691,54
1692,144
1693,8
1694,144
1695,54
1696,65
1697,54
1698,140
1699,139
1700,54
1701,9
1702,12
1703,6
1704,54
1705,72
1706,6
1707,104
1708,16
1709,6
1710,73
1711,139
1712,8
1713,116
1714,73
1715,114
1716,73
1717,65
1718,104
1719,139
1720,144
1721,73
1722,12
1723,144
1724,72
1725,4
1726,144
1727,73
1728,8
1729,9
1730,139
1731,73
1732,104
1733,4
1734,73
1735,3
1736,65
1737,139
1738,73
1739,72
1740,8
1741,6
1742,6
1743,104
1744,6
1745,73
1746,6
1747,4
1748,9
1749,144
1750,139
1751,144
1752,73
1753,12
1754,3
1755,114
1756,8
1757,4
1758,73
1759,65
1760,104
1761,72
1762,139
1763,73
1764,3
1765,139
1766,9
1767,73
1768,4
1769,104
1770,8
1771,144
1772,144
1773,116
1774,72
1775,73
1776,65
1777,6
1778,116
1779,139
1780,4
1781,3
1782,73
1783,6
1784,104
1785,116
1786,8
1787,139
1788,73
1789,9
1790,4
1791,114
1792,72
1793,65
1794,3
1795,104
1796,123
1797,139
1798,144
1799,144
1800,8
1801,123
1802,4
1803,6
1804,104
1805,116
1806,72
1807,9
1808,3
1809,139
1810,6
1811,123
1812,68
1813,68
1814,68
1815,68
1816,68
1817,65
1818,4
1819,68
1820,116
1821,68
1822,91
1823,6
1824,68
1825,123
1826,68
1827,139
1828,68
1829,104
1830,68
1831,3
1832,144
1833,123
1834,68
1835,72
1836,4
1837,3
1838,114
1839,68
1840,9
1841,139
1842,22
1843,8
1844,65
1845,123
1846,22
1847,104
1848,4
1849,3
1850,22
1851,116
1852,116
1853,123
1854,81
1855,22
1856,72
1857,116
1858,116
1859,22
1860,91
1861,104
1862,4
1863,123
1864,117
1865,4
1866,22
1867,117
1868,6
1869,3
1870,81
1871,3
1872,22
1873,4
1874,123
1875,22
1876,72
1877,104
1878,91
1879,114
1880,3
1881,22
1882,81
1883,123
1884,22
1885,117
1886,117
1887,116
1888,116
1889,4
1890,4
1891,116
1892,22
1893,75
1894,81
1895,123
1896,116
1897,72
1898,91
1899,3
1900,4
1901,22
1902,3
1903,6
1904,22
1905,123
1906,81
1907,117
1908,104
1909,3
1910,117
1911,22
1912,91
1913,123
1914,72
1915,4
1916,22
1917,4
1918,114
1919,81
1920,4
1921,116
1922,116
1923,116
1924,75
1925,22
1926,123
1927,3
1928,117
1929,3
1930,116
1931,91
1932,22
1933,117
1934,81
1935,72
1936,123
1937,22
1938,75
1939,3
1940,1
1941,4
1942,4
1943,32
1944,4
1945,32
1946,115
1947,32
1948,123
1949,81
1950,32
1951,32
1952,91
1953,32
1954,117
1955,32
1956,32
1957,72
1958,3
1959,115
1960,32
1961,116
1962,75
1963,117
1964,116
1965,114
1966,32
1967,123
1968,116
1969,32
1970,81
1971,3
1972,32
1973,115
1974,32
1975,116
1976,91
1977,25
1978,4
1979,123
1980,3
1981,4
1982,115
1983,75
1984,32
1985,117
1986,4
1987,72
1988,81
1989,25
1990,114
1991,117
1992,25
1993,115
1994,70
1995,3
1996,25
1997,91
1998,25
1999,75
2000,115
2001,81
2002,116
2003,116
2004,3
2005,25
2006,70
2007,117
2008,72
2009,116
2010,4
2011,4
2012,114
2013,25
2014,115
2015,4
2016,3
2017,117
2018,25
2019,1
2020,81
2021,91
2022,75
2023,70
2024,115
2025,25
2026,3
2027,25
2028,72
2029,117
2030,1
2031,115
2032,70
2033,81
2034,25
2035,4
2036,4
2037,75
2038,116
2039,91
2040,116
2041,3
2042,25
2043,117
2044,115
2045,4
2046,116
2047,70
2048,3
2049,25
2050,81
2051,114
2052,72
2053,115
2054,117
2055,75
2056,25
2057,1
2058,91
2059,3
2060,70
2061,4
2062,25
2063,115
2064,4
2065,81
2066,117
2067,25
2068,114
2069,116
2070,72
2071,75
2072,4
2073,70
2074,31
2075,115
2076,116
2077,25
2078,91
2079,117
2080,31
2081,81
2082,1
2083,42
2084,42
2085,42
2086,42
2087,103
2088,42
2089,115
2090,70
2091,42
2092,3
2093,4
2094,42
2095,42
2096,75
2097,114
2098,117
2099,4
2100,42
2101,25
2102,134
2103,1
2104,42
2105,120
2106,42
2107,91
2108,115
2109,42
2110,117
2111,70
2112,103
2113,4
2114,42
2115,17
2116,31
2117,116
2118,115
2119,75
2120,17
2121,103
2122,31
2123,116
2124,1
2125,81
2126,17
2127,4
2128,70
2129,134
2130,117
2131,91
2132,17
2133,103
2134,3
2135,1
2136,4
2137,115
2138,17
2139,117
2140,17
2141,75
2142,103
2143,70
2144,120
2145,17
2146,4
2147,114
2148,1
2149,115
2150,17
2151,103
2152,91
2153,134
2154,31
2155,31
2156,17
2157,117
2158,117
2159,31
2160,70
2161,40
2162,75
2163,1
2164,17
2165,103
2166,120
2167,117
2168,4
2169,31
2170,1
2171,17
2172,103
2173,1
2174,115
2175,17
2176,91
2177,70
2178,134
2179,137
2180,120
2181,17
2182,75
2183,103
2184,117
2185,4
2186,40
2187,1
2188,17
2189,117
2190,114
2191,31
2192,70
2193,31
2194,31
2195,137
2196,103
2197,17
2198,134
2199,31
2200,120
2201,1
2202,134
2203,40
2204,75
2205,17
2206,103
2207,1
2208,70
2209,137
2210,17
2211,117
2212,1
2213,137
2214,117
2215,40
2216,103
2217,120
2218,17
2219,134
2220,75
2221,51
2222,51
2223,137
2224,51
2225,70
2226,134
2227,51
2228,51
2229,31
2230,17
2231,31
2232,51
2233,103
2234,1
2235,51
2236,31
2237,40
2238,51
2239,31
2240,51
2241,114
2242,17
2243,51
2244,120
2245,51
2246,117
2247,1
2248,103
2249,117
2250,51
2251,137
2252,70
2253,134
2254,137
2255,84
2256,51
2257,75
2258,40
2259,41
2260,134
2261,1
2262,41
2263,1
2264,84
2265,103
2266,137
2267,41
2268,120
2269,70
2270,41
2271,40
2272,31
2273,84
2274,31
2275,41
2276,134
2277,103
2278,31
2279,75
2280,117
2281,134
2282,31
2283,41
2284,1
2285,84
2286,137
2287,137
2288,41
2289,134
2290,120
2291,40
2292,138
2293,114
2294,1
2295,103
2296,41
2297,84
2298,41
2299,137
2300,75
2301,134
2302,41
2303,145
2304,40
2305,84
2306,1
2307,1
2308,117
2309,137
2310,138
2311,120
2312,41
2313,31
2314,31
2315,31
2316,134
2317,84
2318,137
2319,41
2320,103
2321,31
2322,137
2323,40
2324,75
2325,41
2326,134
2327,84
2328,1
2329,138
2330,120
2331,41
2332,137
2333,1
2334,145
2335,134
2336,111
2337,40
2338,41
2339,137
2340,84
2341,134
2342,41
2343,75
2344,138
2345,145
2346,137
2347,31
2348,1
2349,31
2350,84
2351,120
2352,31
2353,134
2354,1
2355,41
2356,137
2357,40
2358,31
2359,84
2360,41
2361,145
2362,134
2363,137
2364,138
2365,88
2366,88
2367,134
2368,88
2369,88
2370,137
2371,88
2372,75
2373,88
2374,23
2375,1
2376,88
2377,40
2378,120
2379,1
2380,84
2381,88
2382,88
2383,134
2384,145
2385,88
2386,23
2387,137
2388,88
2389,111
2390,107
2391,31
2392,31
2393,138
2394,84
2395,88
2396,23
2397,137
2398,40
2399,31
2400,107
2401,1
2402,145
2403,134
2404,75
2405,134
2406,120
2407,107
2408,23
2409,1
2410,137
2411,137
2412,84
2413,107
2414,112
2415,134
2416,107
2417,138
2418,23
2419,145
2420,40
2421,107
2422,137
2423,84
2424,107
2425,1
2426,1
2427,120
2428,23
2429,75
2430,107
2431,31
2432,134
2433,134
2434,31
2435,107
2436,145
2437,137
2438,84
2439,138
2440,40
2441,23
2442,134
2443,137
2444,107
2445,31
2446,111
2447,137
2448,1
2449,107
2450,23
2451,84
2452,120
2453,145
2454,112
2455,124
2456,107
2457,137
2458,111
2459,40
2460,138
2461,107
2462,23
2463,134
2464,134
2465,84
2466,134
2467,107
2468,145
2469,1
2470,5
2471,137
2472,23
2473,1
2474,137
2475,31
2476,120
2477,107
2478,40
2479,137
2480,124
2481,128
2482,138
2483,112
2484,98
2485,23
2486,145
2487,137
2488,98
2489,134
2490,111
2491,1
2492,134
2493,134
2494,128
2495,112
2496,23
2497,40
2498,124
2499,98
2500,138
2501,111
2502,145
2503,124
2504,137
2505,98
2506,23
2507,31
2508,137
2509,128
2510,74
2511,74
2512,74
2513,74
2514,74
2515,112
2516,31
2517,137
2518,74
2519,98
2520,74
2521,132
2522,74
2523,1
2524,134
2525,74
2526,23
2527,124
2528,145
2529,120
2530,74
2531,112
2532,137
2533,138
2534,98
2535,113
2536,128
2537,74
2538,74
2539,124
2540,74
2541,23
2542,98
2543,14
2544,40
2545,112
2546,137
2547,112
2548,14
2549,145
2550,111
2551,128
2552,98
2553,14
2554,5
2555,23
2556,124
2557,138
2558,5
2559,14
2560,134
2561,134
2562,5
2563,111
2564,14
2565,5
2566,98
2567,113
2568,128
2569,132
2570,124
2571,112
2572,137
2573,14
2574,145
2575,127
2576,14
2577,98
2578,112
2579,111
2580,14
2581,138
2582,113
2583,124
2584,128
2585,23
2586,98
2587,14
2588,145
2589,124
2590,132
2591,134
2592,112
2593,14
2594,112
2595,124
2596,5
2597,98
2598,5
2599,5
2600,127
2601,14
2602,113
2603,128
2604,111
2605,137
2606,138
2607,5
2608,14
2609,98
2610,145
2611,124
2612,132
2613,111
2614,14
2615,127
2616,112
2617,113
2618,124
2619,112
2620,128
2621,98
2622,14
2623,113
2624,124
2625,111
2626,145
2627,138
2628,127
2629,14
2630,136
2631,113
2632,132
2633,5
2634,124
2635,5
2636,14
2637,128
2638,112
2639,5
2640,5
2641,112
2642,98
2643,127
2644,14
2645,5
2646,145
2647,124
2648,113
2649,124
2650,138
2651,113
2652,111
2653,14
2654,128
2655,118
2656,132
2657,118
2658,136
2659,118
2660,118
2661,118
2662,127
2663,118
2664,112
2665,124
2666,118
2667,112
2668,14
2669,111
2670,118
2671,113
2672,118
2673,118
2674,132
2675,136
2676,118
2677,14
2678,5
2679,128
2680,5
2681,118
2682,111
2683,127
2684,5
2685,138
2686,118
2687,132
2688,124
2689,124
2690,5
2691,122
2692,118
2693,136
2694,112
2695,113
2696,118
2697,113
2698,124
2699,132
2700,112
2701,141
2702,112
2703,122
2704,127
2705,128
2706,118
2707,136
2708,113
2709,141
2710,122
2711,132
2712,132
2713,141
2714,111
2715,112
2716,112
2717,127
2718,124
2719,124
2720,136
2721,141
2722,128
2723,132
2724,5
2725,122
2726,5
2727,111
2728,5
2729,124
2730,141
2731,113
2732,5
2733,113
2734,141
2735,122
2736,136
2737,111
2738,127
2739,132
2740,112
2741,141
2742,132
2743,128
2744,132
2745,113
2746,112
2747,122
2748,141
2749,124
2750,136
2751,112
2752,124
2753,141
2754,127
2755,124
2756,122
2757,132
2758,141
2759,128
2760,113
2761,5
2762,112
2763,5
2764,136
2765,5
2766,132
2767,132
2768,112
2769,141
2770,122
2771,113
2772,111
2773,127
2774,5
2775,141
2776,111
2777,124
2778,136
2779,113
2780,122
2781,128
2782,124
2783,124
2784,141
2785,132
2786,112
2787,111
2788,132
2789,112
2790,127
2791,132
2792,141
2793,122
2794,136
2795,113
2796,111
2797,5
2798,5
2799,141
2800,7
2801,7
2802,128
2803,7
2804,7
2805,7
2806,113
2807,122
2808,7
2809,5
2810,127
2811,7
2812,112
2813,124
2814,7
2815,132
2816,124
2817,136
2818,141
2819,132
2820,7
2821,7
2822,113
2823,112
2824,113
2825,5
2826,7
2827,122
2828,132
2829,141
2830,7
2831,128
2832,7
2833,111
2834,127
2835,136
2836,7
2837,113
2838,141
2839,111
2840,122
2841,7
2842,112
2843,112
2844,132
2845,132
2846,7
2847,111
2848,124
2849,141
2850,124
2851,5
2852,7
2853,5
2854,179
2855,165
2856,186
2857,186
2858,187
2859,181
2860,197
2861,172
2862,180
2863,183
2864,162
2865,176
2866,162
2867,178
2868,181
2869,168
2870,187
2871,165
2872,171
2873,162
2874,180
2875,181
2876,176
2877,165
2878,178
2879,165
2880,197
2881,181
2882,172
2883,162
2884,187
2885,171
2886,181
2887,165
2888,180
2889,179
2890,183
2891,179
2892,172
2893,178
2894,186
2895,181
2896,189
2897,162
2898,183
2899,165
2900,168
2901,176
2902,165
2903,187
2904,181
2905,183
2906,189
2907,187
2908,162
2909,181
2910,176
2911,197
2912,183
2913,178
2914,171
2915,197
2916,187
2917,165
2918,181
2919,180
2920,186
2921,162
2922,165
2923,181
2924,187
2925,168
2926,172
2927,178
2928,162
2929,162
2930,179
2931,176
2932,158
2933,176
2934,179
2935,180
2936,187
2937,158
2938,197
2939,178
2940,187
2941,171
2942,162
2943,186
2944,165
2945,176
2946,189
2947,162
2948,197
2949,183
2950,158
2951,158
2952,158
2953,158
2954,158
2955,183
2956,158
2957,168
2958,158
2959,175
2960,162
2961,183
2962,175
2963,187
2964,175
2965,158
2966,172
2967,187
2968,175
2969,180
2970,180
2971,162
2972,175
2973,183
2974,175
2975,187
2976,165
2977,158
2978,181
2979,176
2980,175
2981,179
2982,168
2983,171
2984,176
2985,175
2986,178
2987,158
2988,179
2989,187
2990,162
2991,175
2992,168
2993,197
2994,162
2995,172
2996,181
2997,180
2998,175
2999,175
3000,158
3001,189
3002,187
3003,178
3004,175
3005,165
3006,197
3007,181
3008,181
3009,175
3010,175
3011,162
3012,162
3013,168
3014,171
3015,175
3016,183
3017,183
3018,186
3019,189
3020,175
3021,176
3022,180
3023,161
3024,183
3025,181
3026,176
3027,181
3028,197
3029,176
3030,187
3031,161
3032,178
3033,172
3034,162
3035,165
3036,175
3037,179
3038,162
3039,175
3040,158
3041,178
3042,161
3043,181
3044,197
3045,180
3046,168
3047,158
3048,189
3049,171
3050,186
3051,161
3052,181
3053,158
3054,187
3055,178
3056,158
3057,161
3058,162
3059,171
3060,165
3061,181
3062,176
3063,172
3064,161
3065,189
3066,176
3067,158
3068,172
3069,175
3070,181
3071,180
3072,161
3073,168
3074,183
3075,183
3076,186
3077,179
3078,187
3079,183
3080,158
3081,197
3082,162
3083,171
3084,161
3085,175
3086,158
3087,178
3088,165
3089,161
3090,189
3091,181
3092,179
3093,171
3094,175
3095,178
3096,185
3097,185
3098,185
3099,157
3100,158
3101,157
3102,161
3103,157
3104,158
3105,157
3106,172
3107,157
3108,187
3109,162
3110,176
3111,157
3112,168
3113,165
3114,197
3115,180
3116,175
3117,185
3118,157
3119,176
3120,157
3121,171
3122,187
3123,189
3124,181
3125,157
3126,197
3127,175
3128,158
3129,185
3130,157
3131,161
3132,157
3133,179
3134,180
3135,157
3136,181
3137,185
3138,171
3139,187
3140,157
3141,175
3142,183
3143,161
3144,183
3145,183
3146,158
3147,157
3148,158
3149,165
3150,186
3151,185
3152,179
3153,178
3154,157
3155,180
3156,187
3157,172
3158,197
3159,172
3160,167
3161,171
3162,178
3163,161
3164,185
3165,175
3166,181
3167,167
3168,197
3169,176
3170,175
3171,162
3172,167
3173,158
3174,180
3175,185
3176,189
3177,161
3178,167
3179,171
3180,165
3181,175
3182,179
3183,186
3184,187
3185,167
3186,157
3187,180
3188,175
3189,181
3190,185
3191,167
3192,158
3193,168
3194,162
3195,157
3196,172
3197,197
3198,161
3199,167
3200,179
3201,172
3202,171
3203,189
3204,183
3205,183
3206,167
3207,185
3208,157
3209,183
3210,175
3211,178
3212,187
3213,176
3214,187
3215,167
3216,168
3217,181
3218,186
3219,161
3220,178
3221,158
3222,167
3223,185
3224,167
3225,162
3226,189
3227,180
3228,176
3229,168
3230,175
3231,167
3232,167
3233,161
3234,185
3235,197
3236,197
3237,160
3238,180
3239,181
3240,158
3241,171
3242,188
3243,187
3244,188
3245,162
3246,188
3247,188
3248,188
3249,172
3250,167
3251,188
3252,179
3253,188
3254,160
3255,165
3256,181
3257,188
3258,168
3259,161
3260,188
3261,161
3262,185
3263,188
3264,189
3265,176
3266,160
3267,188
3268,167
3269,188
3270,175
3271,178
3272,168
3273,178
3274,188
3275,158
3276,178
3277,160
3278,188
3279,183
3280,157
3281,178
3282,162
3283,167
3284,185
3285,161
3286,188
3287,187
3288,176
3289,179
3290,160
3291,188
3292,171
3293,181
3294,171
3295,180
3296,197
3297,188
3298,165
3299,160
3300,157
3301,175
3302,188
3303,160
3304,168
3305,172
3306,158
3307,185
3308,180
3309,188
3310,161
3311,176
3312,188
3313,188
3314,186
3315,160
3316,172
3317,162
3318,157
3319,188
3320,187
3321,181
3322,189
3323,188
3324,188
3325,185
3326,175
3327,160
3328,161
3329,165
3330,163
3331,158
3332,171
3333,168
3334,188
3335,176
3336,167
3337,178
3338,171
3339,178
3340,163
3341,179
3342,168
3343,178
3344,180
3345,160
3346,183
3347,185
3348,163
3349,188
3350,181
3351,172
3352,181
3353,180
3354,186
3355,161
3356,162
3357,167
3358,185
3359,163
3360,163
3361,160
3362,158
3363,176
3364,180
3365,163
3366,172
3367,165
3368,157
3369,173
3370,163
3371,167
3372,189
3373,168
3374,188
3375,171
3376,161
3377,185
3378,186
3379,173
3380,181
3381,158
3382,171
3383,176
3384,163
3385,162
3386,175
3387,155
3388,165
3389,173
3390,155
3391,157
3392,155
3393,155
3394,167
3395,155
3396,176
3397,188
3398,155
3399,197
3400,155
3401,155
3402,163
3403,173
3404,178
3405,178
3406,155
3407,180
3408,185
3409,155
3410,187
3411,178
3412,161
3413,155
3414,180
3415,155
3416,188
3417,155
3418,158
3419,160
3420,167
3421,178
3422,172
3423,173
3424,176
3425,181
3426,200
3427,200
3428,168
3429,161
3430,189
3431,155
3432,186
3433,168
3434,200
3435,162
3436,173
3437,188
3438,200
3439,185
3440,165
3441,171
3442,155
3443,179
3444,185
3445,200
3446,160
3447,167
3448,172
3449,200
3450,155
3451,187
3452,173
3453,197
3454,200
3455,158
3456,188
3457,181
3458,176
3459,161
3460,200
3461,155
3462,160
3463,157
3464,200
3465,173
3466,160
3467,162
3468,185
3469,168
3470,165
3471,200
3472,178
3473,172
3474,188
3475,200
3476,180
3477,178
3478,168
3479,176
3480,187
3481,189
3482,200
3483,178
3484,173
3485,188
3486,200
3487,158
3488,171
3489,200
3490,189
3491,161
3492,167
3493,187
3494,178
3495,163
3496,181
3497,160
3498,200
3499,200
3500,173
3501,185
3502,179
3503,172
3504,197
3505,200
3506,188
3507,181
3508,200
3509,163
3510,200
3511,176
3512,173
3513,165
3514,186
3515,167
3516,160
3517,175
3518,187
3519,185
3520,200
3521,168
3522,200
3523,197
3524,158
3525,185
3526,188
3527,169
3528,162
3529,163
3530,155
3531,172
3532,168
3533,153
3534,153
3535,153
3536,153
3537,180
3538,178
3539,200
3540,153
3541,169
3542,153
3543,189
3544,178
3545,160
3546,153
3547,167
3548,181
3549,153
3550,153
3551,179
3552,155
3553,169
3554,178
3555,153
3556,173
3557,188
3558,200
3559,185
3560,153
3561,171
3562,197
3563,175
3564,153
3565,179
3566,157
3567,169
3568,187
3569,153
3570,178
3571,162
3572,165
3573,158
3574,153
3575,155
3576,200
3577,160
3578,153
3579,153
3580,181
3581,168
3582,173
3583,176
3584,160
3585,153
3586,188
3587,197
3588,153
3589,153
3590,200
3591,181
3592,155
3593,185
3594,168
3595,153
3596,175
3597,172
3598,157
3599,196
3600,153
3601,173
3602,188
3603,169
3604,196
3605,163
3606,160
3607,175
3608,155
3609,180
3610,153
3611,196
3612,187
3613,189
3614,180
3615,162
3616,171
3617,165
3618,197
3619,179
3620,178
3621,196
3622,181
3623,169
3624,155
3625,153
3626,196
3627,185
3628,176
3629,186
3630,167
3631,178
3632,188
3633,200
3634,158
3635,163
3636,161
3637,196
3638,169
3639,153
3640,160
3641,176
3642,171
3643,196
3644,178
3645,168
3646,155
3647,175
3648,196
3649,200
3650,196
3651,169
3652,172
3653,163
3654,163
3655,162
3656,187
3657,196
3658,167
3659,157
3660,158
3661,196
3662,165
3663,171
3664,155
3665,196
3666,160
3667,161
3668,200
3669,169
3670,175
3671,197
3672,196
3673,196
3674,165
3675,180
3676,179
3677,174
3678,174
3679,174
3680,174
3681,173
3682,180
3683,174
3684,179
3685,163
3686,174
3687,159
3688,169
3689,161
3690,196
3691,159
3692,200
3693,196
3694,180
3695,176
3696,155
3697,159
3698,160
3699,159
3700,167
3701,171
3702,174
3703,186
3704,159
3705,188
3706,159
3707,172
3708,178
3709,181
3710,196
3711,153
3712,159
3713,158
3714,187
3715,185
3716,174
3717,173
3718,159
3719,200
3720,173
3721,175
3722,200
3723,159
3724,187
3725,172
3726,178
3727,174
3728,196
3729,159
3730,168
3731,153
3732,199
3733,185
3734,160
3735,174
3736,165
3737,159
3738,163
3739,167
3740,169
3741,197
3742,196
3743,155
3744,199
3745,200
3746,159
3747,153
3748,173
3749,199
3750,185
3751,179
3752,189
3753,176
3754,181
3755,199
3756,196
3757,158
3758,186
3759,159
3760,169
3761,180
3762,162
3763,171
3764,176
3765,161
3766,199
3767,153
3768,188
3769,155
3770,163
3771,200
3772,180
3773,199
3774,172
3775,159
3776,187
3777,174
3778,185
3779,160
3780,199
3781,155
3782,153
3783,178
3784,197
3785,199
3786,168
3787,199
3788,153
3789,174
3790,165
3791,167
3792,199
3793,169
3794,200
3795,199
3796,171
3797,163
3798,175
3799,178
3800,188
3801,181
3802,164
3803,153
3804,174
3805,161
3806,153
3807,155
3808,162
3809,199
3810,160
3811,164
3812,165
3813,185
3814,190
3815,190
3816,168
3817,169
3818,190
3819,190
3820,164
3821,174
3822,190
3823,179
3824,176
3825,187
3826,200
3827,190
3828,199
3829,190
3830,189
3831,196
3832,176
3833,153
3834,190
3835,167
3836,190
3837,164
3838,180
3839,190
3840,173
3841,172
3842,190
3843,188
3844,199
3845,200
3846,174
3847,156
3848,164
3849,187
3850,186
3851,156
3852,180
3853,169
3854,196
3855,197
3856,175
3857,156
3858,188
3859,161
3860,181
3861,153
3862,164
3863,200
3864,199
3865,156
3866,157
3867,159
3868,156
3869,181
3870,178
3871,171
3872,164
3873,156
3874,199
3875,174
3876,173
3877,165
3878,156
3879,160
3880,200
3881,169
3882,163
3883,190
3884,196
3885,156
3886,162
3887,159
3888,168
3889,178
3890,200
3891,156
3892,199
3893,190
3894,188
3895,156
3896,174
3897,176
3898,179
3899,159
3900,175
3901,161
3902,172
3903,156
3904,190
3905,187
3906,164
3907,189
3908,153
3909,196
3910,158
3911,157
3912,186
3913,172
3914,173
3915,156
3916,200
3917,189
3918,190
3919,163
3920,156
3921,160
3922,197
3923,174
3924,169
3925,181
3926,199
3927,164
3928,156
3929,180
3930,190
3931,171
3932,196
3933,187
3934,170
3935,163
3936,153
3937,181
3938,190
3939,199
3940,174
3941,156
3942,170
3943,200
3944,155
3945,180
3946,185
3947,186
3948,169
3949,175
3950,157
3951,170
3952,152
3953,152
3954,152
3955,190
3956,173
3957,152
3958,156
3959,152
3960,175
3961,174
3962,152
3963,152
3964,160
3965,199
3966,162
3967,170
3968,152
3969,153
3970,159
3971,152
3972,152
3973,165
3974,156
3975,178
3976,176
3977,170
3978,152
3979,158
3980,172
3981,190
3982,176
3983,163
3984,152
3985,200
3986,197
3987,152
3988,153
3989,155
3990,164
3991,170
3992,179
3993,152
3994,156
3995,174
3996,171
3997,159
3998,152
3999,190
4000,196
4001,170
4002,181
4003,187
4004,152
4005,189
4006,173
4007,185
4008,167
4009,171
4010,152
4011,156
4012,161
4013,164
4014,170
4015,188
4016,152
4017,156
4018,180
4019,161
4020,152
4021,169
4022,174
4023,159
4024,153
4025,186
4026,170
4027,152
4028,163
4029,152
4030,200
4031,162
4032,196
4033,152
4034,164
4035,152
4036,175
4037,156
4038,170
4039,180
4040,152
4041,165
4042,155
4043,199
4044,152
4045,152
4046,174
4047,167
4048,185
4049,172
4050,153
4051,177
4052,170
4053,176
4054,169
4055,190
4056,156
4057,197
4058,188
4059,158
4060,152
4061,176
4062,161
4063,196
4064,177
4065,187
4066,171
4067,200
4068,178
4069,163
4070,179
4071,170
4072,177
4073,199
4074,161
4075,152
4076,168
4077,156
4078,159
4079,190
4080,177
4081,189
4082,166
4083,155
4084,166
4085,177
4086,177
4087,152
4088,177
4089,170
4090,186
4091,153
4092,177
4093,181
4094,177
4095,177
4096,169
4097,175
4098,166
4099,174
4100,166
4101,170
4102,199
4103,166
4104,177
4105,152
4106,160
4107,166
4108,190
4109,180
4110,188
4111,167
4112,200
4113,159
4114,166
4115,152
4116,187
4117,177
4118,166
4119,173
4120,185
4121,166
4122,177
4123,170
4124,158
4125,166
4126,177
4127,196
4128,166
4129,152
4130,164
4131,174
4132,155
4133,180
4134,156
4135,162
4136,161
4137,177
4138,166
4139,153
4140,172
4141,177
4142,197
4143,176
4144,166
4145,159
4146,171
4147,170
4148,176
4149,166
4150,177
4151,152
4152,177
4153,200
4154,168
4155,166
4156,175
4157,156
4158,160
4159,163
4160,181
4161,179
4162,177
4163,164
4164,166
4165,178
4166,167
4167,186
4168,173
4169,174
4170,196
4171,177
4172,166
4173,170
4174,152
4175,166
4176,199
4177,153
4178,157
4179,166
4180,179
4181,200
4182,187
4183,177
4184,192
4185,156
4186,166
4187,158
4188,152
4189,164
4190,170
4191,192
4192,185
4193,169
4194,166
4195,189
4196,177
4197,192
4198,159
4199,162
4200,154
4201,174
4202,154
4203,154
4204,154
4205,199
4206,154
4207,152
4208,154
4209,163
4210,192
4211,154
4212,166
4213,156
4214,188
4215,154
4216,155
4217,170
4218,154
4219,153
4220,171
4221,177
4222,197
4223,154
4224,190
4225,192
4226,160
4227,168
4228,161
4229,154
4230,172
4231,200
4232,166
4233,154
4234,181
4235,180
4236,186
4237,192
4238,152
4239,154
4240,176
4241,167
4242,154
4243,177
4244,159
4245,169
4246,156
4247,154
4248,165
4249,166
4250,192
4251,199
4252,170
4253,174
4254,154
4255,179
4256,154
4257,190
4258,192
4259,177
4260,166
4261,166
4262,175
4263,187
4264,194
4265,185
4266,196
4267,192
4268,180
4269,194
4270,173
4271,200
4272,152
4273,188
4274,170
4275,194
4276,179
4277,192
4278,200
4279,154
4280,166
4281,177
4282,181
4283,164
4284,194
4285,199
4286,160
4287,194
4288,190
4289,174
4290,154
4291,153
4292,192
4293,161
4294,194
4295,152
4296,166
4297,189
4298,160
4299,154
4300,170
4301,177
4302,194
4303,158
4304,171
4305,192
4306,168
4307,196
4308,195
4309,195
4310,197
4311,195
4312,194
4313,195
4314,195
4315,186
4316,195
4317,154
4318,164
4319,195
4320,166
4321,172
4322,195
4323,199
4324,194
4325,156
4326,195
4327,200
4328,173
4329,195
4330,187
4331,152
4332,192
4333,177
4334,195
4335,157
4336,169
4337,194
4338,194
4339,195
4340,175
4341,163
4342,176
4343,159
4344,170
4345,189
4346,195
4347,194
4348,162
4349,153
4350,195
4351,166
4352,192
4353,194
4354,195
4355,188
4356,195
4357,198
4358,176
4359,177
4360,152
4361,198
4362,190
4363,174
4364,156
4365,194
4366,181
4367,195
4368,198
4369,192
4370,199
4371,192
4372,185
4373,198
4374,170
4375,160
4376,195
4377,198
4378,194
4379,180
4380,179
4381,159
4382,198
4383,166
4384,200
4385,154
4386,158
4387,195
4388,153
4389,152
4390,155
4391,192
4392,198
4393,151
4394,151
4395,151
4396,151
4397,194
4398,151
4399,151
4400,153
4401,151
4402,198
4403,195
4404,156
4405,151
4406,163
4407,190
4408,151
4409,151
4410,168
4411,167
4412,154
4413,198
4414,152
4415,171
4416,151
4417,165
4418,194
4419,151
4420,195
4421,164
4422,174
4423,166
4424,197
4425,198
4426,151
4427,161
4428,192
4429,179
4430,151
4431,187
4432,188
4433,177
4434,151
4435,151
4436,195
4437,172
4438,151
4439,154
4440,194
4441,151
4442,151
4443,162
4444,199
4445,191
4446,191
4447,151
4448,191
4449,191
4450,198
4451,191
4452,191
4453,170
4454,191
4455,151
4456,151
4457,192
4458,191
4459,166
4460,152
4461,172
4462,191
4463,156
4464,194
4465,191
4466,151
4467,153
4468,160
4469,185
4470,200
4471,191
4472,194
4473,151
4474,191
4475,181
4476,198
4477,191
4478,191
4479,196
4480,177
4481,155
4482,191
4483,189
4484,191
4485,190
4486,191
4487,151
4488,184
4489,191
4490,191
4491,184
4492,184
4493,195
4494,184
4495,184
4496,198
4497,184
4498,191
4499,159
4500,184
4501,192
4502,184
4503,176
4504,191
4505,184
4506,151
4507,184
4508,173
4509,184
4510,194
4511,166
4512,184
4513,158
4514,184
4515,191
4516,184
4517,184
4518,184
4519,198
4520,151
4521,193
4522,170
4523,191
4524,152
4525,193
4526,193
4527,195
4528,184
4529,193
4530,193
4531,193
4532,193
4533,193
4534,199
4535,167
4536,193
4537,193
4538,193
4539,184
4540,191
4541,193
4542,193
4543,177
4544,193
4545,156
4546,151
4547,193
4548,184
4549,193
4550,193
4551,193
4552,193
4553,193
4554,184
4555,163
4556,193
4557,193
4558,154
4559,198
4560,193
4561,194
4562,193
4563,193
4564,193
4565,193
4566,193
4567,193
4568,193
4569,193
4570,193
4571,182
4572,193
4573,182
4574,182
4575,182
4576,182
4577,176
4578,182
4579,182
4580,182
4581,182
4582,182
4583,193
4584,182
4585,184
4586,182
4587,191
4588,161
4589,193
4590,195
4591,182
4592,193
4593,193
4594,182
4595,192
4596,193
4597,193
4598,193
4599,180
4600,182
4601,184
4602,190
4603,186
4604,182
4605,193
4606,151
4607,165
4608,153
4609,193
4610,191
4611,168
4612,193
4613,196
4614,169
4615,184
4616,193
4617,187
4618,182
4619,194
4620,152
4621,193
4622,198
4623,193
4624,154
4625,171
4626,191
4627,159
4628,170
4629,166
4630,200
4631,151
4632,188
4633,193
4634,193
4635,181
4636,182
4637,157
4638,184
4639,193
4640,192
4641,156
4642,197
4643,179
4644,164
4645,151
4646,198
4647,193
4648,194
4649,184
4650,155
4651,158
4652,193
4653,154
4654,193
4655,182
4656,151
4657,156
4658,177
4659,172
4660,166
4661,198
4662,193
4663,175
4664,194
4665,152
4666,192
4667,160
4668,163
4669,191
4670,193
4671,196
4672,174
4673,154
4674,182
4675,159
4676,198
4677,169
4678,170
4679,189
4680,191
4681,176
4682,185
4683,195
4684,164
4685,200
4686,166
4687,192
4688,177
4689,151
4690,184
4691,188
4692,194
4693,156
4694,152
4695,165
4696,186
4697,195
4698,162
4699,155
4700,193
4701,157
4702,151
4703,168
4704,176
4705,181
4706,170
4707,192
4708,166
4709,193
4710,171
4711,174
4712,194
4713,180
4714,199
4715,196
4716,158
4717,177
4718,198
4719,151
4720,190
4721,182
4722,173
4723,153
4724,160
4725,197
4726,152
4727,175
4728,156
4729,151
4730,179
4731,194
4732,198
4733,154
4734,169
4735,192
4736,172
4737,152
4738,185
4739,166
4740,191
4741,163
4742,198
4743,155
4744,194
4745,164
4746,159
4747,154
4748,152
4749,156
4750,191
4751,174
4752,167
4753,192
4754,172
4755,170
4756,189
4757,198
4758,153
4759,187
4760,162
4761,166
4762,186
4763,195
4764,184
4765,181
4766,173
4767,152
4768,186
4769,154
4770,158
4771,188
4772,169
4773,151
4774,193
4775,177
4776,192
4777,176
4778,171
4779,161
4780,195
4781,164
4782,156
4783,159
4784,182
4785,166
4786,170
4787,194
4788,151
4789,200
4790,163
4791,171
4792,159
4793,180
4794,157
4795,152
4796,192
4797,198
4798,196
4799,177
4800,151
4801,179
4802,160
4803,197
4804,194
4805,166
4806,155
4807,153
4808,198
4809,156
4810,190
4811,191
4812,170
4813,154
4814,188
4815,181
4816,199
4817,187
4818,152
4819,158
4820,165
4821,172
4822,175
4823,194
4824,177
4825,159
4826,184
4827,198
4828,186
4829,200
4830,179
4831,161
4832,192
4833,173
4834,196
4835,154
4836,168
4837,167
4838,193
4839,195
4840,152
4841,156
4842,176
4843,151
4844,177
4845,190
4846,166
4847,160
4848,153
4849,200
4850,164
4851,171
4852,182
4853,192
4854,154
4855,151
4856,159
4857,195
4858,180
4859,163
4860,197
4861,169
4862,176
4863,152
4864,177
4865,181
4866,158
4867,174
4868,166
4869,170
4870,162
4871,175
4872,192
4873,151
4874,173
4875,156
4876,194
4877,198
4878,187
4879,185
4880,164
4881,167
4882,172
4883,186
4884,153
4885,191
4886,200
4887,199
4888,160
4889,198
4890,166
4891,177
4892,192
4893,194
4894,179
4895,168
4896,152
4897,170
4898,193
4899,163
4900,156
4901,169
4902,174
4903,172
4904,171
4905,198
4906,194
4907,190
4908,154
4909,155
4910,193
4911,192
4912,177
4913,175
4914,161
4915,158
4916,152
4917,196
4918,185
4919,181
4920,199
4921,197
4922,189
4923,151
4924,152
4925,200
4926,160
4927,176
4928,187
4929,195
4930,156
4931,154
4932,163
4933,192
4934,159
4935,165
4936,151
4937,153
4938,166
4939,197
4940,190
4941,173
4942,177
4943,198
4944,186
4945,152
4946,155
4947,194
4948,164
4949,174
4950,191
4951,179
4952,192
4953,170
4954,171
4955,172
4956,166
4957,200
4958,185
4959,175
4960,198
4961,157
4962,158
4963,160
4964,193
4965,159
4966,177
4967,156
4968,181
4969,194
4970,163
4971,153
4972,152
4973,171
4974,162
4975,154
4976,155
4977,198
4978,193
4979,189
4980,164
4981,192
4982,176
4983,170
4984,174
4985,165
4986,200
4987,194
4988,166
4989,197
4990,151
4991,169
4992,154
4993,156
4994,186
4995,159
4996,152
4997,157
4998,192
4999,167
5000,196
5001,161
5002,195
5003,188
5004,158
5005,179
5006,173
5007,168
5008,152
5009,190
5010,191
5011,166
5012,172
5013,158
5014,155
5015,194
5016,174
5017,200
5018,162
5019,156
5020,198
5021,177
5022,192
5023,184
5024,171
5025,199
5026,169
5027,187
5028,194
5029,152
5030,192
5031,179
5032,196
5033,176
5034,190
5035,193
5036,198
5037,160
5038,165
5039,167
5040,163
5041,197
5042,154
5043,159
5044,173
5045,177
5046,185
5047,170
5048,200
5049,175
5050,194
5051,200
5052,164
5053,151
5054,192
5055,158
5056,168
5057,152
5058,153
5059,176
5060,197
5061,156
5062,154
5063,181
5064,174
5065,166
5066,195
5067,191
5068,171
5069,152
5070,159
5071,187
5072,192
5073,163
5074,188
5075,155
5076,160
5077,190
5078,177
5079,200
5080,194
5081,185
5082,172
5083,169
5084,184
5085,198
5086,165
5087,179
5088,156
5089,161
5090,166
5091,153
5092,171
5093,174
5094,192
5095,158
5096,152
5097,193
5098,186
5099,194
5100,199
5101,198
5102,177
5103,181
5104,190
5105,176
5106,197
5107,166
5108,173
5109,155
5110,170
5111,200
5112,188
5113,162
5114,154
5115,153
5116,168
5117,160
5118,195
5119,151
5120,196
5121,152
5122,157
5123,159
5124,177
5125,161
5126,164
5127,187
5128,192
5129,172
5130,156
5131,171
5132,175
5133,191
5134,154
5135,179
5136,195
5137,170
5138,186
5139,152
5140,158
5141,200
5142,169
5143,155
5144,153
5145,166
5146,163
5147,174
5148,184
5149,159
5150,192
5151,188
5152,194
5153,198
5154,190
5155,197
5156,162
5157,176
5158,167
5159,156
5160,168
5161,152
5162,161
5163,193
5164,177
5165,187
5166,166
5167,151
5168,154
5169,175
5170,194
5171,153
5172,196
5173,200
5174,174
5175,172
5176,168
5177,155
5178,199
5179,190
5180,173
5181,179
5182,158
5183,170
5184,165
5185,152
5186,188
5187,151
5188,177
5189,192
5190,195
5191,154
5192,160
5193,181
5194,171
5195,185
5196,186
5197,176
5198,191
5199,159
5200,174
5201,164
5202,153
5203,156
5204,169
5205,170
5206,187
5207,198
5208,161
5209,152
5210,200
5211,166
5212,194
5213,192
5214,173
5215,193
5216,168
5217,163
5218,175
5219,197
5220,187
5221,198
5222,160
5223,176
5224,194
5225,190
5226,156
5227,199
5228,192
5229,170
5230,177
5231,166
5232,181
5233,174
5234,196
5235,157
5236,153
5237,171
5238,200
5239,186
5240,151
5241,161
5242,172
5243,155
5244,162
5245,195
5246,154
5247,163
5248,166
5249,177
5250,152
5251,170
5252,175
5253,190
5254,164
5255,191
5256,160
5257,168
5258,159
5259,187
5260,197
5261,196
5262,198
5263,153
5264,167
5265,158
5266,194
5267,176
5268,169
5269,192
5270,193
5271,177
5272,155
5273,152
5274,185
5275,170
5276,165
5277,171
5278,156
5279,162
5280,173
5281,198
5282,164
5283,172
5284,199
5285,194
5286,174
5287,161
5288,188
5289,192
5290,196
5291,166
5292,186
5293,187
5294,177
5295,169
5296,151
5297,160
5298,170
5299,197
5300,158
5301,156
5302,200
5303,195
5304,190
5305,157
5306,176
5307,164
5308,154
5309,173
5310,191
5311,165
5312,159
5313,192
5314,181
5315,168
5316,177
5317,196
5318,163
5319,161
5320,152
5321,198
5322,172
5323,169
5324,170
5325,193
5326,194
5327,160
5328,190
5329,162
5330,200
5331,186
5332,175
5333,164
5334,192
5335,197
5336,177
5337,198
5338,159
5339,155
5340,157
5341,152
5342,174
5343,194
5344,176
5345,170
5346,187
5347,158
5348,163
5349,153
5350,168
5351,185
5352,156
5353,192
5354,151
5355,190
5356,160
5357,166
5358,200
5359,197
5360,199
5361,195
5362,177
5363,162
5364,175
5365,186
5366,155
5367,152
5368,174
5369,167
5370,191
5371,154
5372,171
5373,156
5374,173
5375,153
5376,192
5377,158
5378,190
5379,198
5380,187
5381,185
5382,172
5383,177
5384,193
5385,169
5386,186
5387,188
5388,164
5389,194
5390,152
5391,155
5392,159
5393,197
5394,161
5395,181
5396,170
5397,192
5398,151
5399,160
5400,165
5401,196
5402,156
5403,173
5404,166
5405,194
5406,171
5407,164
5408,169
5409,158
5410,152
5411,157
5412,191
5413,162
5414,163
5415,154
5416,170
5417,159
5418,172
5419,186
5420,200
5421,166
5422,198
5423,156
5424,161
5425,174
5426,160
5427,181
5428,193
5429,171
5430,155
5431,177
5432,187
5433,190
5434,194
5435,153
5436,152
5437,167
5438,168
5439,198
5440,175
5441,199
5442,173
5443,192
5444,162
5445,200
5446,170
5447,174
5448,177
5449,194
5450,165
5451,197
5452,185
5453,188
5454,156
5455,155
5456,151
5457,158
5458,152
5459,196
5460,192
5461,171
5462,187
5463,164
5464,160
5465,170
5466,173
5467,195
5468,161
5469,166
5470,169
5471,191
5472,168
5473,159
5474,181
5475,156
5476,154
5477,177
5478,163
5479,200
5480,157
5481,165
5482,174
5483,198
5484,175
5485,193
5486,197
5487,190
5488,152
5489,192
5490,187
5491,155
5492,153
5493,160
5494,168
5495,199
5496,194
5497,185
5498,170
5499,177
5500,151
5501,186
5502,181
5503,169
5504,173
5505,174
5506,192
5507,156
5508,152
5509,167
5510,187
5511,194
5512,175
5513,191
5514,166
5515,197
5516,196
5517,164
5518,152
5519,200
5520,188
5521,162
5522,154
5523,185
5524,168
5525,177
5526,156
5527,159
5528,198
5529,153
5530,193
5531,158
5532,173
5533,165
5534,160
5535,166
5536,152
5537,190
5538,174
5539,161
5540,187
5541,194
5542,200
5543,151
5544,163
5545,177
5546,171
5547,170
5548,181
5549,199
5550,157
5551,153
5552,192
5553,168
5554,155
5555,152
5556,194
5557,158
5558,156
5559,160
5560,151
5561,165
5562,174
5563,166
5564,169
5565,161
5566,170
5567,187
5568,163
5569,154
5570,164
5571,198
5572,193
5573,196
5574,167
5575,177
5576,181
5577,171
5578,200
5579,156
5580,192
5581,186
5582,159
5583,175
5584,188
5585,194
5586,153
5587,152
5588,165
5589,198
5590,190
5591,185
5592,173
5593,177
5594,162
5595,174
5596,170
5597,192
5598,160
5599,200
5600,158
5601,194
5602,199
5603,151
5604,168
5605,152
5606,163
5607,161
5608,153
5609,186
5610,156
5611,166
5612,187
5613,155
5614,154
5615,157
5616,174
5617,193
5618,170
5619,198
5620,162
5621,169
5622,160
5623,164
5624,177
5625,158
5626,192
5627,196
5628,163
5629,156
5630,168
5631,194
5632,161
5633,198
5634,165
5635,152
5636,159
5637,200
5638,167
5639,187
5640,177
5641,190
5642,153
5643,192
5644,181
5645,188
5646,194
5647,151
5648,170
5649,174
5650,175
5651,173
5652,152
5653,185
5654,199
5655,186
5656,200
5657,166
5658,165
5659,154
5660,193
5661,160
5662,190
5663,198
5664,153
5665,162
5666,170
5667,163
5668,181
5669,174
5670,177
5671,155
5672,175
5673,166
5674,164
5675,194
5676,198
5677,169
5678,157
5679,156
5680,186
5681,160
5682,153
5683,152
5684,187
5685,177
5686,162
5687,163
5688,159
5689,192
5690,151
5691,194
5692,158
5693,155
5694,190
5695,161
5696,170
5697,169
5698,157
5699,152
5700,174
5701,193
5702,166
5703,160
5704,165
5705,154
5706,198
5707,199
5708,187
5709,173
5710,181
5711,190
5712,200
5713,158
5714,170
5715,161
5716,153
5717,177
5718,192
5719,151
5720,194
5721,167
5722,174
5723,188
5724,164
5725,165
5726,156
5727,173
5728,162
5729,152
5730,158
5731,200
5732,191
5733,177
5734,192
5735,194
5736,175
5737,153
5738,185
5739,159
5740,160
5741,190
5742,163
5743,156
5744,193
5745,152
5746,155
5747,198
5748,166
5749,187
5750,154
5751,169
5752,162
5753,158
5754,196
5755,161
5756,159
5757,157
5758,190
5759,160
5760,170
5761,151
5762,177
5763,163
5764,194
5765,166
5766,200
5767,153
5768,187
5769,174
5770,181
5771,158
5772,199
5773,191
5774,161
5775,156
5776,152
5777,195
5778,167
5779,177
5780,192
5781,188
5782,173
5783,200
5784,153
5785,193
5786,159
5787,190
5788,198
5789,187
5790,170
5791,181
5792,194
5793,152
5794,166
5795,175
5796,185
5797,160
5798,163
5799,155
5800,169
5801,196
5802,151
5803,199
5804,190
5805,194
5806,170
5807,192
5808,177
5809,162
5810,158
5811,161
5812,157
5813,160
5814,193
5815,163
5816,200
5817,153
5818,198
5819,174
5820,164
5821,154
5822,156
5823,177
5824,152
5825,162
5826,158
5827,161
5828,167
5829,198
5830,188
5831,173
5832,169
5833,194
5834,153
5835,159
5836,166
5837,190
5838,152
5839,170
5840,191
5841,194
5842,175
5843,181
5844,185
5845,160
5846,163
5847,192
5848,155
5849,169
5850,177
5851,196
5852,199
5853,170
5854,156
5855,193
5856,198
5857,154
5858,166
5859,152
5860,160
5861,157
5862,173
5863,156
5864,200
5865,161
5866,153
5867,164
5868,174
5869,158
5870,151
5871,194
5872,192
5873,177
5874,170
5875,190
5876,159
5877,153
5878,200
5879,173
5880,188
5881,167
5882,161
5883,193
5884,158
5885,198
5886,192
5887,177
5888,152
5889,156
5890,199
5891,174
5892,169
5893,155
5894,163
5895,160
5896,198
5897,185
5898,175
5899,194
5900,166
5901,152
5902,156
5903,190
5904,151
5905,174
5906,153
5907,200
5908,173
5909,160
5910,194
5911,157
5912,175
5913,192
5914,177
5915,193
5916,170
5917,190
5918,159
5919,196
5920,198
5921,200
5922,173
5923,188
5924,154
5925,167
5926,161
5927,166
5928,152
5929,156
5930,151
5931,164
5932,174
5933,153
5934,194
5935,155
5936,163
5937,166
5938,160
5939,161
5940,152
5941,193
5942,170
5943,190
5944,198
5945,159
5946,153
5947,154
5948,200
5949,163
5950,177
5951,160
5952,157
5953,170
5954,198
5955,190
5956,199
5957,194
5958,196
5959,169
5960,166
5961,155
5962,151
5963,188
5964,152
5965,157
5966,156
5967,194
5968,164
5969,174
5970,192
5971,153
5972,193
5973,155
5974,177
5975,163
5976,170
5977,198
5978,167
5979,190
5980,154
5981,159
5982,153
5983,177
5984,200
5985,151
5986,152
5987,163
5988,160
5989,190
5990,194
5991,199
5992,166
5993,196
5994,193
5995,200
5996,152
5997,173
5998,198
5999,156
6000,160
6001,164
6002,192
6003,174
6004,177
6005,169
6006,198
6007,155
6008,170
6009,188
6010,190
6011,194
6012,159
6013,166
6014,193
6015,153
6016,152
6017,200
6018,198
6019,156
6020,163
6021,199
6022,192
6023,196
6024,177
6025,198
6026,200
6027,156
6028,173
6029,154
6030,164
6031,174
6032,177
6033,151
6034,169
6035,152
6036,194
6037,155
6038,190
6039,193
6040,166
6041,159
6042,152
6043,153
6044,198
6045,200
6046,156
6047,192
6048,159
6049,151
6050,177
6051,196
6052,170
6053,200
6054,194
6055,164
6056,193
6057,166
6058,174
6059,152
6060,198
6061,169
6062,190
6063,192
6064,174
6065,198
6066,152
6067,153
6068,156
6069,154
6070,151
6071,159
6072,177
6073,153
6074,194
6075,170
6076,193
6077,164
6078,166
6079,196
6080,198
6081,152
6082,190
6083,192
6084,151
6085,174
6086,152
6087,154
6088,156
6089,193
6090,159
6091,177
6092,194
6093,170
6094,166
6095,199
6096,198
6097,152
6098,192
6099,164
6100,151
6101,152
6102,194
6103,156
6104,193
6105,177
6106,198
6107,170
6108,166
6109,198
6110,152
6111,154
6112,193
6113,192
6114,194
6115,198
