Id,bin
1,98
2,98
3,98
4,98
5,98
6,98
7,98
8,98
9,98
10,98
11,98
12,98
13,98
14,98
15,98
16,98
17,98
18,98
19,98
20,98
21,98
22,98
23,98
24,98
25,98
26,98
27,98
28,98
29,98
30,98
31,98
32,98
33,98
34,99
35,99
36,99
37,99
38,99
39,98
40,99
41,99
42,99
43,99
44,99
45,98
46,99
47,99
48,99
49,98
50,99
51,99
52,99
53,98
54,99
55,99
56,98
57,99
58,99
59,98
60,99
61,99
62,98
63,99
64,98
65,99
66,99
67,98
68,99
69,99
70,98
71,99
72,98
73,99
74,99
75,98
76,99
77,98
78,99
79,99
80,98
81,7
82,7
83,7
84,7
85,7
86,7
87,99
88,7
89,7
90,7
91,98
92,7
93,99
94,7
95,7
96,7
97,99
98,98
99,7
100,7
101,7
102,99
103,7
104,98
105,7
106,2
107,7
108,98
109,7
110,2
111,7
112,7
113,2
114,98
115,7
116,7
117,2
118,98
119,7
120,2
121,7
122,98
123,7
124,2
125,7
126,98
127,2
128,7
129,7
130,2
131,98
132,7
133,2
134,7
135,98
136,7
137,2
138,6
139,6
140,6
141,6
142,6
143,6
144,7
145,6
146,6
147,98
148,6
149,6
150,2
151,7
152,6
153,6
154,6
155,98
156,7
157,6
158,2
159,6
160,6
161,7
162,6
163,2
164,98
165,6
166,7
167,6
168,6
169,2
170,7
171,98
172,6
173,6
174,7
175,2
176,6
177,1
178,6
179,7
180,2
181,6
182,7
183,6
184,1
185,6
186,2
187,7
188,6
189,1
190,6
191,2
192,7
193,6
194,7
195,1
196,2
197,6
198,6
199,7
200,2
201,1
202,6
203,8
204,8
205,8
206,7
207,8
208,8
209,8
210,8
211,6
212,8
213,8
214,2
215,8
216,7
217,8
218,1
219,6
220,8
221,8
222,8
223,6
224,2
225,7
226,8
227,8
228,1
229,6
230,8
231,7
232,8
233,2
234,6
235,8
236,8
237,1
238,7
239,6
240,8
241,2
242,8
243,6
244,7
245,8
246,1
247,8
248,2
249,6
250,8
251,7
252,6
253,8
254,1
255,2
256,8
257,7
258,6
259,8
260,2
261,8
262,1
263,6
264,7
265,8
266,6
267,8
268,7
269,2
270,1
271,8
272,6
273,25
274,8
275,4
276,4
277,2
278,4
279,4
280,4
281,6
282,4
283,1
284,4
285,8
286,4
287,4
288,4
289,25
290,4
291,6
292,8
293,4
294,2
295,4
296,4
297,1
298,8
299,4
300,25
301,6
302,4
303,8
304,4
305,2
306,4
307,6
308,25
309,8
310,4
311,1
312,4
313,2
314,6
315,8
316,4
317,25
318,4
319,8
320,1
321,4
322,6
323,2
324,4
325,8
326,25
327,4
328,6
329,4
330,8
331,1
332,2
333,25
334,4
335,6
336,8
337,4
338,4
339,1
340,8
341,25
342,6
343,2
344,4
345,8
346,4
347,6
348,25
349,1
350,2
351,4
352,8
353,4
354,46
355,17
356,17
357,17
358,17
359,17
360,25
361,17
362,8
363,17
364,17
365,4
366,2
367,17
368,1
369,17
370,46
371,17
372,4
373,8
374,17
375,17
376,25
377,17
378,4
379,17
380,2
381,8
382,46
383,17
384,1
385,4
386,17
387,25
388,17
389,8
390,17
391,4
392,46
393,2
394,17
395,1
396,4
397,17
398,8
399,25
400,17
401,46
402,4
403,17
404,8
405,2
406,17
407,25
408,4
409,1
410,46
411,17
412,8
413,17
414,4
415,63
416,17
417,25
418,46
419,8
420,4
421,1
422,17
423,17
424,4
425,63
426,46
427,54
428,25
429,17
430,4
431,1
432,17
433,54
434,46
435,17
436,63
437,25
438,4
439,17
440,18
441,18
442,18
443,54
444,18
445,18
446,18
447,18
448,4
449,1
450,46
451,18
452,17
453,18
454,18
455,25
456,18
457,63
458,54
459,17
460,18
461,4
462,18
463,46
464,18
465,17
466,18
467,1
468,4
469,18
470,54
471,25
472,18
473,17
474,63
475,18
476,46
477,4
478,18
479,17
480,54
481,18
482,25
483,1
484,18
485,17
486,4
487,63
488,46
489,18
490,54
491,17
492,18
493,4
494,18
495,25
496,17
497,1
498,46
499,18
500,54
501,63
502,4
503,18
504,17
505,18
506,25
507,54
508,46
509,4
510,17
511,18
512,1
513,63
514,18
515,17
516,4
517,54
518,18
519,25
520,46
521,36
522,18
523,1
524,63
525,4
526,54
527,18
528,36
529,46
530,25
531,35
532,18
533,35
534,35
535,35
536,35
537,4
538,35
539,35
540,36
541,35
542,18
543,54
544,35
545,63
546,35
547,1
548,35
549,46
550,35
551,18
552,4
553,25
554,36
555,35
556,35
557,54
558,18
559,35
560,35
561,36
562,4
563,63
564,35
565,46
566,18
567,1
568,35
569,25
570,54
571,35
572,36
573,18
574,4
575,35
576,35
577,46
578,18
579,36
580,63
581,35
582,54
583,25
584,1
585,4
586,35
587,18
588,36
589,35
590,46
591,18
592,35
593,41
594,4
595,63
596,25
597,35
598,36
599,18
600,52
601,35
602,60
603,4
604,23
605,35
606,36
607,41
608,35
609,63
610,25
611,23
612,36
613,15
614,4
615,52
616,60
617,41
618,23
619,15
620,36
621,15
622,25
623,63
624,4
625,23
626,10
627,41
628,10
629,10
630,15
631,10
632,60
633,10
634,10
635,52
636,10
637,36
638,10
639,23
640,10
641,15
642,4
643,10
644,10
645,25
646,10
647,15
648,107
649,41
650,10
651,36
652,23
653,60
654,10
655,10
656,15
657,4
658,52
659,10
660,23
661,10
662,36
663,15
664,41
665,25
666,10
667,107
668,10
669,60
670,23
671,15
672,5
673,10
674,36
675,10
676,15
677,52
678,23
679,41
680,10
681,25
682,5
683,10
684,60
685,15
686,36
687,107
688,10
689,23
690,15
691,10
692,41
693,5
694,36
695,52
696,10
697,23
698,13
699,15
700,60
701,10
702,107
703,10
704,15
705,36
706,41
707,23
708,5
709,10
710,15
711,13
712,60
713,52
714,10
715,23
716,36
717,107
718,5
719,41
720,10
721,15
722,23
723,10
724,36
725,15
726,60
727,13
728,10
729,10
730,10
731,10
732,10
733,10
734,52
735,5
736,10
737,10
738,41
739,10
740,23
741,9
742,15
743,10
744,107
745,9
746,9
747,36
748,9
749,10
750,9
751,60
752,15
753,23
754,5
755,9
756,13
757,41
758,9
759,10
760,9
761,52
762,36
763,15
764,9
765,107
766,10
767,23
768,9
769,5
770,60
771,9
772,10
773,15
774,41
775,13
776,9
777,36
778,23
779,9
780,10
781,52
782,9
783,15
784,5
785,107
786,9
787,10
788,5
789,60
790,23
791,41
792,9
793,15
794,13
795,10
796,9
797,5
798,9
799,23
800,5
801,15
802,10
803,52
804,107
805,9
806,60
807,41
808,9
809,10
810,13
811,15
812,23
813,5
814,5
815,9
816,10
817,9
818,41
819,15
820,60
821,52
822,23
823,107
824,9
825,10
826,5
827,5
828,13
829,9
830,15
831,10
832,23
833,14
834,14
835,14
836,14
837,9
838,14
839,41
840,14
841,60
842,14
843,5
844,14
845,14
846,15
847,5
848,9
849,33
850,107
851,52
852,14
853,14
854,14
855,23
856,13
857,9
858,14
859,33
860,14
861,15
862,41
863,5
864,14
865,9
866,60
867,14
868,5
869,23
870,14
871,33
872,9
873,107
874,14
875,15
876,52
877,13
878,14
879,5
880,9
881,33
882,41
883,14
884,23
885,5
886,14
887,60
888,15
889,9
890,14
891,33
892,14
893,5
894,107
895,9
896,23
897,13
898,52
899,15
900,14
901,41
902,5
903,33
904,14
905,9
906,13
907,14
908,5
909,15
910,23
911,33
912,9
913,14
914,107
915,41
916,5
917,13
918,14
919,9
920,52
921,33
922,15
923,14
924,13
925,5
926,23
927,9
928,14
929,33
930,5
931,15
932,41
933,14
934,9
935,107
936,13
937,23
938,5
939,14
940,52
941,33
942,13
943,11
944,9
945,11
946,11
947,11
948,11
949,15
950,14
951,11
952,11
953,11
954,5
955,11
956,23
957,41
958,14
959,33
960,11
961,9
962,5
963,11
964,11
965,13
966,107
967,15
968,11
969,14
970,11
971,13
972,9
973,33
974,11
975,52
976,14
977,23
978,5
979,11
980,11
981,5
982,41
983,9
984,15
985,14
986,11
987,33
988,11
989,13
990,14
991,107
992,11
993,23
994,9
995,13
996,5
997,11
998,15
999,5
1000,33
1001,52
1002,14
1003,11
1004,41
1005,9
1006,11
1007,14
1008,5
1009,11
1010,15
1011,33
1012,13
1013,9
1014,13
1015,5
1016,11
1017,107
1018,5
1019,14
1020,11
1021,41
1022,33
1023,52
1024,5
1025,14
1026,9
1027,11
1028,15
1029,11
1030,14
1031,5
1032,5
1033,13
1034,13
1035,9
1036,11
1037,33
1038,107
1039,15
1040,5
1041,65
1042,14
1043,11
1044,9
1045,11
1046,52
1047,33
1048,14
1049,5
1050,5
1051,15
1052,11
1053,5
1054,13
1055,13
1056,9
1057,12
1058,12
1059,12
1060,12
1061,14
1062,12
1063,11
1064,65
1065,12
1066,33
1067,12
1068,107
1069,12
1070,12
1071,12
1072,11
1073,5
1074,14
1075,9
1076,49
1077,12
1078,5
1079,12
1080,66
1081,52
1082,12
1083,11
1084,33
1085,12
1086,13
1087,14
1088,12
1089,13
1090,9
1091,65
1092,11
1093,12
1094,49
1095,12
1096,5
1097,107
1098,40
1099,11
1100,66
1101,12
1102,33
1103,5
1104,9
1105,12
1106,11
1107,12
1108,40
1109,27
1110,49
1111,13
1112,12
1113,65
1114,13
1115,33
1116,5
1117,11
1118,9
1119,12
1120,66
1121,40
1122,12
1123,5
1124,27
1125,11
1126,12
1127,49
1128,47
1129,33
1130,40
1131,12
1132,11
1133,13
1134,5
1135,66
1136,65
1137,27
1138,12
1139,13
1140,11
1141,12
1142,47
1143,40
1144,5
1145,49
1146,33
1147,12
1148,27
1149,11
1150,66
1151,40
1152,12
1153,5
1154,47
1155,13
1156,65
1157,33
1158,11
1159,12
1160,49
1161,13
1162,27
1163,5
1164,40
1165,12
1166,11
1167,47
1168,66
1169,12
1170,27
1171,5
1172,33
1173,51
1174,51
1175,51
1176,40
1177,49
1178,51
1179,51
1180,11
1181,51
1182,12
1183,65
1184,51
1185,13
1186,51
1187,47
1188,51
1189,5
1190,51
1191,12
1192,13
1193,51
1194,11
1195,40
1196,51
1197,27
1198,33
1199,66
1200,51
1201,12
1202,5
1203,49
1204,51
1205,47
1206,51
1207,11
1208,27
1209,40
1210,12
1211,51
1212,65
1213,51
1214,13
1215,5
1216,33
1217,51
1218,11
1219,12
1220,66
1221,47
1222,49
1223,51
1224,13
1225,40
1226,5
1227,51
1228,12
1229,27
1230,11
1231,51
1232,50
1233,12
1234,51
1235,65
1236,47
1237,27
1238,40
1239,5
1240,66
1241,13
1242,49
1243,51
1244,11
1245,12
1246,38
1247,5
1248,13
1249,50
1250,40
1251,38
1252,47
1253,34
1254,12
1255,38
1256,27
1257,49
1258,66
1259,65
1260,5
1261,12
1262,38
1263,34
1264,40
1265,27
1266,13
1267,50
1268,47
1269,5
1270,38
1271,12
1272,38
1273,34
1274,13
1275,49
1276,40
1277,66
1278,38
1279,12
1280,47
1281,5
1282,50
1283,65
1284,27
1285,38
1286,34
1287,5
1288,13
1289,12
1290,40
1291,27
1292,38
1293,49
1294,28
1295,28
1296,28
1297,28
1298,47
1299,28
1300,34
1301,66
1302,28
1303,12
1304,38
1305,28
1306,50
1307,13
1308,28
1309,28
1310,40
1311,28
1312,5
1313,38
1314,65
1315,28
1316,12
1317,5
1318,28
1319,34
1320,28
1321,47
1322,27
1323,38
1324,49
1325,13
1326,28
1327,50
1328,28
1329,66
1330,27
1331,40
1332,12
1333,28
1334,38
1335,34
1336,28
1337,13
1338,28
1339,5
1340,47
1341,38
1342,12
1343,5
1344,65
1345,28
1346,49
1347,40
1348,50
1349,34
1350,28
1351,38
1352,66
1353,13
1354,12
1355,28
1356,27
1357,28
1358,47
1359,38
1360,27
1361,40
1362,34
1363,28
1364,12
1365,5
1366,49
1367,5
1368,50
1369,38
1370,16
1371,28
1372,65
1373,66
1374,28
1375,34
1376,47
1377,24
1378,38
1379,40
1380,28
1381,13
1382,28
1383,27
1384,50
1385,38
1386,49
1387,24
1388,27
1389,34
1390,75
1391,5
1392,28
1393,40
1394,47
1395,65
1396,38
1397,66
1398,16
1399,28
1400,24
1401,34
1402,28
1403,50
1404,38
1405,16
1406,49
1407,45
1408,47
1409,28
1410,24
1411,5
1412,75
1413,38
1414,27
1415,34
1416,66
1417,28
1418,27
1419,3
1420,3
1421,3
1422,65
1423,3
1424,3
1425,3
1426,50
1427,16
1428,24
1429,3
1430,45
1431,28
1432,38
1433,3
1434,49
1435,3
1436,47
1437,3
1438,34
1439,3
1440,28
1441,16
1442,3
1443,38
1444,5
1445,24
1446,3
1447,75
1448,28
1449,66
1450,3
1451,45
1452,3
1453,50
1454,38
1455,3
1456,27
1457,47
1458,34
1459,65
1460,28
1461,27
1462,49
1463,24
1464,3
1465,16
1466,3
1467,28
1468,32
1469,45
1470,3
1471,5
1472,16
1473,34
1474,3
1475,92
1476,24
1477,50
1478,22
1479,75
1480,47
1481,3
1482,32
1483,49
1484,3
1485,22
1486,16
1487,45
1488,3
1489,24
1490,34
1491,27
1492,27
1493,32
1494,22
1495,3
1496,16
1497,50
1498,47
1499,81
1500,92
1501,3
1502,16
1503,75
1504,24
1505,22
1506,32
1507,49
1508,45
1509,3
1510,34
1511,3
1512,22
1513,16
1514,32
1515,47
1516,50
1517,24
1518,3
1519,27
1520,34
1521,92
1522,81
1523,22
1524,27
1525,45
1526,3
1527,16
1528,49
1529,32
1530,75
1531,3
1532,16
1533,24
1534,22
1535,47
1536,3
1537,34
1538,50
1539,32
1540,45
1541,16
1542,22
1543,3
1544,92
1545,26
1546,24
1547,26
1548,26
1549,81
1550,26
1551,26
1552,26
1553,49
1554,26
1555,3
1556,26
1557,22
1558,27
1559,32
1560,26
1561,16
1562,34
1563,27
1564,55
1565,75
1566,26
1567,26
1568,45
1569,3
1570,50
1571,16
1572,24
1573,26
1574,22
1575,26
1576,32
1577,26
1578,3
1579,16
1580,92
1581,26
1582,34
1583,49
1584,81
1585,26
1586,22
1587,55
1588,3
1589,24
1590,26
1591,45
1592,32
1593,26
1594,50
1595,75
1596,3
1597,27
1598,16
1599,22
1600,26
1601,27
1602,34
1603,16
1604,26
1605,24
1606,3
1607,32
1608,26
1609,92
1610,55
1611,49
1612,45
1613,22
1614,16
1615,81
1616,26
1617,3
1618,50
1619,26
1620,34
1621,32
1622,24
1623,22
1624,75
1625,26
1626,3
1627,26
1628,45
1629,16
1630,55
1631,27
1632,16
1633,92
1634,3
1635,93
1636,22
1637,32
1638,26
1639,27
1640,24
1641,34
1642,81
1643,50
1644,16
1645,26
1646,3
1647,22
1648,26
1649,32
1650,45
1651,75
1652,55
1653,3
1654,26
1655,24
1656,34
1657,93
1658,92
1659,22
1660,26
1661,16
1662,50
1663,3
1664,27
1665,16
1666,32
1667,81
1668,26
1669,27
1670,45
1671,16
1672,24
1673,22
1674,55
1675,3
1676,34
1677,26
1678,30
1679,30
1680,30
1681,30
1682,30
1683,32
1684,30
1685,75
1686,30
1687,93
1688,30
1689,26
1690,3
1691,30
1692,92
1693,22
1694,50
1695,30
1696,24
1697,30
1698,45
1699,26
1700,30
1701,34
1702,81
1703,16
1704,30
1705,32
1706,16
1707,3
1708,55
1709,27
1710,30
1711,26
1712,22
1713,16
1714,30
1715,27
1716,30
1717,24
1718,3
1719,26
1720,93
1721,30
1722,75
1723,50
1724,32
1725,45
1726,92
1727,30
1728,22
1729,34
1730,26
1731,30
1732,3
1733,55
1734,30
1735,92
1736,24
1737,26
1738,30
1739,32
1740,22
1741,16
1742,16
1743,3
1744,16
1745,30
1746,27
1747,45
1748,34
1749,93
1750,26
1751,50
1752,30
1753,75
1754,92
1755,27
1756,22
1757,55
1758,30
1759,24
1760,3
1761,32
1762,26
1763,30
1764,92
1765,37
1766,67
1767,30
1768,45
1769,3
1770,22
1771,50
1772,93
1773,16
1774,32
1775,30
1776,24
1777,16
1778,16
1779,37
1780,55
1781,92
1782,30
1783,27
1784,3
1785,91
1786,22
1787,37
1788,30
1789,67
1790,45
1791,27
1792,32
1793,24
1794,92
1795,3
1796,30
1797,37
1798,50
1799,93
1800,22
1801,30
1802,55
1803,16
1804,3
1805,16
1806,32
1807,67
1808,92
1809,37
1810,16
1811,30
1812,29
1813,29
1814,29
1815,29
1816,29
1817,24
1818,45
1819,29
1820,91
1821,29
1822,22
1823,27
1824,29
1825,30
1826,29
1827,37
1828,29
1829,3
1830,29
1831,92
1832,93
1833,30
1834,29
1835,32
1836,55
1837,93
1838,27
1839,29
1840,67
1841,37
1842,29
1843,22
1844,24
1845,30
1846,29
1847,3
1848,45
1849,92
1850,29
1851,16
1852,16
1853,30
1854,37
1855,29
1856,32
1857,16
1858,91
1859,29
1860,22
1861,3
1862,93
1863,30
1864,67
1865,55
1866,29
1867,24
1868,27
1869,92
1870,37
1871,93
1872,29
1873,45
1874,30
1875,29
1876,32
1877,3
1878,22
1879,27
1880,92
1881,29
1882,37
1883,30
1884,29
1885,24
1886,67
1887,16
1888,16
1889,93
1890,55
1891,91
1892,29
1893,3
1894,37
1895,30
1896,16
1897,32
1898,22
1899,93
1900,45
1901,29
1902,92
1903,27
1904,29
1905,88
1906,37
1907,24
1908,3
1909,92
1910,67
1911,29
1912,22
1913,88
1914,32
1915,55
1916,29
1917,93
1918,27
1919,37
1920,45
1921,16
1922,91
1923,16
1924,3
1925,29
1926,88
1927,93
1928,24
1929,92
1930,16
1931,22
1932,29
1933,67
1934,37
1935,32
1936,88
1937,29
1938,3
1939,92
1940,27
1941,55
1942,93
1943,20
1944,45
1945,20
1946,29
1947,20
1948,88
1949,37
1950,20
1951,20
1952,22
1953,20
1954,24
1955,20
1956,20
1957,32
1958,93
1959,29
1960,20
1961,16
1962,3
1963,67
1964,91
1965,27
1966,20
1967,88
1968,16
1969,20
1970,37
1971,92
1972,20
1973,29
1974,20
1975,16
1976,22
1977,20
1978,55
1979,88
1980,92
1981,45
1982,29
1983,3
1984,20
1985,24
1986,93
1987,32
1988,37
1989,20
1990,27
1991,67
1992,20
1993,29
1994,88
1995,93
1996,20
1997,22
1998,20
1999,3
2000,29
2001,37
2002,91
2003,16
2004,92
2005,20
2006,88
2007,24
2008,32
2009,16
2010,55
2011,45
2012,27
2013,20
2014,29
2015,93
2016,92
2017,67
2018,20
2019,16
2020,37
2021,22
2022,3
2023,31
2024,29
2025,20
2026,93
2027,20
2028,32
2029,24
2030,96
2031,29
2032,31
2033,37
2034,20
2035,45
2036,55
2037,3
2038,91
2039,22
2040,16
2041,92
2042,20
2043,67
2044,76
2045,93
2046,16
2047,31
2048,92
2049,20
2050,37
2051,96
2052,64
2053,76
2054,24
2055,3
2056,20
2057,16
2058,22
2059,93
2060,31
2061,45
2062,20
2063,76
2064,55
2065,37
2066,67
2067,20
2068,96
2069,91
2070,64
2071,3
2072,93
2073,31
2074,92
2075,76
2076,16
2077,20
2078,22
2079,24
2080,92
2081,37
2082,16
2083,57
2084,57
2085,57
2086,57
2087,20
2088,57
2089,76
2090,31
2091,57
2092,93
2093,103
2094,57
2095,57
2096,3
2097,96
2098,67
2099,55
2100,57
2101,20
2102,64
2103,16
2104,57
2105,37
2106,57
2107,22
2108,76
2109,57
2110,24
2111,31
2112,20
2113,93
2114,57
2115,57
2116,92
2117,91
2118,76
2119,3
2120,57
2121,20
2122,92
2123,16
2124,96
2125,37
2126,57
2127,103
2128,31
2129,64
2130,67
2131,69
2132,57
2133,20
2134,93
2135,16
2136,55
2137,76
2138,57
2139,24
2140,57
2141,3
2142,20
2143,31
2144,37
2145,57
2146,93
2147,96
2148,16
2149,76
2150,57
2151,20
2152,69
2153,64
2154,92
2155,91
2156,57
2157,103
2158,67
2159,92
2160,31
2161,44
2162,3
2163,16
2164,57
2165,20
2166,37
2167,24
2168,55
2169,93
2170,96
2171,57
2172,20
2173,16
2174,44
2175,57
2176,69
2177,31
2178,64
2179,93
2180,37
2181,57
2182,3
2183,20
2184,67
2185,103
2186,44
2187,96
2188,74
2189,24
2190,96
2191,92
2192,31
2193,92
2194,91
2195,103
2196,20
2197,74
2198,69
2199,93
2200,37
2201,16
2202,64
2203,44
2204,3
2205,74
2206,20
2207,96
2208,31
2209,93
2210,74
2211,67
2212,16
2213,103
2214,24
2215,44
2216,20
2217,37
2218,74
2219,69
2220,3
2221,39
2222,39
2223,103
2224,39
2225,31
2226,64
2227,39
2228,39
2229,92
2230,74
2231,92
2232,39
2233,20
2234,96
2235,39
2236,91
2237,44
2238,39
2239,93
2240,39
2241,96
2242,74
2243,39
2244,37
2245,39
2246,19
2247,16
2248,20
2249,24
2250,39
2251,93
2252,31
2253,69
2254,103
2255,74
2256,39
2257,3
2258,44
2259,39
2260,64
2261,96
2262,39
2263,16
2264,74
2265,20
2266,103
2267,39
2268,56
2269,31
2270,39
2271,44
2272,92
2273,74
2274,92
2275,39
2276,69
2277,20
2278,93
2279,3
2280,19
2281,19
2282,91
2283,39
2284,96
2285,74
2286,103
2287,93
2288,39
2289,64
2290,56
2291,44
2292,31
2293,96
2294,16
2295,20
2296,39
2297,74
2298,39
2299,103
2300,3
2301,69
2302,39
2303,20
2304,44
2305,61
2306,16
2307,96
2308,19
2309,19
2310,31
2311,56
2312,39
2313,92
2314,92
2315,93
2316,64
2317,61
2318,103
2319,39
2320,20
2321,91
2322,93
2323,44
2324,3
2325,39
2326,69
2327,61
2328,96
2329,31
2330,56
2331,39
2332,103
2333,16
2334,20
2335,19
2336,96
2337,44
2338,39
2339,19
2340,61
2341,64
2342,39
2343,3
2344,31
2345,20
2346,103
2347,92
2348,97
2349,93
2350,61
2351,56
2352,92
2353,69
2354,96
2355,39
2356,93
2357,44
2358,91
2359,61
2360,39
2361,59
2362,19
2363,103
2364,31
2365,43
2366,43
2367,64
2368,43
2369,43
2370,19
2371,43
2372,3
2373,43
2374,39
2375,96
2376,43
2377,44
2378,56
2379,16
2380,61
2381,43
2382,43
2383,69
2384,59
2385,43
2386,39
2387,103
2388,43
2389,96
2390,43
2391,93
2392,92
2393,31
2394,61
2395,43
2396,39
2397,93
2398,44
2399,92
2400,43
2401,97
2402,59
2403,19
2404,3
2405,64
2406,56
2407,43
2408,39
2409,96
2410,103
2411,19
2412,61
2413,43
2414,91
2415,69
2416,43
2417,31
2418,39
2419,59
2420,44
2421,43
2422,103
2423,61
2424,43
2425,16
2426,96
2427,56
2428,39
2429,3
2430,43
2431,93
2432,64
2433,19
2434,92
2435,43
2436,59
2437,93
2438,61
2439,31
2440,44
2441,39
2442,69
2443,19
2444,43
2445,92
2446,96
2447,103
2448,97
2449,43
2450,39
2451,61
2452,56
2453,59
2454,91
2455,3
2456,43
2457,103
2458,96
2459,44
2460,31
2461,43
2462,39
2463,64
2464,19
2465,61
2466,69
2467,43
2468,59
2469,97
2470,93
2471,93
2472,39
2473,96
2474,19
2475,92
2476,56
2477,43
2478,44
2479,103
2480,3
2481,61
2482,31
2483,92
2484,43
2485,58
2486,59
2487,103
2488,43
2489,64
2490,96
2491,97
2492,19
2493,69
2494,61
2495,91
2496,58
2497,44
2498,56
2499,43
2500,31
2501,96
2502,59
2503,3
2504,19
2505,43
2506,58
2507,93
2508,93
2509,61
2510,48
2511,48
2512,48
2513,48
2514,48
2515,97
2516,92
2517,103
2518,48
2519,43
2520,48
2521,44
2522,48
2523,96
2524,64
2525,48
2526,58
2527,69
2528,59
2529,56
2530,48
2531,92
2532,103
2533,31
2534,43
2535,19
2536,61
2537,48
2538,48
2539,3
2540,48
2541,58
2542,43
2543,48
2544,44
2545,97
2546,19
2547,91
2548,48
2549,59
2550,96
2551,61
2552,43
2553,48
2554,93
2555,58
2556,56
2557,31
2558,93
2559,48
2560,64
2561,69
2562,103
2563,96
2564,48
2565,92
2566,43
2567,19
2568,61
2569,44
2570,3
2571,97
2572,103
2573,48
2574,59
2575,58
2576,48
2577,43
2578,92
2579,96
2580,48
2581,31
2582,19
2583,56
2584,61
2585,58
2586,43
2587,48
2588,59
2589,69
2590,44
2591,21
2592,91
2593,48
2594,97
2595,3
2596,93
2597,43
2598,103
2599,93
2600,58
2601,48
2602,19
2603,70
2604,96
2605,103
2606,31
2607,92
2608,48
2609,43
2610,59
2611,56
2612,44
2613,96
2614,48
2615,58
2616,97
2617,19
2618,21
2619,92
2620,70
2621,71
2622,48
2623,21
2624,3
2625,96
2626,59
2627,31
2628,58
2629,48
2630,71
2631,19
2632,44
2633,93
2634,56
2635,103
2636,48
2637,70
2638,91
2639,93
2640,103
2641,97
2642,71
2643,58
2644,48
2645,92
2646,59
2647,21
2648,19
2649,21
2650,31
2651,21
2652,96
2653,48
2654,70
2655,73
2656,44
2657,73
2658,71
2659,73
2660,73
2661,73
2662,58
2663,73
2664,97
2665,56
2666,73
2667,92
2668,48
2669,96
2670,73
2671,19
2672,73
2673,73
2674,59
2675,71
2676,73
2677,48
2678,103
2679,70
2680,62
2681,73
2682,96
2683,58
2684,103
2685,31
2686,73
2687,44
2688,21
2689,21
2690,93
2691,48
2692,73
2693,71
2694,91
2695,21
2696,73
2697,19
2698,56
2699,59
2700,97
2701,73
2702,92
2703,48
2704,58
2705,70
2706,73
2707,71
2708,19
2709,73
2710,48
2711,44
2712,31
2713,73
2714,96
2715,92
2716,97
2717,58
2718,21
2719,21
2720,71
2721,73
2722,70
2723,59
2724,103
2725,48
2726,62
2727,96
2728,103
2729,56
2730,73
2731,21
2732,93
2733,19
2734,73
2735,48
2736,71
2737,96
2738,58
2739,44
2740,91
2741,77
2742,31
2743,70
2744,59
2745,19
2746,92
2747,48
2748,77
2749,21
2750,71
2751,97
2752,21
2753,77
2754,58
2755,56
2756,48
2757,44
2758,77
2759,70
2760,21
2761,62
2762,92
2763,103
2764,71
2765,62
2766,31
2767,59
2768,97
2769,77
2770,48
2771,19
2772,96
2773,58
2774,93
2775,77
2776,96
2777,21
2778,71
2779,19
2780,48
2781,70
2782,56
2783,21
2784,77
2785,44
2786,85
2787,96
2788,59
2789,92
2790,58
2791,31
2792,77
2793,87
2794,71
2795,21
2796,97
2797,103
2798,62
2799,77
2800,79
2801,79
2802,70
2803,79
2804,79
2805,79
2806,19
2807,87
2808,79
2809,62
2810,58
2811,79
2812,92
2813,21
2814,79
2815,44
2816,56
2817,71
2818,77
2819,59
2820,79
2821,79
2822,19
2823,97
2824,21
2825,93
2826,79
2827,87
2828,31
2829,77
2830,79
2831,70
2832,79
2833,96
2834,58
2835,71
2836,79
2837,21
2838,77
2839,96
2840,87
2841,79
2842,92
2843,85
2844,59
2845,44
2846,79
2847,96
2848,56
2849,77
2850,21
2851,103
2852,79
2853,62
2854,19
2855,71
2856,70
2857,58
2858,87
2859,100
2860,31
2861,21
2862,62
2863,97
2864,77
2865,19
2866,100
2867,92
2868,100
2869,59
2870,87
2871,71
2872,44
2873,77
2874,93
2875,100
2876,21
2877,58
2878,97
2879,70
2880,56
2881,100
2882,21
2883,100
2884,87
2885,31
2886,100
2887,71
2888,92
2889,103
2890,96
2891,19
2892,21
2893,85
2894,59
2895,100
2896,62
2897,100
2898,96
2899,58
2900,44
2901,19
2902,70
2903,87
2904,100
2905,96
2906,62
2907,71
2908,100
2909,100
2910,21
2911,56
2912,97
2913,92
2914,31
2915,21
2916,87
2917,58
2918,100
2919,93
2920,59
2921,100
2922,70
2923,100
2924,71
2925,44
2926,21
2927,97
2928,100
2929,100
2930,42
2931,19
2932,100
2933,19
2934,62
2935,92
2936,58
2937,100
2938,56
2939,85
2940,71
2941,31
2942,100
2943,59
2944,70
2945,21
2946,62
2947,100
2948,21
2949,96
2950,100
2951,100
2952,100
2953,100
2954,100
2955,96
2956,100
2957,83
2958,100
2959,100
2960,100
2961,96
2962,100
2963,58
2964,100
2965,100
2966,21
2967,71
2968,100
2969,94
2970,93
2971,100
2972,100
2973,97
2974,100
2975,70
2976,86
2977,100
2978,100
2979,19
2980,100
2981,42
2982,80
2983,56
2984,19
2985,104
2986,97
2987,100
2988,62
2989,58
2990,100
2991,104
2992,83
2993,21
2994,71
2995,21
2996,100
2997,94
2998,104
2999,104
3000,100
3001,62
3002,70
3003,85
3004,104
3005,86
3006,21
3007,100
3008,100
3009,104
3010,104
3011,100
3012,58
3013,80
3014,56
3015,104
3016,96
3017,96
3018,83
3019,93
3020,104
3021,42
3022,94
3023,104
3024,96
3025,100
3026,42
3027,100
3028,21
3029,42
3030,70
3031,104
3032,97
3033,21
3034,100
3035,86
3036,104
3037,62
3038,58
3039,104
3040,100
3041,97
3042,104
3043,100
3044,21
3045,94
3046,80
3047,104
3048,62
3049,82
3050,83
3051,104
3052,100
3053,100
3054,70
3055,85
3056,104
3057,104
3058,58
3059,21
3060,86
3061,100
3062,42
3063,42
3064,104
3065,95
3066,42
3067,104
3068,21
3069,104
3070,100
3071,94
3072,104
3073,80
3074,96
3075,96
3076,83
3077,62
3078,70
3079,96
3080,100
3081,21
3082,101
3083,82
3084,104
3085,104
3086,104
3087,97
3088,86
3089,104
3090,94
3091,100
3092,62
3093,21
3094,104
3095,97
3096,104
3097,104
3098,104
3099,104
3100,100
3101,104
3102,104
3103,104
3104,104
3105,104
3106,42
3107,104
3108,70
3109,101
3110,42
3111,104
3112,80
3113,83
3114,21
3115,85
3116,104
3117,104
3118,108
3119,42
3120,108
3121,82
3122,86
3123,95
3124,100
3125,108
3126,21
3127,104
3128,100
3129,104
3130,108
3131,104
3132,108
3133,62
3134,94
3135,108
3136,101
3137,104
3138,21
3139,70
3140,108
3141,104
3142,96
3143,104
3144,96
3145,96
3146,104
3147,108
3148,100
3149,83
3150,80
3151,108
3152,62
3153,97
3154,108
3155,94
3156,86
3157,42
3158,21
3159,42
3160,108
3161,82
3162,97
3163,104
3164,108
3165,104
3166,101
3167,108
3168,21
3169,42
3170,104
3171,70
3172,108
3173,101
3174,85
3175,108
3176,95
3177,104
3178,108
3179,21
3180,83
3181,104
3182,62
3183,80
3184,86
3185,108
3186,108
3187,94
3188,104
3189,101
3190,108
3191,108
3192,101
3193,82
3194,101
3195,108
3196,42
3197,21
3198,104
3199,108
3200,62
3201,42
3202,21
3203,94
3204,96
3205,96
3206,108
3207,108
3208,108
3209,96
3210,104
3211,97
3212,83
3213,42
3214,86
3215,108
3216,21
3217,101
3218,80
3219,104
3220,97
3221,105
3222,108
3223,108
3224,108
3225,101
3226,95
3227,85
3228,62
3229,82
3230,104
3231,108
3232,108
3233,104
3234,108
3235,21
3236,42
3237,108
3238,94
3239,101
3240,105
3241,21
3242,108
3243,83
3244,108
3245,86
3246,108
3247,108
3248,108
3249,42
3250,108
3251,108
3252,62
3253,112
3254,108
3255,80
3256,101
3257,112
3258,21
3259,104
3260,112
3261,108
3262,108
3263,112
3264,94
3265,42
3266,108
3267,112
3268,108
3269,112
3270,105
3271,96
3272,82
3273,96
3274,112
3275,101
3276,97
3277,112
3278,112
3279,96
3280,108
3281,97
3282,101
3283,108
3284,108
3285,104
3286,112
3287,83
3288,62
3289,95
3290,112
3291,112
3292,21
3293,101
3294,21
3295,94
3296,42
3297,112
3298,80
3299,108
3300,108
3301,105
3302,112
3303,112
3304,21
3305,42
3306,105
3307,108
3308,94
3309,112
3310,104
3311,95
3312,112
3313,112
3314,82
3315,108
3316,42
3317,101
3318,108
3319,112
3320,83
3321,101
3322,94
3323,112
3324,112
3325,108
3326,105
3327,112
3328,105
3329,80
3330,112
3331,105
3332,21
3333,21
3334,112
3335,62
3336,108
3337,96
3338,42
3339,97
3340,112
3341,95
3342,21
3343,96
3344,97
3345,112
3346,96
3347,108
3348,112
3349,112
3350,101
3351,42
3352,101
3353,94
3354,82
3355,105
3356,101
3357,108
3358,109
3359,112
3360,112
3361,112
3362,105
3363,95
3364,94
3365,112
3366,42
3367,80
3368,108
3369,112
3370,112
3371,108
3372,94
3373,21
3374,112
3375,21
3376,105
3377,109
3378,21
3379,112
3380,101
3381,101
3382,42
3383,62
3384,112
3385,101
3386,105
3387,112
3388,82
3389,112
3390,112
3391,108
3392,112
3393,112
3394,108
3395,112
3396,95
3397,112
3398,112
3399,42
3400,116
3401,116
3402,112
3403,112
3404,97
3405,96
3406,116
3407,97
3408,109
3409,116
3410,80
3411,96
3412,105
3413,116
3414,94
3415,112
3416,112
3417,116
3418,105
3419,112
3420,108
3421,96
3422,42
3423,112
3424,95
3425,101
3426,116
3427,116
3428,21
3429,105
3430,94
3431,116
3432,21
3433,21
3434,116
3435,101
3436,112
3437,112
3438,116
3439,109
3440,82
3441,42
3442,116
3443,94
3444,109
3445,116
3446,112
3447,108
3448,95
3449,116
3450,116
3451,80
3452,112
3453,42
3454,116
3455,105
3456,112
3457,101
3458,95
3459,105
3460,116
3461,116
3462,112
3463,109
3464,116
3465,112
3466,108
3467,101
3468,109
3469,21
3470,21
3471,116
3472,97
3473,42
3474,112
3475,116
3476,97
3477,53
3478,21
3479,95
3480,82
3481,94
3482,116
3483,53
3484,116
3485,112
3486,116
3487,105
3488,42
3489,116
3490,94
3491,105
3492,109
3493,101
3494,84
3495,112
3496,105
3497,113
3498,116
3499,116
3500,116
3501,109
3502,94
3503,95
3504,42
3505,116
3506,112
3507,101
3508,116
3509,112
3510,116
3511,95
3512,116
3513,21
3514,21
3515,109
3516,113
3517,105
3518,82
3519,105
3520,116
3521,21
3522,116
3523,42
3524,105
3525,109
3526,112
3527,116
3528,101
3529,112
3530,116
3531,95
3532,42
3533,116
3534,116
3535,116
3536,116
3537,97
3538,97
3539,116
3540,116
3541,116
3542,116
3543,94
3544,53
3545,113
3546,116
3547,109
3548,101
3549,116
3550,120
3551,94
3552,116
3553,116
3554,53
3555,120
3556,116
3557,112
3558,116
3559,109
3560,120
3561,42
3562,95
3563,105
3564,120
3565,94
3566,109
3567,116
3568,21
3569,120
3570,84
3571,101
3572,21
3573,105
3574,120
3575,116
3576,116
3577,113
3578,120
3579,120
3580,101
3581,21
3582,116
3583,95
3584,113
3585,120
3586,112
3587,42
3588,120
3589,120
3590,116
3591,101
3592,116
3593,109
3594,42
3595,120
3596,105
3597,95
3598,109
3599,120
3600,120
3601,116
3602,113
3603,116
3604,120
3605,112
3606,113
3607,105
3608,116
3609,97
3610,120
3611,120
3612,21
3613,94
3614,53
3615,101
3616,42
3617,21
3618,95
3619,94
3620,53
3621,120
3622,101
3623,116
3624,116
3625,120
3626,120
3627,109
3628,94
3629,21
3630,109
3631,53
3632,113
3633,116
3634,105
3635,112
3636,109
3637,120
3638,120
3639,120
3640,113
3641,95
3642,42
3643,120
3644,84
3645,42
3646,116
3647,105
3648,120
3649,116
3650,120
3651,120
3652,95
3653,117
3654,113
3655,101
3656,21
3657,120
3658,109
3659,109
3660,101
3661,120
3662,21
3663,42
3664,116
3665,120
3666,113
3667,109
3668,116
3669,120
3670,105
3671,95
3672,120
3673,120
3674,21
3675,97
3676,94
3677,120
3678,120
3679,120
3680,120
3681,117
3682,53
3683,120
3684,94
3685,113
3686,120
3687,120
3688,120
3689,105
3690,120
3691,120
3692,116
3693,120
3694,53
3695,94
3696,116
3697,120
3698,113
3699,120
3700,109
3701,42
3702,120
3703,42
3704,120
3705,113
3706,120
3707,95
3708,53
3709,101
3710,120
3711,120
3712,120
3713,105
3714,101
3715,109
3716,120
3717,117
3718,124
3719,120
3720,113
3721,105
3722,116
3723,124
3724,21
3725,95
3726,84
3727,120
3728,120
3729,124
3730,42
3731,120
3732,124
3733,105
3734,113
3735,120
3736,21
3737,124
3738,113
3739,109
3740,120
3741,95
3742,120
3743,117
3744,124
3745,116
3746,124
3747,120
3748,117
3749,124
3750,109
3751,94
3752,89
3753,94
3754,101
3755,124
3756,120
3757,105
3758,42
3759,124
3760,120
3761,53
3762,101
3763,42
3764,94
3765,105
3766,124
3767,120
3768,113
3769,117
3770,113
3771,116
3772,53
3773,124
3774,95
3775,124
3776,21
3777,120
3778,109
3779,109
3780,124
3781,117
3782,120
3783,53
3784,95
3785,124
3786,42
3787,124
3788,120
3789,120
3790,21
3791,109
3792,124
3793,116
3794,117
3795,124
3796,95
3797,113
3798,105
3799,84
3800,113
3801,101
3802,124
3803,120
3804,124
3805,105
3806,120
3807,117
3808,101
3809,124
3810,113
3811,124
3812,42
3813,109
3814,124
3815,124
3816,42
3817,121
3818,124
3819,124
3820,124
3821,124
3822,124
3823,94
3824,94
3825,101
3826,117
3827,124
3828,124
3829,124
3830,89
3831,120
3832,94
3833,120
3834,124
3835,109
3836,124
3837,124
3838,53
3839,124
3840,117
3841,95
3842,124
3843,113
3844,124
3845,117
3846,124
3847,124
3848,124
3849,21
3850,42
3851,124
3852,53
3853,121
3854,120
3855,95
3856,105
3857,124
3858,113
3859,105
3860,105
3861,120
3862,124
3863,117
3864,124
3865,124
3866,109
3867,124
3868,124
3869,101
3870,53
3871,95
3872,124
3873,124
3874,124
3875,120
3876,117
3877,42
3878,124
3879,109
3880,117
3881,121
3882,113
3883,124
3884,120
3885,124
3886,101
3887,124
3888,42
3889,84
3890,117
3891,128
3892,124
3893,124
3894,113
3895,128
3896,124
3897,94
3898,94
3899,124
3900,105
3901,109
3902,94
3903,128
3904,124
3905,21
3906,124
3907,89
3908,121
3909,120
3910,105
3911,109
3912,42
3913,95
3914,117
3915,128
3916,117
3917,53
3918,128
3919,113
3920,128
3921,113
3922,95
3923,124
3924,121
3925,101
3926,124
3927,124
3928,128
3929,53
3930,128
3931,95
3932,120
3933,42
3934,128
3935,113
3936,121
3937,101
3938,124
3939,124
3940,124
3941,128
3942,128
3943,117
3944,117
3945,53
3946,109
3947,95
3948,121
3949,105
3950,109
3951,128
3952,128
3953,128
3954,128
3955,124
3956,117
3957,128
3958,128
3959,128
3960,105
3961,120
3962,128
3963,128
3964,113
3965,124
3966,101
3967,128
3968,128
3969,121
3970,124
3971,132
3972,132
3973,42
3974,128
3975,84
3976,94
3977,128
3978,132
3979,105
3980,94
3981,124
3982,94
3983,113
3984,132
3985,117
3986,95
3987,132
3988,121
3989,117
3990,124
3991,128
3992,89
3993,132
3994,128
3995,125
3996,95
3997,124
3998,132
3999,128
4000,121
4001,132
4002,101
4003,42
4004,132
4005,53
4006,117
4007,109
4008,109
4009,95
4010,132
4011,128
4012,109
4013,124
4014,132
4015,113
4016,132
4017,128
4018,53
4019,105
4020,132
4021,121
4022,125
4023,124
4024,121
4025,95
4026,128
4027,132
4028,113
4029,132
4030,117
4031,101
4032,121
4033,132
4034,124
4035,132
4036,105
4037,128
4038,132
4039,53
4040,132
4041,42
4042,117
4043,124
4044,132
4045,132
4046,125
4047,113
4048,109
4049,94
4050,121
4051,132
4052,132
4053,94
4054,121
4055,124
4056,128
4057,95
4058,113
4059,101
4060,132
4061,94
4062,109
4063,121
4064,132
4065,42
4066,95
4067,117
4068,84
4069,113
4070,89
4071,132
4072,132
4073,124
4074,105
4075,132
4076,95
4077,128
4078,125
4079,128
4080,136
4081,53
4082,136
4083,117
4084,136
4085,136
4086,136
4087,132
4088,136
4089,132
4090,95
4091,121
4092,136
4093,101
4094,136
4095,136
4096,121
4097,105
4098,136
4099,125
4100,136
4101,128
4102,124
4103,136
4104,136
4105,132
4106,113
4107,136
4108,128
4109,53
4110,113
4111,109
4112,117
4113,125
4114,136
4115,132
4116,42
4117,136
4118,136
4119,117
4120,109
4121,136
4122,136
4123,128
4124,105
4125,136
4126,136
4127,121
4128,136
4129,132
4130,124
4131,125
4132,117
4133,53
4134,128
4135,101
4136,109
4137,136
4138,136
4139,121
4140,94
4141,136
4142,95
4143,94
4144,136
4145,125
4146,95
4147,132
4148,94
4149,136
4150,136
4151,132
4152,136
4153,121
4154,95
4155,136
4156,105
4157,128
4158,113
4159,113
4160,101
4161,72
4162,136
4163,125
4164,136
4165,84
4166,109
4167,95
4168,117
4169,125
4170,121
4171,136
4172,140
4173,132
4174,132
4175,136
4176,125
4177,121
4178,109
4179,140
4180,53
4181,117
4182,42
4183,136
4184,140
4185,128
4186,136
4187,105
4188,132
4189,129
4190,132
4191,140
4192,109
4193,121
4194,140
4195,53
4196,136
4197,140
4198,125
4199,101
4200,140
4201,121
4202,140
4203,140
4204,140
4205,125
4206,140
4207,136
4208,140
4209,113
4210,140
4211,140
4212,140
4213,128
4214,113
4215,140
4216,117
4217,132
4218,140
4219,121
4220,95
4221,136
4222,94
4223,140
4224,129
4225,140
4226,113
4227,95
4228,105
4229,140
4230,94
4231,117
4232,140
4233,140
4234,101
4235,53
4236,95
4237,140
4238,136
4239,140
4240,94
4241,109
4242,140
4243,136
4244,125
4245,121
4246,132
4247,140
4248,95
4249,140
4250,140
4251,125
4252,132
4253,125
4254,140
4255,72
4256,140
4257,129
4258,140
4259,136
4260,136
4261,140
4262,105
4263,102
4264,140
4265,109
4266,121
4267,140
4268,68
4269,140
4270,117
4271,117
4272,132
4273,113
4274,132
4275,144
4276,53
4277,140
4278,121
4279,140
4280,140
4281,136
4282,101
4283,125
4284,144
4285,125
4286,113
4287,144
4288,129
4289,125
4290,140
4291,121
4292,140
4293,109
4294,144
4295,132
4296,140
4297,53
4298,109
4299,144
4300,132
4301,136
4302,144
4303,105
4304,95
4305,140
4306,95
4307,121
4308,144
4309,144
4310,94
4311,144
4312,144
4313,144
4314,144
4315,95
4316,144
4317,144
4318,129
4319,144
4320,140
4321,94
4322,144
4323,125
4324,144
4325,129
4326,144
4327,117
4328,117
4329,144
4330,95
4331,136
4332,140
4333,136
4334,144
4335,109
4336,121
4337,144
4338,144
4339,144
4340,105
4341,113
4342,94
4343,125
4344,133
4345,53
4346,144
4347,144
4348,102
4349,121
4350,144
4351,140
4352,140
4353,144
4354,144
4355,113
4356,144
4357,144
4358,72
4359,136
4360,136
4361,144
4362,129
4363,125
4364,129
4365,144
4366,102
4367,144
4368,144
4369,144
4370,125
4371,140
4372,109
4373,144
4374,133
4375,113
4376,144
4377,144
4378,144
4379,68
4380,72
4381,125
4382,144
4383,136
4384,117
4385,144
4386,105
4387,144
4388,121
4389,136
4390,117
4391,140
4392,148
4393,148
4394,148
4395,148
4396,148
4397,144
4398,148
4399,148
4400,121
4401,148
4402,148
4403,144
4404,133
4405,148
4406,117
4407,129
4408,148
4409,148
4410,95
4411,109
4412,144
4413,148
4414,133
4415,95
4416,148
4417,95
4418,144
4419,148
4420,144
4421,125
4422,125
4423,140
4424,94
4425,148
4426,148
4427,105
4428,140
4429,53
4430,148
4431,95
4432,113
4433,136
4434,148
4435,148
4436,148
4437,94
4438,148
4439,144
4440,144
4441,148
4442,148
4443,102
4444,125
4445,148
4446,148
4447,148
4448,148
4449,148
4450,148
4451,148
4452,148
4453,133
4454,148
4455,148
4456,148
4457,140
4458,148
4459,140
4460,137
4461,94
4462,148
4463,129
4464,144
4465,148
4466,148
4467,121
4468,113
4469,109
4470,121
4471,148
4472,144
4473,148
4474,148
4475,106
4476,148
4477,148
4478,148
4479,121
4480,136
4481,117
4482,148
4483,53
4484,148
4485,129
4486,148
4487,148
4488,148
4489,148
4490,148
4491,148
4492,148
4493,144
4494,148
4495,148
4496,148
4497,148
4498,148
4499,125
4500,148
4501,140
4502,148
4503,72
4504,148
4505,148
4506,148
4507,148
4508,117
4509,148
4510,144
4511,140
4512,148
4513,105
4514,148
4515,148
4516,148
4517,148
4518,148
4519,148
4520,148
4521,148
4522,133
4523,148
4524,137
4525,148
4526,148
4527,148
4528,148
4529,148
4530,148
4531,148
4532,148
4533,148
4534,125
4535,109
4536,148
4537,148
4538,148
4539,148
4540,148
4541,148
4542,148
4543,136
4544,148
4545,129
4546,148
4547,148
4548,148
4549,148
4550,148
4551,148
4552,148
4553,148
4554,148
4555,113
4556,148
4557,148
4558,144
4559,148
4560,148
4561,144
4562,148
4563,148
4564,148
4565,148
4566,148
4567,148
4568,148
4569,148
4570,148
4571,148
4572,148
4573,148
4574,148
4575,148
4576,148
4577,72
4578,148
4579,148
4580,148
4581,148
4582,148
4583,148
4584,148
4585,148
4586,148
4587,148
4588,109
4589,148
4590,148
4591,148
4592,148
4593,148
4594,148
4595,140
4596,148
4597,148
4598,148
4599,68
4600,148
4601,148
4602,129
4603,95
4604,148
4605,148
4606,148
4607,95
4608,121
4609,148
4610,148
4611,95
4612,148
4613,121
4614,121
4615,148
4616,148
4617,102
4618,148
4619,144
4620,137
4621,148
4622,148
4623,148
4624,144
4625,94
4626,148
4627,125
4628,133
4629,141
4630,117
4631,148
4632,113
4633,148
4634,148
4635,102
4636,148
4637,109
4638,148
4639,148
4640,140
4641,133
4642,94
4643,53
4644,125
4645,148
4646,148
4647,148
4648,144
4649,148
4650,117
4651,106
4652,148
4653,144
4654,148
4655,148
4656,148
4657,129
4658,137
4659,94
4660,141
4661,148
4662,148
4663,105
4664,144
4665,133
4666,140
4667,113
4668,117
4669,148
4670,148
4671,121
4672,125
4673,144
4674,148
4675,125
4676,148
4677,121
4678,133
4679,53
4680,148
4681,72
4682,109
4683,144
4684,125
4685,117
4686,141
4687,140
4688,137
4689,148
4690,148
4691,113
4692,144
4693,129
4694,137
4695,95
4696,95
4697,148
4698,102
4699,117
4700,148
4701,109
4702,148
4703,95
4704,72
4705,102
4706,133
4707,144
4708,141
4709,148
4710,94
4711,125
4712,144
4713,68
4714,125
4715,121
4716,106
4717,137
4718,148
4719,148
4720,129
4721,148
4722,117
4723,121
4724,113
4725,94
4726,137
4727,106
4728,129
4729,148
4730,53
4731,144
4732,148
4733,144
4734,121
4735,141
4736,94
4737,133
4738,109
4739,141
4740,148
4741,113
4742,148
4743,117
4744,144
4745,125
4746,125
4747,145
4748,137
4749,129
4750,148
4751,125
4752,109
4753,141
4754,72
4755,133
4756,53
4757,148
4758,121
4759,102
4760,102
4761,141
4762,95
4763,144
4764,148
4765,106
4766,117
4767,133
4768,95
4769,145
4770,106
4771,113
4772,121
4773,148
4774,148
4775,137
4776,141
4777,72
4778,94
4779,110
4780,148
4781,125
4782,129
4783,125
4784,148
4785,141
4786,133
4787,145
4788,148
4789,117
4790,117
4791,94
4792,125
4793,68
4794,109
4795,137
4796,145
4797,148
4798,121
4799,137
4800,148
4801,72
4802,113
4803,94
4804,145
4805,141
4806,117
4807,121
4808,148
4809,129
4810,129
4811,148
4812,133
4813,145
4814,113
4815,102
4816,125
4817,102
4818,137
4819,106
4820,95
4821,72
4822,106
4823,145
4824,141
4825,125
4826,148
4827,149
4828,95
4829,121
4830,53
4831,110
4832,141
4833,117
4834,121
4835,145
4836,94
4837,109
4838,148
4839,145
4840,133
4841,133
4842,72
4843,149
4844,137
4845,129
4846,141
4847,113
4848,121
4849,117
4850,125
4851,94
4852,148
4853,141
4854,145
4855,149
4856,125
4857,149
4858,68
4859,113
4860,94
4861,121
4862,72
4863,133
4864,137
4865,106
4866,106
4867,125
4868,141
4869,133
4870,102
4871,110
4872,145
4873,149
4874,117
4875,129
4876,145
4877,149
4878,102
4879,110
4880,125
4881,114
4882,72
4883,95
4884,121
4885,149
4886,117
4887,125
4888,113
4889,149
4890,141
4891,137
4892,145
4893,145
4894,68
4895,94
4896,137
4897,133
4898,149
4899,117
4900,129
4901,121
4902,125
4903,72
4904,94
4905,149
4906,145
4907,129
4908,145
4909,117
4910,149
4911,141
4912,141
4913,106
4914,110
4915,106
4916,137
4917,121
4918,110
4919,102
4920,125
4921,94
4922,68
4923,149
4924,133
4925,121
4926,114
4927,72
4928,102
4929,149
4930,133
4931,145
4932,113
4933,141
4934,125
4935,95
4936,149
4937,121
4938,141
4939,72
4940,129
4941,117
4942,137
4943,149
4944,94
4945,133
4946,117
4947,145
4948,125
4949,125
4950,149
4951,68
4952,145
4953,133
4954,94
4955,72
4956,141
4957,121
4958,110
4959,110
4960,149
4961,110
4962,106
4963,114
4964,149
4965,125
4966,137
4967,129
4968,106
4969,145
4970,113
4971,121
4972,137
4973,94
4974,102
4975,145
4976,117
4977,149
4978,149
4979,68
4980,125
4981,141
4982,72
4983,133
4984,125
4985,102
4986,117
4987,149
4988,141
4989,72
4990,149
4991,121
4992,145
4993,129
4994,94
4995,125
4996,137
4997,110
4998,141
4999,114
5000,121
5001,110
5002,149
5003,114
5004,106
5005,68
5006,118
5007,94
5008,133
5009,129
5010,149
5011,141
5012,72
5013,106
5014,117
5015,145
5016,125
5017,121
5018,102
5019,133
5020,149
5021,137
5022,145
5023,149
5024,90
5025,125
5026,121
5027,102
5028,145
5029,137
5030,141
5031,68
5032,125
5033,78
5034,129
5035,149
5036,149
5037,114
5038,94
5039,110
5040,114
5041,72
5042,145
5043,125
5044,118
5045,137
5046,110
5047,133
5048,117
5049,106
5050,145
5051,121
5052,125
5053,149
5054,141
5055,106
5056,94
5057,137
5058,121
5059,68
5060,72
5061,129
5062,145
5063,106
5064,125
5065,141
5066,149
5067,149
5068,90
5069,133
5070,125
5071,102
5072,141
5073,118
5074,114
5075,118
5076,114
5077,129
5078,137
5079,117
5080,145
5081,110
5082,78
5083,121
5084,149
5085,149
5086,102
5087,68
5088,133
5089,110
5090,141
5091,121
5092,72
5093,125
5094,145
5095,106
5096,133
5097,149
5098,94
5099,145
5100,125
5101,149
5102,137
5103,106
5104,129
5105,68
5106,78
5107,141
5108,118
5109,118
5110,133
5111,122
5112,114
5113,102
5114,145
5115,121
5116,90
5117,114
5118,149
5119,149
5120,125
5121,137
5122,110
5123,125
5124,141
5125,110
5126,125
5127,102
5128,141
5129,78
5130,129
5131,72
5132,106
5133,149
5134,145
5135,68
5136,149
5137,133
5138,102
5139,137
5140,106
5141,118
5142,122
5143,118
5144,121
5145,141
5146,114
5147,125
5148,149
5149,125
5150,145
5151,114
5152,145
5153,149
5154,129
5155,78
5156,106
5157,68
5158,114
5159,133
5160,90
5161,133
5162,110
5163,149
5164,137
5165,102
5166,141
5167,149
5168,145
5169,110
5170,145
5171,122
5172,121
5173,122
5174,125
5175,78
5176,78
5177,118
5178,125
5179,129
5180,118
5181,68
5182,106
5183,133
5184,102
5185,137
5186,114
5187,149
5188,137
5189,141
5190,149
5191,145
5192,114
5193,106
5194,78
5195,110
5196,90
5197,68
5198,149
5199,125
5200,126
5201,129
5202,122
5203,129
5204,122
5205,133
5206,102
5207,149
5208,110
5209,137
5210,118
5211,141
5212,145
5213,141
5214,118
5215,149
5216,78
5217,114
5218,110
5219,78
5220,102
5221,149
5222,114
5223,68
5224,145
5225,129
5226,133
5227,125
5228,145
5229,133
5230,137
5231,141
5232,106
5233,126
5234,122
5235,114
5236,122
5237,78
5238,122
5239,102
5240,149
5241,110
5242,68
5243,118
5244,106
5245,149
5246,145
5247,118
5248,141
5249,137
5250,137
5251,133
5252,110
5253,129
5254,125
5255,149
5256,114
5257,78
5258,126
5259,102
5260,78
5261,126
5262,149
5263,122
5264,114
5265,106
5266,145
5267,68
5268,122
5269,141
5270,149
5271,141
5272,118
5273,137
5274,110
5275,133
5276,102
5277,78
5278,129
5279,106
5280,118
5281,149
5282,130
5283,68
5284,126
5285,145
5286,126
5287,110
5288,114
5289,145
5290,122
5291,141
5292,78
5293,106
5294,137
5295,122
5296,149
5297,114
5298,137
5299,78
5300,110
5301,133
5302,118
5303,149
5304,130
5305,114
5306,68
5307,126
5308,145
5309,118
5310,149
5311,102
5312,126
5313,141
5314,106
5315,78
5316,141
5317,126
5318,118
5319,110
5320,137
5321,149
5322,68
5323,122
5324,133
5325,149
5326,145
5327,114
5328,130
5329,106
5330,122
5331,102
5332,110
5333,130
5334,145
5335,78
5336,141
5337,149
5338,126
5339,118
5340,114
5341,137
5342,126
5343,145
5344,68
5345,134
5346,102
5347,106
5348,118
5349,122
5350,78
5351,110
5352,134
5353,145
5354,149
5355,130
5356,114
5357,141
5358,122
5359,68
5360,126
5361,149
5362,137
5363,106
5364,110
5365,102
5366,118
5367,138
5368,126
5369,114
5370,149
5371,145
5372,78
5373,134
5374,118
5375,122
5376,141
5377,110
5378,130
5379,149
5380,106
5381,114
5382,68
5383,141
5384,149
5385,122
5386,102
5387,118
5388,126
5389,145
5390,138
5391,122
5392,126
5393,68
5394,110
5395,106
5396,134
5397,145
5398,149
5399,114
5400,102
5401,126
5402,134
5403,118
5404,142
5405,145
5406,78
5407,130
5408,122
5409,110
5410,138
5411,114
5412,149
5413,106
5414,118
5415,145
5416,138
5417,126
5418,68
5419,102
5420,122
5421,142
5422,149
5423,134
5424,114
5425,126
5426,118
5427,106
5428,149
5429,68
5430,118
5431,142
5432,102
5433,130
5434,145
5435,122
5436,138
5437,114
5438,102
5439,149
5440,110
5441,126
5442,118
5443,146
5444,106
5445,122
5446,134
5447,126
5448,142
5449,146
5450,102
5451,68
5452,114
5453,118
5454,130
5455,122
5456,149
5457,110
5458,138
5459,126
5460,146
5461,68
5462,106
5463,130
5464,114
5465,134
5466,118
5467,150
5468,110
5469,142
5470,122
5471,149
5472,102
5473,126
5474,106
5475,134
5476,146
5477,138
5478,118
5479,122
5480,114
5481,102
5482,126
5483,150
5484,110
5485,150
5486,68
5487,130
5488,138
5489,142
5490,106
5491,122
5492,122
5493,118
5494,68
5495,126
5496,146
5497,114
5498,134
5499,142
5500,150
5501,102
5502,110
5503,122
5504,118
5505,126
5506,146
5507,130
5508,138
5509,114
5510,106
5511,150
5512,110
5513,150
5514,142
5515,68
5516,126
5517,130
5518,134
5519,122
5520,118
5521,106
5522,146
5523,114
5524,102
5525,138
5526,134
5527,126
5528,150
5529,122
5530,150
5531,110
5532,118
5533,102
5534,114
5535,142
5536,138
5537,130
5538,126
5539,110
5540,106
5541,146
5542,122
5543,150
5544,118
5545,142
5546,68
5547,134
5548,110
5549,126
5550,114
5551,126
5552,146
5553,102
5554,122
5555,138
5556,146
5557,110
5558,130
5559,118
5560,150
5561,106
5562,126
5563,142
5564,122
5565,114
5566,134
5567,106
5568,118
5569,146
5570,130
5571,150
5572,150
5573,126
5574,114
5575,138
5576,110
5577,102
5578,122
5579,134
5580,142
5581,102
5582,126
5583,110
5584,118
5585,146
5586,122
5587,138
5588,106
5589,150
5590,130
5591,114
5592,118
5593,142
5594,106
5595,126
5596,134
5597,146
5598,118
5599,122
5600,110
5601,146
5602,126
5603,150
5604,102
5605,138
5606,118
5607,114
5608,126
5609,102
5610,130
5611,142
5612,106
5613,122
5614,146
5615,114
5616,126
5617,150
5618,134
5619,150
5620,110
5621,122
5622,118
5623,130
5624,138
5625,110
5626,142
5627,126
5628,118
5629,134
5630,102
5631,146
5632,114
5633,150
5634,106
5635,138
5636,126
5637,122
5638,114
5639,106
5640,142
5641,130
5642,122
5643,146
5644,110
5645,118
5646,146
5647,150
5648,134
5649,126
5650,110
5651,122
5652,138
5653,114
5654,130
5655,102
5656,122
5657,142
5658,106
5659,146
5660,150
5661,118
5662,134
5663,150
5664,126
5665,110
5666,138
5667,118
5668,110
5669,126
5670,138
5671,122
5672,114
5673,142
5674,130
5675,146
5676,150
5677,122
5678,114
5679,134
5680,106
5681,118
5682,126
5683,138
5684,106
5685,142
5686,110
5687,118
5688,126
5689,146
5690,150
5691,146
5692,110
5693,122
5694,130
5695,114
5696,134
5697,126
5698,118
5699,138
5700,126
5701,150
5702,142
5703,118
5704,106
5705,146
5706,150
5707,130
5708,110
5709,122
5710,110
5711,134
5712,122
5713,114
5714,138
5715,114
5716,126
5717,142
5718,142
5719,150
5720,146
5721,118
5722,126
5723,118
5724,130
5725,106
5726,134
5727,122
5728,110
5729,138
5730,110
5731,122
5732,150
5733,142
5734,146
5735,150
5736,114
5737,126
5738,114
5739,126
5740,118
5741,130
5742,122
5743,134
5744,150
5745,138
5746,122
5747,150
5748,142
5749,106
5750,146
5751,126
5752,110
5753,114
5754,126
5755,114
5756,130
5757,118
5758,134
5759,118
5760,138
5761,150
5762,142
5763,122
5764,146
5765,146
5766,122
5767,126
5768,110
5769,126
5770,110
5771,114
5772,130
5773,150
5774,114
5775,134
5776,138
5777,150
5778,118
5779,142
5780,146
5781,118
5782,122
5783,126
5784,126
5785,150
5786,130
5787,134
5788,150
5789,110
5790,138
5791,114
5792,146
5793,138
5794,142
5795,114
5796,118
5797,118
5798,122
5799,122
5800,126
5801,126
5802,150
5803,130
5804,134
5805,146
5806,138
5807,146
5808,142
5809,110
5810,114
5811,114
5812,118
5813,118
5814,150
5815,122
5816,122
5817,126
5818,150
5819,126
5820,130
5821,146
5822,134
5823,142
5824,138
5825,115
5826,114
5827,118
5828,118
5829,150
5830,122
5831,122
5832,126
5833,146
5834,126
5835,130
5836,142
5837,134
5838,142
5839,138
5840,150
5841,150
5842,114
5843,115
5844,118
5845,118
5846,122
5847,146
5848,122
5849,126
5850,142
5851,126
5852,130
5853,138
5854,134
5855,150
5856,150
5857,146
5858,142
5859,138
5860,122
5861,118
5862,122
5863,138
5864,126
5865,119
5866,126
5867,134
5868,130
5869,115
5870,150
5871,146
5872,146
5873,142
5874,138
5875,134
5876,130
5877,126
5878,126
5879,122
5880,122
5881,118
5882,119
5883,150
5884,115
5885,150
5886,146
5887,142
5888,138
5889,134
5890,130
5891,130
5892,126
5893,126
5894,122
5895,119
5896,150
5897,119
5898,115
5899,146
5900,142
5901,142
5902,138
5903,134
5904,150
5905,130
5906,126
5907,126
5908,122
5909,123
5910,150
5911,119
5912,119
5913,146
5914,142
5915,150
5916,138
5917,134
5918,130
5919,126
5920,150
5921,126
5922,123
5923,123
5924,146
5925,119
5926,119
5927,142
5928,142
5929,138
5930,150
5931,134
5932,130
5933,126
5934,146
5935,127
5936,123
5937,146
5938,123
5939,119
5940,142
5941,150
5942,138
5943,134
5944,150
5945,130
5946,127
5947,146
5948,127
5949,123
5950,142
5951,123
5952,119
5953,138
5954,150
5955,134
5956,134
5957,146
5958,131
5959,127
5960,146
5961,127
5962,150
5963,123
5964,142
5965,123
5966,138
5967,150
5968,135
5969,131
5970,146
5971,127
5972,150
5973,127
5974,142
5975,123
5976,138
5977,150
5978,123
5979,135
5980,146
5981,131
5982,131
5983,142
5984,127
5985,150
5986,143
5987,127
5988,123
5989,139
5990,150
5991,135
5992,146
5993,131
5994,150
5995,127
5996,143
5997,127
5998,150
5999,139
6000,123
6001,135
6002,147
6003,131
6004,143
6005,127
6006,150
6007,127
6008,139
6009,127
6010,139
6011,147
6012,135
6013,147
6014,111
6015,131
6016,143
6017,127
6018,111
6019,139
6020,127
6021,135
6022,147
6023,131
6024,143
6025,111
6026,127
6027,139
6028,127
6029,147
6030,135
6031,135
6032,147
6033,111
6034,131
6035,143
6036,111
6037,127
6038,139
6039,111
6040,147
6041,135
6042,143
6043,131
6044,111
6045,127
6046,139
6047,147
6048,135
6049,111
6050,143
6051,131
6052,143
6053,131
6054,147
6055,139
6056,111
6057,147
6058,135
6059,143
6060,111
6061,131
6062,139
6063,147
6064,135
6065,111
6066,143
6067,131
6068,139
6069,147
6070,111
6071,139
6072,147
6073,135
6074,111
6075,143
6076,111
6077,139
6078,147
6079,135
6080,111
6081,143
6082,139
6083,147
6084,111
6085,135
6086,143
6087,147
6088,143
6089,111
6090,139
6091,147
6092,111
6093,143
6094,147
6095,139
6096,111
6097,143
6098,147
6099,139
6100,111
6101,147
6102,111
6103,143
6104,111
6105,147
6106,111
6107,143
6108,147
6109,111
6110,143
6111,147
6112,111
6113,147
6114,111
6115,111
